Vertex 0 distance 0
0 0 
Vertex 1 distance 19
0 482 612 399 403 1 
Vertex 2 distance 32
0 482 612 399 89 2 
Vertex 3 distance 18
0 205 42 428 3 
Vertex 4 distance 19
0 482 612 267 4 
Vertex 5 distance 23
0 482 323 398 427 5 
Vertex 6 distance 24
0 559 620 158 6 
Vertex 7 distance 22
0 482 612 399 7 
Vertex 8 distance 17
0 482 533 85 541 8 
Vertex 9 distance 24
0 482 533 108 96 193 9 
Vertex 10 distance 21
0 205 400 565 312 10 
Vertex 11 distance 29
0 482 612 182 195 11 
Vertex 12 distance 20
0 482 430 456 272 12 
Vertex 13 distance 22
0 482 13 
Vertex 14 distance 29
0 205 400 565 312 437 283 367 14 
Vertex 15 distance 15
0 205 370 15 
Vertex 16 distance 22
0 205 400 62 229 470 113 409 611 16 
Vertex 17 distance 20
0 205 59 17 
Vertex 18 distance 23
0 482 116 18 
Vertex 19 distance 25
0 482 612 182 195 19 
Vertex 20 distance 24
0 205 400 137 20 
Vertex 21 distance 19
0 482 533 108 299 298 21 
Vertex 22 distance 27
0 482 430 234 22 
Vertex 23 distance 26
0 205 400 62 229 46 597 23 
Vertex 24 distance 27
0 482 612 399 403 518 24 
Vertex 25 distance 18
0 482 430 234 162 25 
Vertex 26 distance 23
0 482 430 234 162 349 531 26 
Vertex 27 distance 23
0 205 400 62 229 604 563 27 
Vertex 28 distance 22
0 482 533 85 509 189 103 28 
Vertex 29 distance 22
0 482 612 182 519 125 29 
Vertex 30 distance 28
0 559 620 158 6 30 
Vertex 31 distance 34
0 482 430 372 561 31 
Vertex 32 distance 21
0 482 533 85 541 8 32 
Vertex 33 distance 26
0 205 370 260 319 151 33 
Vertex 34 distance 22
0 482 387 247 79 141 34 
Vertex 35 distance 18
0 205 42 428 35 
Vertex 36 distance 30
0 482 533 85 509 66 36 
Vertex 37 distance 24
0 205 400 62 229 46 597 250 407 37 
Vertex 38 distance 28
0 205 400 62 229 604 563 296 50 552 38 
Vertex 39 distance 21
0 482 430 234 162 25 307 39 
Vertex 40 distance 16
0 205 400 565 40 
Vertex 41 distance 21
0 559 620 41 
Vertex 42 distance 11
0 205 42 
Vertex 43 distance 19
0 205 400 565 40 43 
Vertex 44 distance 22
0 482 533 85 541 8 617 461 44 
Vertex 45 distance 23
0 482 323 398 45 
Vertex 46 distance 16
0 205 400 62 229 46 
Vertex 47 distance 23
0 205 59 545 145 499 47 
Vertex 48 distance 20
0 482 612 399 481 48 
Vertex 49 distance 25
0 205 370 260 380 313 49 
Vertex 50 distance 22
0 205 400 62 229 604 563 296 50 
Vertex 51 distance 23
0 482 533 85 509 51 
Vertex 52 distance 28
0 482 533 108 299 281 230 52 
Vertex 53 distance 24
0 482 533 108 96 390 255 53 
Vertex 54 distance 21
0 205 400 62 229 470 54 
Vertex 55 distance 23
0 482 612 182 519 125 55 
Vertex 56 distance 22
0 205 370 56 
Vertex 57 distance 23
0 205 370 260 184 144 57 
Vertex 58 distance 18
0 205 59 58 
Vertex 59 distance 16
0 205 59 
Vertex 60 distance 23
0 482 533 108 96 390 60 
Vertex 61 distance 20
0 482 430 234 467 486 61 
Vertex 62 distance 12
0 205 400 62 
Vertex 63 distance 23
0 205 400 62 229 470 113 381 220 63 
Vertex 64 distance 34
0 482 430 234 70 575 266 64 
Vertex 65 distance 21
0 482 612 182 529 65 
Vertex 66 distance 22
0 482 533 85 509 66 
Vertex 67 distance 23
0 205 59 58 67 
Vertex 68 distance 22
0 482 430 234 467 548 219 476 68 
Vertex 69 distance 19
0 482 612 69 
Vertex 70 distance 16
0 482 430 234 70 
Vertex 71 distance 20
0 482 430 234 467 548 150 71 
Vertex 72 distance 22
0 412 138 259 72 
Vertex 73 distance 21
0 482 533 85 447 73 
Vertex 74 distance 22
0 482 323 398 74 
Vertex 75 distance 25
0 482 323 398 427 567 75 
Vertex 76 distance 31
0 482 533 85 447 76 
Vertex 77 distance 28
0 482 533 85 541 374 547 102 77 
Vertex 78 distance 20
0 205 400 62 229 470 78 
Vertex 79 distance 17
0 482 387 247 79 
Vertex 80 distance 21
0 482 430 372 80 
Vertex 81 distance 23
0 482 430 234 70 122 81 
Vertex 82 distance 21
0 482 430 234 70 82 
Vertex 83 distance 21
0 482 612 69 83 
Vertex 84 distance 24
0 205 400 62 229 604 209 452 84 
Vertex 85 distance 13
0 482 533 85 
Vertex 86 distance 22
0 205 400 62 229 470 113 381 231 86 
Vertex 87 distance 17
0 482 430 456 87 
Vertex 88 distance 21
0 412 138 131 88 
Vertex 89 distance 18
0 482 612 399 89 
Vertex 90 distance 23
0 482 430 234 235 385 90 
Vertex 91 distance 27
0 482 430 234 70 575 357 91 
Vertex 92 distance 24
0 205 400 62 539 92 
Vertex 93 distance 24
0 482 430 372 305 93 
Vertex 94 distance 28
0 205 400 62 539 491 94 
Vertex 95 distance 22
0 482 430 234 467 548 150 71 95 
Vertex 96 distance 17
0 482 533 108 96 
Vertex 97 distance 22
0 482 612 267 117 97 
Vertex 98 distance 21
0 482 430 234 467 486 105 98 
Vertex 99 distance 25
0 205 370 197 99 
Vertex 100 distance 25
0 205 400 62 229 268 276 100 
Vertex 101 distance 25
0 205 42 165 295 588 254 101 
Vertex 102 distance 25
0 482 533 85 541 374 547 102 
Vertex 103 distance 18
0 482 533 85 509 189 103 
Vertex 104 distance 26
0 205 400 62 229 46 597 354 394 206 104 
Vertex 105 distance 19
0 482 430 234 467 486 105 
Vertex 106 distance 18
0 482 533 108 106 
Vertex 107 distance 18
0 482 430 234 162 107 
Vertex 108 distance 14
0 482 533 108 
Vertex 109 distance 20
0 205 400 565 40 43 109 
Vertex 110 distance 28
0 205 370 260 319 110 
Vertex 111 distance 23
0 205 370 260 184 111 
Vertex 112 distance 23
0 412 138 259 578 112 
Vertex 113 distance 15
0 205 400 62 229 470 113 
Vertex 114 distance 31
0 482 387 526 246 114 
Vertex 115 distance 22
0 482 387 247 79 115 
Vertex 116 distance 12
0 482 116 
Vertex 117 distance 19
0 482 612 267 117 
Vertex 118 distance 27
0 412 138 131 88 118 
Vertex 119 distance 23
0 205 271 119 
Vertex 120 distance 21
0 482 419 284 120 
Vertex 121 distance 25
0 205 59 545 121 
Vertex 122 distance 22
0 482 430 234 70 122 
Vertex 123 distance 23
0 482 533 85 541 374 242 123 
Vertex 124 distance 26
0 412 138 259 124 
Vertex 125 distance 20
0 482 612 182 519 125 
Vertex 126 distance 23
0 412 138 259 578 126 
Vertex 127 distance 19
0 205 400 62 496 127 
Vertex 128 distance 23
0 482 533 85 541 8 617 605 128 
Vertex 129 distance 24
0 482 430 234 162 129 
Vertex 130 distance 26
0 482 430 234 467 548 130 
Vertex 131 distance 19
0 412 138 131 
Vertex 132 distance 25
0 205 42 428 35 317 132 
Vertex 133 distance 26
0 205 42 428 35 133 
Vertex 134 distance 29
0 205 370 260 380 488 504 134 
Vertex 135 distance 23
0 482 533 108 96 390 255 135 
Vertex 136 distance 18
0 482 533 108 299 136 
Vertex 137 distance 17
0 205 400 137 
Vertex 138 distance 18
0 412 138 
Vertex 139 distance 23
0 482 430 234 467 548 219 139 
Vertex 140 distance 26
0 482 323 398 74 140 
Vertex 141 distance 20
0 482 387 247 79 141 
Vertex 142 distance 25
0 482 533 85 541 8 617 461 142 
Vertex 143 distance 21
0 482 533 85 541 374 520 143 
Vertex 144 distance 22
0 205 370 260 184 144 
Vertex 145 distance 18
0 205 59 545 145 
Vertex 146 distance 24
0 482 533 108 299 546 146 
Vertex 147 distance 19
0 205 400 62 229 604 563 147 
Vertex 148 distance 25
0 205 59 545 169 457 148 
Vertex 149 distance 18
0 205 400 62 229 470 149 
Vertex 150 distance 17
0 482 430 234 467 548 150 
Vertex 151 distance 20
0 205 370 260 319 151 
Vertex 152 distance 27
0 482 612 267 4 152 
Vertex 153 distance 22
0 610 277 153 
Vertex 154 distance 12
0 482 387 154 
Vertex 155 distance 36
0 482 430 234 467 548 219 443 155 
Vertex 156 distance 21
0 482 430 234 467 486 442 156 
Vertex 157 distance 18
0 482 533 85 157 
Vertex 158 distance 21
0 559 620 158 
Vertex 159 distance 19
0 482 430 234 159 
Vertex 160 distance 28
0 482 387 247 79 141 34 160 
Vertex 161 distance 23
0 482 323 398 427 161 
Vertex 162 distance 16
0 482 430 234 162 
Vertex 163 distance 19
0 205 59 58 163 
Vertex 164 distance 23
0 482 430 234 162 349 164 
Vertex 165 distance 14
0 205 42 165 
Vertex 166 distance 21
0 482 533 85 447 166 
Vertex 167 distance 20
0 482 533 85 509 167 
Vertex 168 distance 28
0 205 400 62 229 470 113 409 434 289 168 
Vertex 169 distance 18
0 205 59 545 169 
Vertex 170 distance 18
0 482 116 170 
Vertex 171 distance 25
0 205 42 165 225 171 
Vertex 172 distance 23
0 205 370 15 172 
Vertex 173 distance 22
0 205 400 62 229 470 78 173 
Vertex 174 distance 27
0 482 430 234 162 25 307 39 573 511 174 
Vertex 175 distance 21
0 205 59 58 163 391 175 
Vertex 176 distance 27
0 482 533 85 541 8 617 605 233 176 
Vertex 177 distance 24
0 482 533 108 106 177 
Vertex 178 distance 29
0 205 271 119 178 
Vertex 179 distance 28
0 482 430 179 
Vertex 180 distance 22
0 205 370 260 319 180 
Vertex 181 distance 20
0 205 400 62 229 604 563 296 181 
Vertex 182 distance 18
0 482 612 182 
Vertex 183 distance 25
0 482 612 399 403 1 183 
Vertex 184 distance 18
0 205 370 260 184 
Vertex 185 distance 24
0 482 430 234 162 25 307 39 573 185 
Vertex 186 distance 26
0 205 59 527 186 
Vertex 187 distance 26
0 205 400 62 229 544 187 
Vertex 188 distance 19
0 482 430 234 162 107 188 
Vertex 189 distance 17
0 482 533 85 509 189 
Vertex 190 distance 22
0 482 612 182 190 
Vertex 191 distance 25
0 482 533 108 483 320 191 
Vertex 192 distance 20
0 610 192 
Vertex 193 distance 18
0 482 533 108 96 193 
Vertex 194 distance 25
0 205 42 262 416 194 
Vertex 195 distance 23
0 482 612 182 195 
Vertex 196 distance 28
0 482 430 234 70 301 196 
Vertex 197 distance 20
0 205 370 197 
Vertex 198 distance 25
0 480 198 
Vertex 199 distance 24
0 482 116 170 199 
Vertex 200 distance 25
0 205 400 62 229 46 597 354 394 200 
Vertex 201 distance 24
0 482 533 85 509 325 503 201 
Vertex 202 distance 22
0 482 533 85 541 374 547 202 
Vertex 203 distance 18
0 482 533 85 509 203 
Vertex 204 distance 25
0 205 400 565 312 10 204 
Vertex 205 distance 10
0 205 
Vertex 206 distance 21
0 205 400 62 229 46 597 354 394 206 
Vertex 207 distance 18
0 482 612 267 207 
Vertex 208 distance 21
0 482 387 327 424 208 
Vertex 209 distance 19
0 205 400 62 229 604 209 
Vertex 210 distance 25
0 205 400 62 229 604 563 296 577 210 
Vertex 211 distance 23
0 205 370 260 319 214 389 211 
Vertex 212 distance 28
0 412 138 131 88 118 212 
Vertex 213 distance 25
0 205 59 58 67 213 
Vertex 214 distance 21
0 205 370 260 319 214 
Vertex 215 distance 24
0 482 533 108 96 390 255 135 215 
Vertex 216 distance 20
0 482 387 247 236 216 
Vertex 217 distance 23
0 482 430 234 162 107 188 287 217 
Vertex 218 distance 24
0 412 138 131 88 218 
Vertex 219 distance 18
0 482 430 234 467 548 219 
Vertex 220 distance 19
0 205 400 62 229 470 113 381 220 
Vertex 221 distance 23
0 205 400 62 229 604 563 147 221 
Vertex 222 distance 22
0 205 400 62 229 46 597 354 394 222 
Vertex 223 distance 23
0 482 533 85 509 189 549 302 223 
Vertex 224 distance 16
0 482 323 224 
Vertex 225 distance 16
0 205 42 165 225 
Vertex 226 distance 22
0 482 387 327 424 226 
Vertex 227 distance 19
0 482 116 227 
Vertex 228 distance 23
0 205 370 260 184 228 
Vertex 229 distance 13
0 205 400 62 229 
Vertex 230 distance 20
0 482 533 108 299 281 230 
Vertex 231 distance 20
0 205 400 62 229 470 113 381 231 
Vertex 232 distance 29
0 205 400 232 
Vertex 233 distance 24
0 482 533 85 541 8 617 605 233 
Vertex 234 distance 14
0 482 430 234 
Vertex 235 distance 17
0 482 430 234 235 
Vertex 236 distance 19
0 482 387 247 236 
Vertex 237 distance 17
0 482 323 237 
Vertex 238 distance 27
0 205 400 565 312 437 283 367 238 
Vertex 239 distance 23
0 205 42 165 225 280 239 
Vertex 240 distance 25
0 205 400 62 229 604 563 240 
Vertex 241 distance 21
0 205 59 527 241 
Vertex 242 distance 21
0 482 533 85 541 374 242 
Vertex 243 distance 23
0 205 42 165 295 588 243 
Vertex 244 distance 21
0 205 400 62 229 470 113 381 220 244 
Vertex 245 distance 25
0 482 612 267 4 614 479 245 
Vertex 246 distance 23
0 482 387 526 246 
Vertex 247 distance 15
0 482 387 247 
Vertex 248 distance 25
0 205 400 62 375 571 248 
Vertex 249 distance 34
0 205 400 62 496 249 
Vertex 250 distance 20
0 205 400 62 229 46 597 250 
Vertex 251 distance 26
0 205 59 545 169 457 251 
Vertex 252 distance 25
0 412 138 259 578 126 352 252 
Vertex 253 distance 22
0 559 620 253 
Vertex 254 distance 23
0 205 42 165 295 588 254 
Vertex 255 distance 22
0 482 533 108 96 390 255 
Vertex 256 distance 25
0 205 370 260 319 214 389 211 256 
Vertex 257 distance 25
0 205 42 428 35 410 257 
Vertex 258 distance 27
0 205 400 62 229 604 433 258 
Vertex 259 distance 19
0 412 138 259 
Vertex 260 distance 17
0 205 370 260 
Vertex 261 distance 28
0 482 323 237 269 261 
Vertex 262 distance 21
0 205 42 262 
Vertex 263 distance 29
0 482 533 85 509 189 414 535 263 
Vertex 264 distance 23
0 482 533 108 299 281 618 345 264 
Vertex 265 distance 27
0 205 400 62 229 604 563 147 221 265 
Vertex 266 distance 23
0 482 430 234 70 575 266 
Vertex 267 distance 15
0 482 612 267 
Vertex 268 distance 15
0 205 400 62 229 268 
Vertex 269 distance 25
0 482 323 237 269 
Vertex 270 distance 23
0 482 612 399 481 48 270 
Vertex 271 distance 17
0 205 271 
Vertex 272 distance 16
0 482 430 456 272 
Vertex 273 distance 25
0 482 533 85 541 374 547 202 555 273 
Vertex 274 distance 23
0 482 533 85 541 374 274 
Vertex 275 distance 27
0 482 13 275 
Vertex 276 distance 20
0 205 400 62 229 268 276 
Vertex 277 distance 18
0 610 277 
Vertex 278 distance 26
0 482 533 85 447 278 
Vertex 279 distance 21
0 205 59 58 279 
Vertex 280 distance 20
0 205 42 165 225 280 
Vertex 281 distance 19
0 482 533 108 299 281 
Vertex 282 distance 30
0 482 533 108 299 281 230 52 282 
Vertex 283 distance 25
0 205 400 565 312 437 283 
Vertex 284 distance 18
0 482 419 284 
Vertex 285 distance 24
0 482 387 247 285 
Vertex 286 distance 25
0 205 400 565 312 437 286 
Vertex 287 distance 22
0 482 430 234 162 107 188 287 
Vertex 288 distance 24
0 482 612 399 403 288 
Vertex 289 distance 25
0 205 400 62 229 470 113 409 434 289 
Vertex 290 distance 27
0 482 533 85 509 189 103 290 
Vertex 291 distance 20
0 205 400 62 229 268 291 
Vertex 292 distance 21
0 205 59 545 145 292 
Vertex 293 distance 25
0 482 430 234 162 107 188 287 293 
Vertex 294 distance 25
0 482 430 456 272 294 
Vertex 295 distance 18
0 205 42 165 295 
Vertex 296 distance 19
0 205 400 62 229 604 563 296 
Vertex 297 distance 29
0 482 430 234 467 486 105 98 297 
Vertex 298 distance 17
0 482 533 108 299 298 
Vertex 299 distance 16
0 482 533 108 299 
Vertex 300 distance 28
0 482 430 234 70 122 81 300 
Vertex 301 distance 17
0 482 430 234 70 301 
Vertex 302 distance 20
0 482 533 85 509 189 549 302 
Vertex 303 distance 25
0 482 533 85 509 189 549 302 303 
Vertex 304 distance 23
0 205 370 260 380 395 304 
Vertex 305 distance 22
0 482 430 372 305 
Vertex 306 distance 21
0 482 533 108 483 306 
Vertex 307 distance 19
0 482 430 234 162 25 307 
Vertex 308 distance 22
0 482 116 308 
Vertex 309 distance 28
0 482 323 224 431 309 
Vertex 310 distance 23
0 482 430 234 467 548 219 476 68 310 
Vertex 311 distance 22
0 205 370 260 319 151 311 
Vertex 312 distance 20
0 205 400 565 312 
Vertex 313 distance 24
0 205 370 260 380 313 
Vertex 314 distance 34
0 482 533 85 541 8 617 461 142 314 
Vertex 315 distance 28
0 482 430 234 467 548 150 71 315 
Vertex 316 distance 24
0 482 387 247 79 115 316 
Vertex 317 distance 24
0 205 42 428 35 317 
Vertex 318 distance 27
0 482 533 85 541 374 547 202 318 
Vertex 319 distance 18
0 205 370 260 319 
Vertex 320 distance 20
0 482 533 108 483 320 
Vertex 321 distance 24
0 482 116 18 321 
Vertex 322 distance 21
0 322 
Vertex 323 distance 15
0 482 323 
Vertex 324 distance 22
0 205 42 428 35 595 324 
Vertex 325 distance 20
0 482 533 85 509 325 
Vertex 326 distance 24
0 482 430 234 467 522 326 
Vertex 327 distance 18
0 482 387 327 
Vertex 328 distance 19
0 482 116 170 328 
Vertex 329 distance 25
0 205 370 260 184 111 329 
Vertex 330 distance 27
0 482 533 85 541 374 547 202 555 330 
Vertex 331 distance 20
0 482 430 234 162 349 331 
Vertex 332 distance 20
0 482 387 154 332 
Vertex 333 distance 19
0 205 400 62 496 333 
Vertex 334 distance 25
0 205 400 62 229 46 597 250 334 
Vertex 335 distance 29
0 559 620 158 335 
Vertex 336 distance 24
0 205 42 336 
Vertex 337 distance 27
0 482 430 456 272 294 337 
Vertex 338 distance 28
0 205 400 62 229 604 563 296 338 
Vertex 339 distance 22
0 482 430 234 467 339 
Vertex 340 distance 23
0 482 430 234 70 82 340 
Vertex 341 distance 18
0 482 430 341 
Vertex 342 distance 23
0 482 533 85 157 342 
Vertex 343 distance 25
0 482 13 468 343 
Vertex 344 distance 22
0 205 400 62 375 344 
Vertex 345 distance 22
0 482 533 108 299 281 618 345 
Vertex 346 distance 21
0 205 400 62 229 470 113 381 404 346 
Vertex 347 distance 25
0 482 387 247 79 115 347 
Vertex 348 distance 27
0 482 533 108 483 348 
Vertex 349 distance 19
0 482 430 234 162 349 
Vertex 350 distance 27
0 205 59 527 350 
Vertex 351 distance 27
0 482 612 69 351 
Vertex 352 distance 24
0 412 138 259 578 126 352 
Vertex 353 distance 27
0 205 370 260 380 313 49 353 
Vertex 354 distance 19
0 205 400 62 229 46 597 354 
Vertex 355 distance 24
0 559 620 158 355 
Vertex 356 distance 33
0 205 400 356 
Vertex 357 distance 24
0 482 430 234 70 575 357 
Vertex 358 distance 25
0 482 430 234 467 522 358 
Vertex 359 distance 25
0 482 612 267 392 359 
Vertex 360 distance 23
0 205 42 262 360 
Vertex 361 distance 23
0 205 400 62 229 470 78 173 361 
Vertex 362 distance 28
0 482 430 234 467 484 429 362 
Vertex 363 distance 22
0 482 533 85 509 167 492 363 
Vertex 364 distance 25
0 205 400 62 229 268 291 364 
Vertex 365 distance 24
0 205 59 527 365 
Vertex 366 distance 18
0 205 271 366 
Vertex 367 distance 26
0 205 400 565 312 437 283 367 
Vertex 368 distance 21
0 482 533 85 509 368 
Vertex 369 distance 20
0 482 612 399 89 369 
Vertex 370 distance 13
0 205 370 
Vertex 371 distance 26
0 205 370 15 172 371 
Vertex 372 distance 20
0 482 430 372 
Vertex 373 distance 23
0 482 612 399 89 627 373 
Vertex 374 distance 18
0 482 533 85 541 374 
Vertex 375 distance 21
0 205 400 62 375 
Vertex 376 distance 24
0 205 42 428 376 
Vertex 377 distance 25
0 482 13 468 377 
Vertex 378 distance 27
0 205 42 165 295 378 
Vertex 379 distance 24
0 205 400 62 229 470 113 381 231 422 379 
Vertex 380 distance 20
0 205 370 260 380 
Vertex 381 distance 17
0 205 400 62 229 470 113 381 
Vertex 382 distance 24
0 482 612 399 89 627 373 382 
Vertex 383 distance 25
0 482 533 108 96 193 9 383 
Vertex 384 distance 22
0 482 430 234 467 486 580 384 
Vertex 385 distance 19
0 482 430 234 235 385 
Vertex 386 distance 20
0 482 533 108 96 193 485 386 
Vertex 387 distance 11
0 482 387 
Vertex 388 distance 22
0 205 400 62 496 388 
Vertex 389 distance 22
0 205 370 260 319 214 389 
Vertex 390 distance 20
0 482 533 108 96 390 
Vertex 391 distance 20
0 205 59 58 163 391 
Vertex 392 distance 20
0 482 612 267 392 
Vertex 393 distance 29
0 482 430 234 467 548 219 476 68 393 
Vertex 394 distance 20
0 205 400 62 229 46 597 354 394 
Vertex 395 distance 21
0 205 370 260 380 395 
Vertex 396 distance 24
0 610 396 
Vertex 397 distance 27
0 482 430 456 87 397 
Vertex 398 distance 19
0 482 323 398 
Vertex 399 distance 17
0 482 612 399 
Vertex 400 distance 11
0 205 400 
Vertex 401 distance 22
0 482 612 182 519 125 401 
Vertex 402 distance 24
0 482 430 372 475 402 
Vertex 403 distance 18
0 482 612 399 403 
Vertex 404 distance 18
0 205 400 62 229 470 113 381 404 
Vertex 405 distance 24
0 482 430 372 80 405 
Vertex 406 distance 22
0 205 400 62 229 46 597 354 406 
Vertex 407 distance 23
0 205 400 62 229 46 597 250 407 
Vertex 408 distance 21
0 412 408 
Vertex 409 distance 17
0 205 400 62 229 470 113 409 
Vertex 410 distance 19
0 205 42 428 35 410 
Vertex 411 distance 23
0 205 59 411 
Vertex 412 distance 14
0 412 
Vertex 413 distance 22
0 482 430 413 
Vertex 414 distance 19
0 482 533 85 509 189 414 
Vertex 415 distance 27
0 205 370 260 319 151 600 415 
Vertex 416 distance 22
0 205 42 262 416 
Vertex 417 distance 21
0 205 59 58 163 391 417 
Vertex 418 distance 24
0 205 400 62 229 470 113 409 611 418 
Vertex 419 distance 17
0 482 419 
Vertex 420 distance 22
0 205 370 260 184 420 
Vertex 421 distance 22
0 205 400 62 229 470 113 409 421 
Vertex 422 distance 22
0 205 400 62 229 470 113 381 231 422 
Vertex 423 distance 18
0 482 533 108 299 546 423 
Vertex 424 distance 19
0 482 387 327 424 
Vertex 425 distance 20
0 482 116 227 425 
Vertex 426 distance 23
0 482 116 170 426 
Vertex 427 distance 21
0 482 323 398 427 
Vertex 428 distance 16
0 205 42 428 
Vertex 429 distance 23
0 482 430 234 467 484 429 
Vertex 430 distance 13
0 482 430 
Vertex 431 distance 17
0 482 323 224 431 
Vertex 432 distance 24
0 205 370 432 
Vertex 433 distance 20
0 205 400 62 229 604 433 
Vertex 434 distance 23
0 205 400 62 229 470 113 409 434 
Vertex 435 distance 29
0 482 533 85 541 374 547 202 555 435 
Vertex 436 distance 22
0 482 612 267 207 436 
Vertex 437 distance 21
0 205 400 565 312 437 
Vertex 438 distance 21
0 482 430 234 162 107 188 438 
Vertex 439 distance 24
0 610 439 
Vertex 440 distance 24
0 482 430 234 162 25 307 440 
Vertex 441 distance 23
0 559 620 253 441 
Vertex 442 distance 19
0 482 430 234 467 486 442 
Vertex 443 distance 21
0 482 430 234 467 548 219 443 
Vertex 444 distance 22
0 482 430 234 70 82 444 
Vertex 445 distance 21
0 205 400 62 229 604 445 
Vertex 446 distance 23
0 482 430 234 467 486 580 384 446 
Vertex 447 distance 15
0 482 533 85 447 
Vertex 448 distance 19
0 205 400 565 40 448 
Vertex 449 distance 26
0 205 59 545 145 292 449 
Vertex 450 distance 26
0 412 450 
Vertex 451 distance 22
0 482 533 451 
Vertex 452 distance 20
0 205 400 62 229 604 209 452 
Vertex 453 distance 23
0 482 533 85 447 166 507 453 
Vertex 454 distance 27
0 482 430 234 70 575 613 513 454 
Vertex 455 distance 30
0 482 533 85 509 325 455 
Vertex 456 distance 15
0 482 430 456 
Vertex 457 distance 23
0 205 59 545 169 457 
Vertex 458 distance 24
0 482 430 456 458 
Vertex 459 distance 24
0 482 116 18 459 
Vertex 460 distance 32
0 205 42 165 225 460 
Vertex 461 distance 21
0 482 533 85 541 8 617 461 
Vertex 462 distance 22
0 482 116 227 425 462 
Vertex 463 distance 25
0 205 400 62 229 604 463 
Vertex 464 distance 23
0 205 42 165 225 280 464 
Vertex 465 distance 20
0 482 533 108 299 298 465 
Vertex 466 distance 25
0 205 59 545 497 466 
Vertex 467 distance 15
0 482 430 234 467 
Vertex 468 distance 23
0 482 13 468 
Vertex 469 distance 25
0 205 42 165 469 
Vertex 470 distance 14
0 205 400 62 229 470 
Vertex 471 distance 22
0 482 387 327 471 
Vertex 472 distance 20
0 205 400 62 229 470 149 472 
Vertex 473 distance 27
0 482 533 85 509 189 414 473 
Vertex 474 distance 22
0 482 323 398 427 474 
Vertex 475 distance 23
0 482 430 372 475 
Vertex 476 distance 21
0 482 430 234 467 548 219 476 
Vertex 477 distance 22
0 482 387 154 332 477 
Vertex 478 distance 27
0 482 533 85 157 342 515 478 
Vertex 479 distance 24
0 482 612 267 4 614 479 
Vertex 480 distance 22
0 480 
Vertex 481 distance 18
0 482 612 399 481 
Vertex 482 distance 5
0 482 
Vertex 483 distance 18
0 482 533 108 483 
Vertex 484 distance 21
0 482 430 234 467 484 
Vertex 485 distance 19
0 482 533 108 96 193 485 
Vertex 486 distance 18
0 482 430 234 467 486 
Vertex 487 distance 17
0 205 59 487 
Vertex 488 distance 21
0 205 370 260 380 488 
Vertex 489 distance 27
0 482 612 182 519 125 29 489 
Vertex 490 distance 26
0 482 533 108 96 390 490 
Vertex 491 distance 24
0 205 400 62 539 491 
Vertex 492 distance 21
0 482 533 85 509 167 492 
Vertex 493 distance 21
0 482 387 247 236 216 493 
Vertex 494 distance 19
0 205 400 137 494 
Vertex 495 distance 22
0 205 400 62 229 470 113 381 220 244 495 
Vertex 496 distance 18
0 205 400 62 496 
Vertex 497 distance 20
0 205 59 545 497 
Vertex 498 distance 27
0 482 612 69 498 
Vertex 499 distance 21
0 205 59 545 145 499 
Vertex 500 distance 20
0 482 612 182 500 
Vertex 501 distance 29
0 482 533 85 509 203 501 
Vertex 502 distance 29
0 502 
Vertex 503 distance 21
0 482 533 85 509 325 503 
Vertex 504 distance 24
0 205 370 260 380 488 504 
Vertex 505 distance 23
0 205 400 62 496 505 
Vertex 506 distance 22
0 482 612 69 83 506 
Vertex 507 distance 22
0 482 533 85 447 166 507 
Vertex 508 distance 24
0 482 387 154 332 477 508 
Vertex 509 distance 16
0 482 533 85 509 
Vertex 510 distance 24
0 482 419 284 120 624 510 
Vertex 511 distance 26
0 482 430 234 162 25 307 39 573 511 
Vertex 512 distance 21
0 482 533 85 541 512 
Vertex 513 distance 22
0 482 430 234 70 575 613 513 
Vertex 514 distance 26
0 482 387 327 471 514 
Vertex 515 distance 24
0 482 533 85 157 342 515 
Vertex 516 distance 22
0 205 400 62 496 516 
Vertex 517 distance 24
0 205 400 62 229 544 517 
Vertex 518 distance 24
0 482 612 399 403 518 
Vertex 519 distance 19
0 482 612 182 519 
Vertex 520 distance 20
0 482 533 85 541 374 520 
Vertex 521 distance 26
0 205 400 62 229 470 113 409 611 418 521 
Vertex 522 distance 23
0 482 430 234 467 522 
Vertex 523 distance 29
0 482 533 85 541 374 547 202 555 330 523 
Vertex 524 distance 26
0 482 116 560 524 
Vertex 525 distance 19
0 482 533 85 509 189 525 
Vertex 526 distance 22
0 482 387 526 
Vertex 527 distance 17
0 205 59 527 
Vertex 528 distance 21
0 482 612 182 500 528 
Vertex 529 distance 20
0 482 612 182 529 
Vertex 530 distance 23
0 205 400 62 229 470 78 173 530 
Vertex 531 distance 22
0 482 430 234 162 349 531 
Vertex 532 distance 24
0 205 42 165 295 588 243 532 
Vertex 533 distance 12
0 482 533 
Vertex 534 distance 24
0 412 138 131 534 
Vertex 535 distance 21
0 482 533 85 509 189 414 535 
Vertex 536 distance 22
0 482 533 85 447 536 
Vertex 537 distance 23
0 482 387 247 79 537 
Vertex 538 distance 25
0 205 59 527 241 538 
Vertex 539 distance 18
0 205 400 62 539 
Vertex 540 distance 23
0 205 59 527 540 
Vertex 541 distance 15
0 482 533 85 541 
Vertex 542 distance 24
0 482 430 456 272 12 601 542 
Vertex 543 distance 27
0 482 387 154 543 
Vertex 544 distance 20
0 205 400 62 229 544 
Vertex 545 distance 17
0 205 59 545 
Vertex 546 distance 17
0 482 533 108 299 546 
Vertex 547 distance 21
0 482 533 85 541 374 547 
Vertex 548 distance 16
0 482 430 234 467 548 
Vertex 549 distance 18
0 482 533 85 509 189 549 
Vertex 550 distance 24
0 482 323 398 427 5 550 
Vertex 551 distance 22
0 205 400 62 229 470 113 409 611 558 551 
Vertex 552 distance 23
0 205 400 62 229 604 563 296 50 552 
Vertex 553 distance 25
0 559 620 158 553 
Vertex 554 distance 23
0 482 533 85 509 368 554 
Vertex 555 distance 23
0 482 533 85 541 374 547 202 555 
Vertex 556 distance 24
0 205 400 62 496 516 556 
Vertex 557 distance 22
0 482 323 398 427 557 
Vertex 558 distance 19
0 205 400 62 229 470 113 409 611 558 
Vertex 559 distance 18
0 559 
Vertex 560 distance 23
0 482 116 560 
Vertex 561 distance 26
0 482 430 372 561 
Vertex 562 distance 23
0 205 400 62 229 470 113 409 562 
Vertex 563 distance 16
0 205 400 62 229 604 563 
Vertex 564 distance 25
0 205 370 260 184 111 564 
Vertex 565 distance 15
0 205 400 565 
Vertex 566 distance 26
0 482 430 234 467 548 150 71 566 
Vertex 567 distance 24
0 482 323 398 427 567 
Vertex 568 distance 22
0 482 533 108 106 568 
Vertex 569 distance 20
0 482 430 234 70 575 569 
Vertex 570 distance 19
0 482 533 85 541 374 570 
Vertex 571 distance 24
0 205 400 62 375 571 
Vertex 572 distance 24
0 482 116 170 572 
Vertex 573 distance 23
0 482 430 234 162 25 307 39 573 
Vertex 574 distance 22
0 482 430 234 70 301 574 
Vertex 575 distance 19
0 482 430 234 70 575 
Vertex 576 distance 29
0 205 400 62 229 470 113 381 231 422 576 
Vertex 577 distance 21
0 205 400 62 229 604 563 296 577 
Vertex 578 distance 20
0 412 138 259 578 
Vertex 579 distance 24
0 482 387 247 236 579 
Vertex 580 distance 21
0 482 430 234 467 486 580 
Vertex 581 distance 28
0 205 59 527 540 634 581 
Vertex 582 distance 30
0 482 430 234 162 582 
Vertex 583 distance 21
0 482 430 234 467 486 583 
Vertex 584 distance 29
0 482 533 85 541 374 547 202 555 584 
Vertex 585 distance 21
0 482 612 399 403 1 585 
Vertex 586 distance 28
0 482 430 234 162 25 307 639 586 
Vertex 587 distance 22
0 482 323 237 587 
Vertex 588 distance 22
0 205 42 165 295 588 
Vertex 589 distance 25
0 482 430 234 162 25 307 39 589 
Vertex 590 distance 20
0 205 59 545 145 590 
Vertex 591 distance 23
0 482 533 85 541 374 547 202 591 
Vertex 592 distance 22
0 205 42 428 35 410 592 
Vertex 593 distance 26
0 205 59 527 241 593 
Vertex 594 distance 15
0 205 42 165 594 
Vertex 595 distance 19
0 205 42 428 35 595 
Vertex 596 distance 24
0 482 533 85 447 166 596 
Vertex 597 distance 17
0 205 400 62 229 46 597 
Vertex 598 distance 24
0 482 533 85 541 374 242 123 598 
Vertex 599 distance 24
0 205 59 487 599 
Vertex 600 distance 26
0 205 370 260 319 151 600 
Vertex 601 distance 21
0 482 430 456 272 12 601 
Vertex 602 distance 23
0 205 59 545 145 590 615 602 
Vertex 603 distance 26
0 482 387 154 332 477 508 603 
Vertex 604 distance 15
0 205 400 62 229 604 
Vertex 605 distance 22
0 482 533 85 541 8 617 605 
Vertex 606 distance 26
0 482 430 234 70 82 444 606 
Vertex 607 distance 18
0 205 42 428 607 
Vertex 608 distance 27
0 482 533 85 509 51 608 
Vertex 609 distance 23
0 482 533 85 541 609 
Vertex 610 distance 14
0 610 
Vertex 611 distance 18
0 205 400 62 229 470 113 409 611 
Vertex 612 distance 12
0 482 612 
Vertex 613 distance 21
0 482 430 234 70 575 613 
Vertex 614 distance 23
0 482 612 267 4 614 
Vertex 615 distance 21
0 205 59 545 145 590 615 
Vertex 616 distance 23
0 482 419 284 120 624 616 
Vertex 617 distance 19
0 482 533 85 541 8 617 
Vertex 618 distance 20
0 482 533 108 299 281 618 
Vertex 619 distance 22
0 482 387 247 236 619 
Vertex 620 distance 20
0 559 620 
Vertex 621 distance 26
0 482 430 234 467 621 
Vertex 622 distance 28
0 482 533 108 299 298 622 
Vertex 623 distance 21
0 482 533 85 509 167 623 
Vertex 624 distance 22
0 482 419 284 120 624 
Vertex 625 distance 23
0 482 612 182 529 65 625 
Vertex 626 distance 26
0 205 400 62 375 626 
Vertex 627 distance 19
0 482 612 399 89 627 
Vertex 628 distance 27
0 482 612 267 4 614 479 628 
Vertex 629 distance 22
0 482 430 456 629 
Vertex 630 distance 25
0 482 533 85 157 630 
Vertex 631 distance 22
0 205 370 197 631 
Vertex 632 distance 25
0 482 612 399 89 627 632 
Vertex 633 distance 27
0 205 400 62 229 470 149 472 633 
Vertex 634 distance 26
0 205 59 527 540 634 
Vertex 635 distance 25
0 205 370 260 319 180 635 
Vertex 636 distance 21
0 482 612 267 207 636 
Vertex 637 distance 28
0 482 430 341 637 
Vertex 638 distance 21
0 482 612 267 392 638 
Vertex 639 distance 21
0 482 430 234 162 25 307 639 
