Vertex 0 distance 0
0 0 
Vertex 1 distance 31
0 359 522 514 362 31 1 
Vertex 2 distance 22
0 612 3 435 297 42 2 
Vertex 3 distance 13
0 612 3 
Vertex 4 distance 34
0 359 522 514 362 31 281 431 4 
Vertex 5 distance 38
0 612 3 435 559 368 276 5 
Vertex 6 distance 26
0 612 243 6 
Vertex 7 distance 27
0 294 311 7 
Vertex 8 distance 39
0 612 3 435 515 516 142 618 76 8 
Vertex 9 distance 37
0 359 522 514 306 9 
Vertex 10 distance 26
0 359 522 514 198 315 97 414 10 
Vertex 11 distance 25
0 359 129 374 11 
Vertex 12 distance 34
0 359 522 514 306 439 12 
Vertex 13 distance 38
0 359 469 19 581 13 
Vertex 14 distance 35
0 359 522 617 14 
Vertex 15 distance 20
0 359 384 222 15 
Vertex 16 distance 37
0 359 469 437 78 637 547 611 16 
Vertex 17 distance 29
0 359 384 17 
Vertex 18 distance 20
0 359 522 18 
Vertex 19 distance 24
0 359 469 19 
Vertex 20 distance 30
0 359 522 514 198 530 20 
Vertex 21 distance 36
0 359 522 514 198 315 189 426 241 21 
Vertex 22 distance 21
0 359 129 456 420 22 
Vertex 23 distance 29
0 294 86 424 594 23 
Vertex 24 distance 40
0 359 522 514 198 530 20 24 
Vertex 25 distance 19
0 359 522 514 198 315 518 25 
Vertex 26 distance 41
0 612 3 435 559 587 26 
Vertex 27 distance 35
0 359 522 514 362 31 266 105 270 27 
Vertex 28 distance 39
0 359 129 109 156 476 58 28 
Vertex 29 distance 33
0 359 129 109 256 561 106 29 
Vertex 30 distance 33
0 359 522 514 362 79 528 160 598 30 
Vertex 31 distance 15
0 359 522 514 362 31 
Vertex 32 distance 47
0 359 469 437 32 
Vertex 33 distance 19
0 359 522 514 198 315 97 33 
Vertex 34 distance 24
0 359 129 374 377 41 34 
Vertex 35 distance 29
0 359 522 514 362 274 35 
Vertex 36 distance 33
0 359 522 617 94 36 
Vertex 37 distance 33
0 37 
Vertex 38 distance 26
0 359 384 563 113 183 38 
Vertex 39 distance 22
0 359 522 514 198 530 616 64 39 
Vertex 40 distance 40
0 359 469 437 117 40 
Vertex 41 distance 19
0 359 129 374 377 41 
Vertex 42 distance 19
0 612 3 435 297 42 
Vertex 43 distance 24
0 359 384 563 113 183 43 
Vertex 44 distance 28
0 359 129 109 256 561 54 44 
Vertex 45 distance 19
0 359 522 514 198 315 97 45 
Vertex 46 distance 26
0 359 522 514 198 80 579 46 
Vertex 47 distance 34
0 359 129 550 70 252 47 
Vertex 48 distance 25
0 359 522 514 198 80 496 48 
Vertex 49 distance 26
0 612 3 435 559 368 49 
Vertex 50 distance 34
0 612 3 435 515 516 558 422 50 
Vertex 51 distance 20
0 612 3 485 51 
Vertex 52 distance 18
0 359 522 514 198 315 518 52 
Vertex 53 distance 28
0 359 522 514 198 315 97 45 204 238 419 53 
Vertex 54 distance 24
0 359 129 109 256 561 54 
Vertex 55 distance 32
0 359 522 514 198 315 97 491 61 462 55 
Vertex 56 distance 36
0 359 522 514 198 315 518 394 56 
Vertex 57 distance 34
0 359 522 514 198 315 97 45 57 
Vertex 58 distance 34
0 359 129 109 156 476 58 
Vertex 59 distance 29
0 612 3 59 
Vertex 60 distance 37
0 359 384 563 113 183 43 318 171 60 
Vertex 61 distance 22
0 359 522 514 198 315 97 491 61 
Vertex 62 distance 27
0 612 3 485 120 62 
Vertex 63 distance 31
0 359 129 109 256 561 54 44 459 63 
Vertex 64 distance 19
0 359 522 514 198 530 616 64 
Vertex 65 distance 30
0 359 129 374 377 340 242 65 
Vertex 66 distance 33
0 612 3 485 71 66 
Vertex 67 distance 52
0 612 3 477 67 
Vertex 68 distance 31
0 359 129 374 377 425 116 68 
Vertex 69 distance 28
0 359 129 550 69 
Vertex 70 distance 30
0 359 129 550 70 
Vertex 71 distance 23
0 612 3 485 71 
Vertex 72 distance 31
0 359 522 514 198 315 97 45 204 565 72 
Vertex 73 distance 32
0 359 522 514 198 315 97 45 204 238 419 73 
Vertex 74 distance 35
0 359 522 514 198 315 189 74 
Vertex 75 distance 32
0 359 522 514 198 80 579 75 
Vertex 76 distance 35
0 612 3 435 515 516 142 618 76 
Vertex 77 distance 26
0 359 522 514 362 79 528 77 
Vertex 78 distance 25
0 359 469 437 78 
Vertex 79 distance 17
0 359 522 514 362 79 
Vertex 80 distance 16
0 359 522 514 198 80 
Vertex 81 distance 25
0 612 3 435 515 516 558 81 
Vertex 82 distance 24
0 359 129 109 156 82 
Vertex 83 distance 35
0 612 243 83 
Vertex 84 distance 21
0 359 522 18 84 
Vertex 85 distance 33
0 359 522 514 198 315 97 491 61 462 593 85 
Vertex 86 distance 21
0 294 86 
Vertex 87 distance 32
0 359 129 374 377 41 34 87 
Vertex 88 distance 33
0 359 129 109 461 214 295 88 
Vertex 89 distance 50
0 294 311 7 300 89 
Vertex 90 distance 31
0 612 3 435 297 42 2 164 90 
Vertex 91 distance 39
0 359 129 109 440 91 
Vertex 92 distance 16
0 359 522 514 448 92 
Vertex 93 distance 22
0 359 522 514 198 80 93 
Vertex 94 distance 30
0 359 522 617 94 
Vertex 95 distance 25
0 359 522 514 198 315 518 52 182 95 
Vertex 96 distance 27
0 612 3 435 515 516 142 141 96 
Vertex 97 distance 16
0 359 522 514 198 315 97 
Vertex 98 distance 31
0 612 3 485 520 98 
Vertex 99 distance 34
0 359 129 374 377 425 116 390 99 
Vertex 100 distance 30
0 612 3 435 515 516 142 618 100 
Vertex 101 distance 33
0 359 129 550 70 101 
Vertex 102 distance 36
0 359 522 514 198 315 97 491 61 462 593 560 102 
Vertex 103 distance 43
0 359 522 514 198 80 453 103 
Vertex 104 distance 34
0 359 522 514 198 315 518 25 635 104 
Vertex 105 distance 19
0 359 522 514 362 31 266 105 
Vertex 106 distance 30
0 359 129 109 256 561 106 
Vertex 107 distance 40
0 612 3 435 559 368 630 490 107 
Vertex 108 distance 28
0 359 522 514 198 80 114 108 
Vertex 109 distance 13
0 359 129 109 
Vertex 110 distance 31
0 359 522 18 272 503 110 
Vertex 111 distance 37
0 294 86 111 
Vertex 112 distance 34
0 359 522 514 362 31 266 498 235 500 112 
Vertex 113 distance 21
0 359 384 563 113 
Vertex 114 distance 17
0 359 522 514 198 80 114 
Vertex 115 distance 23
0 359 129 109 256 561 115 
Vertex 116 distance 25
0 359 129 374 377 425 116 
Vertex 117 distance 24
0 359 469 437 117 
Vertex 118 distance 31
0 359 129 109 156 82 118 
Vertex 119 distance 30
0 359 129 109 461 450 119 
Vertex 120 distance 23
0 612 3 485 120 
Vertex 121 distance 46
0 359 384 563 113 121 
Vertex 122 distance 31
0 612 3 435 515 516 142 618 100 122 
Vertex 123 distance 31
0 359 129 374 377 425 123 
Vertex 124 distance 27
0 359 129 109 461 551 344 124 
Vertex 125 distance 28
0 359 129 374 377 340 444 457 125 
Vertex 126 distance 39
0 359 129 109 220 408 249 629 380 126 
Vertex 127 distance 32
0 359 522 514 198 315 518 52 127 
Vertex 128 distance 35
0 359 129 374 377 425 116 128 
Vertex 129 distance 10
0 359 129 
Vertex 130 distance 33
0 359 522 514 198 315 518 52 182 430 159 350 130 
Vertex 131 distance 26
0 359 522 514 362 274 131 
Vertex 132 distance 45
0 612 3 435 515 516 142 141 286 132 
Vertex 133 distance 30
0 612 3 435 297 42 407 240 133 
Vertex 134 distance 34
0 612 3 485 520 134 
Vertex 135 distance 33
0 359 522 514 198 315 97 33 135 
Vertex 136 distance 44
0 359 129 456 420 568 287 136 
Vertex 137 distance 36
0 612 3 485 520 137 
Vertex 138 distance 25
0 612 3 138 
Vertex 139 distance 26
0 359 522 514 362 192 376 139 
Vertex 140 distance 34
0 359 384 494 140 
Vertex 141 distance 23
0 612 3 435 515 516 142 141 
Vertex 142 distance 20
0 612 3 435 515 516 142 
Vertex 143 distance 28
0 612 3 143 
Vertex 144 distance 29
0 359 469 19 144 
Vertex 145 distance 33
0 359 129 109 145 
Vertex 146 distance 38
0 359 522 514 198 80 453 146 
Vertex 147 distance 31
0 359 522 514 362 31 281 147 
Vertex 148 distance 30
0 359 522 514 362 192 148 
Vertex 149 distance 29
0 612 3 435 297 42 2 149 
Vertex 150 distance 35
0 359 129 109 145 150 
Vertex 151 distance 35
0 359 522 514 198 315 518 586 423 572 417 151 
Vertex 152 distance 33
0 612 3 435 515 516 142 141 152 
Vertex 153 distance 30
0 359 522 514 198 530 196 153 
Vertex 154 distance 46
0 359 522 514 198 315 97 491 61 462 593 85 154 
Vertex 155 distance 38
0 359 522 514 198 530 545 332 155 
Vertex 156 distance 23
0 359 129 109 156 
Vertex 157 distance 22
0 359 522 514 198 315 97 414 471 157 
Vertex 158 distance 32
0 294 505 158 
Vertex 159 distance 26
0 359 522 514 198 315 518 52 182 430 159 
Vertex 160 distance 19
0 359 522 514 362 79 528 160 
Vertex 161 distance 31
0 359 522 514 448 92 161 
Vertex 162 distance 36
0 359 129 109 256 356 401 162 
Vertex 163 distance 36
0 359 522 514 198 315 97 539 163 
Vertex 164 distance 28
0 612 3 435 297 42 2 164 
Vertex 165 distance 25
0 359 129 456 420 568 165 
Vertex 166 distance 35
0 359 129 109 461 551 344 124 166 
Vertex 167 distance 40
0 359 129 374 377 277 320 167 
Vertex 168 distance 32
0 359 469 437 78 637 547 168 
Vertex 169 distance 36
0 359 522 514 198 80 93 452 169 
Vertex 170 distance 38
0 359 129 374 377 340 444 457 170 
Vertex 171 distance 32
0 359 384 563 113 183 43 318 171 
Vertex 172 distance 29
0 294 86 424 172 
Vertex 173 distance 27
0 359 522 514 198 315 97 45 204 173 
Vertex 174 distance 34
0 359 522 514 198 315 97 491 61 462 174 
Vertex 175 distance 29
0 359 522 514 362 192 175 
Vertex 176 distance 37
0 359 522 18 638 447 176 
Vertex 177 distance 31
0 612 243 6 317 229 177 
Vertex 178 distance 46
0 359 522 514 448 92 626 178 
Vertex 179 distance 37
0 359 129 456 509 324 179 
Vertex 180 distance 32
0 359 129 109 220 408 249 629 180 
Vertex 181 distance 27
0 359 522 514 362 79 528 77 181 
Vertex 182 distance 20
0 359 522 514 198 315 518 52 182 
Vertex 183 distance 23
0 359 384 563 113 183 
Vertex 184 distance 33
0 359 522 514 198 315 97 414 471 157 184 
Vertex 185 distance 35
0 612 3 435 297 42 407 240 133 185 
Vertex 186 distance 31
0 612 243 202 186 
Vertex 187 distance 35
0 612 3 435 297 42 407 187 
Vertex 188 distance 29
0 359 522 514 198 530 616 188 
Vertex 189 distance 23
0 359 522 514 198 315 189 
Vertex 190 distance 43
0 612 243 202 190 
Vertex 191 distance 21
0 359 522 514 198 315 97 191 
Vertex 192 distance 21
0 359 522 514 362 192 
Vertex 193 distance 30
0 359 469 322 193 
Vertex 194 distance 36
0 359 522 514 198 80 496 48 194 
Vertex 195 distance 34
0 359 469 437 78 195 
Vertex 196 distance 17
0 359 522 514 198 530 196 
Vertex 197 distance 29
0 359 469 437 117 197 
Vertex 198 distance 9
0 359 522 514 198 
Vertex 199 distance 31
0 359 129 109 156 199 
Vertex 200 distance 39
0 359 469 19 144 360 200 
Vertex 201 distance 46
0 359 129 374 377 340 444 201 
Vertex 202 distance 30
0 612 243 202 
Vertex 203 distance 28
0 359 469 437 78 637 547 203 
Vertex 204 distance 20
0 359 522 514 198 315 97 45 204 
Vertex 205 distance 26
0 359 522 514 362 31 266 105 205 
Vertex 206 distance 26
0 359 129 109 256 561 115 206 
Vertex 207 distance 36
0 359 522 617 94 508 207 
Vertex 208 distance 23
0 359 522 514 362 31 266 208 
Vertex 209 distance 29
0 359 129 550 209 
Vertex 210 distance 32
0 359 522 514 362 31 266 498 282 210 
Vertex 211 distance 35
0 612 3 435 297 42 407 211 
Vertex 212 distance 37
0 612 3 485 212 
Vertex 213 distance 23
0 359 522 514 198 315 97 45 204 213 
Vertex 214 distance 24
0 359 129 109 461 214 
Vertex 215 distance 33
0 359 129 374 377 277 215 
Vertex 216 distance 30
0 359 522 514 198 315 518 586 216 
Vertex 217 distance 32
0 359 522 514 198 315 518 458 217 
Vertex 218 distance 24
0 359 384 563 113 183 218 
Vertex 219 distance 33
0 359 129 374 219 
Vertex 220 distance 22
0 359 129 109 220 
Vertex 221 distance 41
0 612 3 485 71 221 
Vertex 222 distance 14
0 359 384 222 
Vertex 223 distance 37
0 359 129 109 461 214 567 391 223 
Vertex 224 distance 18
0 359 522 514 198 530 545 224 
Vertex 225 distance 33
0 359 129 374 377 425 116 68 225 
Vertex 226 distance 35
0 359 522 514 198 315 97 33 135 226 
Vertex 227 distance 51
0 359 522 18 227 
Vertex 228 distance 22
0 359 129 456 420 22 228 
Vertex 229 distance 30
0 612 243 6 317 229 
Vertex 230 distance 31
0 359 522 514 362 31 266 105 270 230 
Vertex 231 distance 31
0 612 3 435 515 516 558 422 231 
Vertex 232 distance 32
0 612 3 435 297 42 2 164 90 232 
Vertex 233 distance 37
0 359 522 514 362 79 528 77 398 233 
Vertex 234 distance 36
0 612 3 485 120 592 532 234 
Vertex 235 distance 26
0 359 522 514 362 31 266 498 235 
Vertex 236 distance 30
0 359 384 563 113 183 236 
Vertex 237 distance 41
0 359 522 514 198 315 97 45 204 238 419 237 
Vertex 238 distance 21
0 359 522 514 198 315 97 45 204 238 
Vertex 239 distance 38
0 359 522 514 198 315 518 52 182 430 239 
Vertex 240 distance 25
0 612 3 435 297 42 407 240 
Vertex 241 distance 33
0 359 522 514 198 315 189 426 241 
Vertex 242 distance 27
0 359 129 374 377 340 242 
Vertex 243 distance 25
0 612 243 
Vertex 244 distance 32
0 359 129 374 377 340 242 65 244 
Vertex 245 distance 39
0 359 522 514 198 315 97 45 204 213 600 245 
Vertex 246 distance 39
0 359 522 514 198 530 616 246 
Vertex 247 distance 30
0 359 522 514 362 192 175 247 
Vertex 248 distance 29
0 612 3 435 515 516 142 248 
Vertex 249 distance 27
0 359 129 109 220 408 249 
Vertex 250 distance 23
0 359 129 456 420 22 228 250 
Vertex 251 distance 39
0 359 522 514 198 315 97 45 204 565 72 251 
Vertex 252 distance 31
0 359 129 550 70 252 
Vertex 253 distance 35
0 612 243 202 253 
Vertex 254 distance 27
0 359 129 109 461 551 344 254 
Vertex 255 distance 36
0 359 522 514 198 530 196 153 255 
Vertex 256 distance 17
0 359 129 109 256 
Vertex 257 distance 27
0 359 522 514 198 315 97 45 204 238 419 257 
Vertex 258 distance 44
0 359 129 109 145 150 258 
Vertex 259 distance 35
0 359 522 514 362 192 376 259 
Vertex 260 distance 30
0 359 522 514 198 315 97 491 260 
Vertex 261 distance 36
0 612 3 435 297 42 2 164 90 261 
Vertex 262 distance 30
0 359 129 374 377 277 320 262 
Vertex 263 distance 27
0 359 129 109 256 561 115 263 
Vertex 264 distance 33
0 612 3 485 264 
Vertex 265 distance 41
0 359 522 514 198 315 97 491 61 462 265 
Vertex 266 distance 18
0 359 522 514 362 31 266 
Vertex 267 distance 23
0 612 3 435 515 516 558 267 
Vertex 268 distance 30
0 359 129 109 256 561 115 268 
Vertex 269 distance 38
0 359 522 514 198 315 518 25 555 269 
Vertex 270 distance 25
0 359 522 514 362 31 266 105 270 
Vertex 271 distance 27
0 359 522 514 198 530 616 64 271 
Vertex 272 distance 22
0 359 522 18 272 
Vertex 273 distance 31
0 359 129 456 509 324 273 
Vertex 274 distance 20
0 359 522 514 362 274 
Vertex 275 distance 26
0 359 522 514 362 31 281 275 
Vertex 276 distance 33
0 612 3 435 559 368 276 
Vertex 277 distance 14
0 359 129 374 377 277 
Vertex 278 distance 26
0 612 3 435 515 516 558 81 278 
Vertex 279 distance 28
0 359 522 514 198 315 518 52 182 430 279 
Vertex 280 distance 30
0 612 3 435 515 280 
Vertex 281 distance 25
0 359 522 514 362 31 281 
Vertex 282 distance 27
0 359 522 514 362 31 266 498 282 
Vertex 283 distance 35
0 359 522 617 283 
Vertex 284 distance 37
0 612 3 435 559 284 
Vertex 285 distance 40
0 359 129 109 256 356 285 
Vertex 286 distance 29
0 612 3 435 515 516 142 141 286 
Vertex 287 distance 42
0 359 129 456 420 568 287 
Vertex 288 distance 32
0 359 522 514 198 315 97 45 204 173 288 
Vertex 289 distance 41
0 359 129 109 461 450 519 305 289 
Vertex 290 distance 34
0 359 522 514 198 80 496 531 290 
Vertex 291 distance 24
0 359 129 456 420 22 228 291 
Vertex 292 distance 26
0 359 129 374 11 292 
Vertex 293 distance 31
0 359 522 514 362 79 528 77 181 506 293 
Vertex 294 distance 10
0 294 
Vertex 295 distance 25
0 359 129 109 461 214 295 
Vertex 296 distance 35
0 359 522 514 448 92 296 
Vertex 297 distance 18
0 612 3 435 297 
Vertex 298 distance 37
0 612 3 435 515 516 142 618 76 298 
Vertex 299 distance 22
0 359 522 514 362 31 266 498 299 
Vertex 300 distance 29
0 294 311 7 300 
Vertex 301 distance 26
0 612 3 485 301 
Vertex 302 distance 28
0 359 129 374 377 302 
Vertex 303 distance 27
0 359 129 550 303 
Vertex 304 distance 32
0 359 129 374 11 527 304 
Vertex 305 distance 26
0 359 129 109 461 450 519 305 
Vertex 306 distance 28
0 359 522 514 306 
Vertex 307 distance 21
0 359 522 514 362 307 
Vertex 308 distance 32
0 359 129 109 156 308 
Vertex 309 distance 37
0 359 522 514 198 80 496 48 194 309 
Vertex 310 distance 33
0 359 522 514 198 315 97 45 204 565 310 
Vertex 311 distance 16
0 294 311 
Vertex 312 distance 31
0 612 243 6 312 
Vertex 313 distance 29
0 359 522 514 198 530 616 64 313 
Vertex 314 distance 27
0 359 129 456 509 544 314 
Vertex 315 distance 10
0 359 522 514 198 315 
Vertex 316 distance 35
0 359 522 514 198 315 97 45 204 565 316 
Vertex 317 distance 29
0 612 243 6 317 
Vertex 318 distance 31
0 359 384 563 113 183 43 318 
Vertex 319 distance 28
0 359 129 109 461 450 519 319 
Vertex 320 distance 28
0 359 129 374 377 277 320 
Vertex 321 distance 34
0 359 522 514 362 274 131 451 321 
Vertex 322 distance 27
0 359 469 322 
Vertex 323 distance 37
0 359 129 550 209 483 323 
Vertex 324 distance 29
0 359 129 456 509 324 
Vertex 325 distance 31
0 359 522 514 198 80 496 531 325 
Vertex 326 distance 37
0 359 522 514 198 530 545 224 406 326 
Vertex 327 distance 36
0 359 522 514 198 80 496 531 290 327 
Vertex 328 distance 40
0 359 522 617 94 508 328 
Vertex 329 distance 33
0 359 522 329 
Vertex 330 distance 40
0 359 522 514 198 315 518 25 555 269 330 
Vertex 331 distance 44
0 359 522 514 198 315 97 491 61 462 265 331 
Vertex 332 distance 20
0 359 522 514 198 530 545 332 
Vertex 333 distance 26
0 359 129 109 333 
Vertex 334 distance 33
0 612 3 435 515 516 334 
Vertex 335 distance 38
0 359 522 18 272 503 418 335 
Vertex 336 distance 32
0 359 522 514 448 92 336 
Vertex 337 distance 31
0 359 522 514 198 315 97 45 204 565 562 337 
Vertex 338 distance 30
0 612 3 435 297 42 2 164 338 
Vertex 339 distance 21
0 359 522 514 198 530 339 
Vertex 340 distance 16
0 359 129 374 377 340 
Vertex 341 distance 35
0 359 522 514 353 341 
Vertex 342 distance 43
0 359 129 374 377 340 444 342 
Vertex 343 distance 39
0 359 129 550 70 343 
Vertex 344 distance 24
0 359 129 109 461 551 344 
Vertex 345 distance 29
0 612 399 345 
Vertex 346 distance 34
0 359 129 109 461 214 295 88 346 
Vertex 347 distance 34
0 359 522 514 198 530 616 64 347 
Vertex 348 distance 29
0 359 522 514 198 315 97 45 204 348 
Vertex 349 distance 33
0 359 522 514 198 315 97 33 349 
Vertex 350 distance 29
0 359 522 514 198 315 518 52 182 430 159 350 
Vertex 351 distance 36
0 359 129 109 461 214 295 88 351 
Vertex 352 distance 41
0 359 522 514 362 31 266 208 352 
Vertex 353 distance 27
0 359 522 514 353 
Vertex 354 distance 33
0 294 311 540 354 
Vertex 355 distance 39
0 359 129 109 256 561 115 355 
Vertex 356 distance 27
0 359 129 109 256 356 
Vertex 357 distance 22
0 612 3 435 559 357 
Vertex 358 distance 28
0 612 3 435 297 358 
Vertex 359 distance 3
0 359 
Vertex 360 distance 30
0 359 469 19 144 360 
Vertex 361 distance 40
0 359 129 374 377 340 497 433 361 
Vertex 362 distance 9
0 359 522 514 362 
Vertex 363 distance 28
0 359 469 437 383 363 
Vertex 364 distance 39
0 359 129 109 411 364 
Vertex 365 distance 51
0 359 129 374 377 277 320 167 365 
Vertex 366 distance 37
0 359 522 514 198 530 196 153 366 
Vertex 367 distance 36
0 359 129 374 219 367 
Vertex 368 distance 25
0 612 3 435 559 368 
Vertex 369 distance 32
0 359 129 369 
Vertex 370 distance 43
0 612 3 435 559 587 26 370 
Vertex 371 distance 29
0 612 3 435 559 368 371 
Vertex 372 distance 38
0 359 522 514 198 315 97 45 204 372 
Vertex 373 distance 31
0 359 522 514 198 315 97 45 204 238 419 373 
Vertex 374 distance 11
0 359 129 374 
Vertex 375 distance 46
0 359 522 514 198 530 20 24 375 
Vertex 376 distance 23
0 359 522 514 362 192 376 
Vertex 377 distance 12
0 359 129 374 377 
Vertex 378 distance 36
0 359 129 456 420 22 228 542 378 
Vertex 379 distance 29
0 359 522 514 198 80 579 379 
Vertex 380 distance 36
0 359 129 109 220 408 249 629 380 
Vertex 381 distance 27
0 359 522 514 198 315 518 381 
Vertex 382 distance 41
0 612 3 435 297 42 407 240 133 185 382 
Vertex 383 distance 25
0 359 469 437 383 
Vertex 384 distance 13
0 359 384 
Vertex 385 distance 38
0 359 469 19 581 385 
Vertex 386 distance 33
0 359 522 514 198 315 518 52 386 
Vertex 387 distance 27
0 612 3 435 387 
Vertex 388 distance 23
0 359 522 514 198 80 114 388 
Vertex 389 distance 27
0 359 129 374 11 389 
Vertex 390 distance 30
0 359 129 374 377 425 116 390 
Vertex 391 distance 36
0 359 129 109 461 214 567 391 
Vertex 392 distance 34
0 359 129 374 377 340 242 65 392 
Vertex 393 distance 48
0 612 3 435 515 516 142 141 96 393 
Vertex 394 distance 29
0 359 522 514 198 315 518 394 
Vertex 395 distance 34
0 612 3 435 297 395 
Vertex 396 distance 23
0 359 522 18 396 
Vertex 397 distance 30
0 359 129 397 
Vertex 398 distance 34
0 359 522 514 362 79 528 77 398 
Vertex 399 distance 19
0 612 399 
Vertex 400 distance 39
0 359 522 514 198 80 405 475 400 
Vertex 401 distance 32
0 359 129 109 256 356 401 
Vertex 402 distance 32
0 612 3 485 120 62 402 
Vertex 403 distance 28
0 359 129 109 461 450 403 
Vertex 404 distance 33
0 359 129 374 377 425 116 68 404 
Vertex 405 distance 27
0 359 522 514 198 80 405 
Vertex 406 distance 29
0 359 522 514 198 530 545 224 406 
Vertex 407 distance 20
0 612 3 435 297 42 407 
Vertex 408 distance 24
0 359 129 109 220 408 
Vertex 409 distance 31
0 359 129 109 256 583 409 
Vertex 410 distance 25
0 359 522 514 198 530 196 410 
Vertex 411 distance 32
0 359 129 109 411 
Vertex 412 distance 38
0 359 522 514 448 632 412 
Vertex 413 distance 39
0 359 522 514 362 31 266 498 282 210 413 
Vertex 414 distance 20
0 359 522 514 198 315 97 414 
Vertex 415 distance 32
0 359 522 514 198 315 97 45 204 238 479 415 
Vertex 416 distance 37
0 359 522 514 198 315 97 491 61 462 593 85 416 
Vertex 417 distance 30
0 359 522 514 198 315 518 586 423 572 417 
Vertex 418 distance 30
0 359 522 18 272 503 418 
Vertex 419 distance 26
0 359 522 514 198 315 97 45 204 238 419 
Vertex 420 distance 19
0 359 129 456 420 
Vertex 421 distance 28
0 359 522 514 198 315 97 414 421 
Vertex 422 distance 28
0 612 3 435 515 516 558 422 
Vertex 423 distance 23
0 359 522 514 198 315 518 586 423 
Vertex 424 distance 24
0 294 86 424 
Vertex 425 distance 15
0 359 129 374 377 425 
Vertex 426 distance 30
0 359 522 514 198 315 189 426 
Vertex 427 distance 32
0 359 129 109 156 476 427 
Vertex 428 distance 33
0 359 522 514 198 80 114 108 428 
Vertex 429 distance 19
0 359 129 109 429 
Vertex 430 distance 25
0 359 522 514 198 315 518 52 182 430 
Vertex 431 distance 31
0 359 522 514 362 31 281 431 
Vertex 432 distance 36
0 359 522 514 198 315 518 394 432 
Vertex 433 distance 33
0 359 129 374 377 340 497 433 
Vertex 434 distance 34
0 359 522 514 362 31 434 
Vertex 435 distance 14
0 612 3 435 
Vertex 436 distance 31
0 359 129 456 436 
Vertex 437 distance 19
0 359 469 437 
Vertex 438 distance 28
0 359 129 109 156 476 438 
Vertex 439 distance 30
0 359 522 514 306 439 
Vertex 440 distance 21
0 359 129 109 440 
Vertex 441 distance 39
0 359 384 563 113 441 
Vertex 442 distance 27
0 359 129 374 377 41 442 
Vertex 443 distance 34
0 359 522 514 362 31 266 498 282 443 
Vertex 444 distance 26
0 359 129 374 377 340 444 
Vertex 445 distance 31
0 359 522 514 198 530 545 224 445 
Vertex 446 distance 33
0 359 469 437 78 637 547 611 446 
Vertex 447 distance 31
0 359 522 18 638 447 
Vertex 448 distance 11
0 359 522 514 448 
Vertex 449 distance 20
0 359 129 374 449 
Vertex 450 distance 21
0 359 129 109 461 450 
Vertex 451 distance 29
0 359 522 514 362 274 131 451 
Vertex 452 distance 29
0 359 522 514 198 80 93 452 
Vertex 453 distance 21
0 359 522 514 198 80 453 
Vertex 454 distance 32
0 359 129 109 256 583 409 454 
Vertex 455 distance 43
0 359 469 19 581 455 
Vertex 456 distance 16
0 359 129 456 
Vertex 457 distance 27
0 359 129 374 377 340 444 457 
Vertex 458 distance 26
0 359 522 514 198 315 518 458 
Vertex 459 distance 29
0 359 129 109 256 561 54 44 459 
Vertex 460 distance 26
0 359 522 514 198 315 460 
Vertex 461 distance 19
0 359 129 109 461 
Vertex 462 distance 28
0 359 522 514 198 315 97 491 61 462 
Vertex 463 distance 34
0 359 469 19 144 463 
Vertex 464 distance 38
0 359 522 617 14 464 
Vertex 465 distance 33
0 612 3 485 120 465 
Vertex 466 distance 31
0 359 522 514 362 274 131 466 
Vertex 467 distance 32
0 359 522 514 198 530 616 64 39 467 
Vertex 468 distance 36
0 359 129 109 256 468 
Vertex 469 distance 18
0 359 469 
Vertex 470 distance 29
0 359 522 514 198 530 616 64 39 470 
Vertex 471 distance 21
0 359 522 514 198 315 97 414 471 
Vertex 472 distance 33
0 359 522 514 362 79 528 77 181 506 293 472 
Vertex 473 distance 36
0 612 3 435 559 587 473 
Vertex 474 distance 34
0 534 474 
Vertex 475 distance 37
0 359 522 514 198 80 405 475 
Vertex 476 distance 26
0 359 129 109 156 476 
Vertex 477 distance 31
0 612 3 477 
Vertex 478 distance 32
0 359 522 514 198 80 114 478 
Vertex 479 distance 30
0 359 522 514 198 315 97 45 204 238 479 
Vertex 480 distance 48
0 359 522 514 362 31 266 105 270 230 480 
Vertex 481 distance 29
0 359 129 374 377 41 481 
Vertex 482 distance 31
0 359 129 456 420 22 228 250 482 
Vertex 483 distance 32
0 359 129 550 209 483 
Vertex 484 distance 44
0 359 129 109 461 214 484 
Vertex 485 distance 19
0 612 3 485 
Vertex 486 distance 36
0 534 486 
Vertex 487 distance 40
0 612 3 435 559 368 630 490 487 
Vertex 488 distance 35
0 359 522 514 362 31 266 208 488 
Vertex 489 distance 28
0 359 522 514 362 31 266 498 282 489 
Vertex 490 distance 36
0 612 3 435 559 368 630 490 
Vertex 491 distance 19
0 359 522 514 198 315 97 491 
Vertex 492 distance 27
0 359 469 437 117 492 
Vertex 493 distance 45
0 359 129 550 70 343 493 
Vertex 494 distance 30
0 359 384 494 
Vertex 495 distance 22
0 359 384 563 495 
Vertex 496 distance 22
0 359 522 514 198 80 496 
Vertex 497 distance 26
0 359 129 374 377 340 497 
Vertex 498 distance 21
0 359 522 514 362 31 266 498 
Vertex 499 distance 48
0 294 311 7 499 
Vertex 500 distance 28
0 359 522 514 362 31 266 498 235 500 
Vertex 501 distance 36
0 359 384 17 501 
Vertex 502 distance 33
0 359 129 109 256 356 502 
Vertex 503 distance 24
0 359 522 18 272 503 
Vertex 504 distance 33
0 359 522 514 198 530 557 504 
Vertex 505 distance 25
0 294 505 
Vertex 506 distance 30
0 359 522 514 362 79 528 77 181 506 
Vertex 507 distance 28
0 359 129 374 377 41 442 507 
Vertex 508 distance 34
0 359 522 617 94 508 
Vertex 509 distance 24
0 359 129 456 509 
Vertex 510 distance 32
0 359 522 514 198 315 518 586 423 572 417 510 
Vertex 511 distance 42
0 359 522 514 198 315 97 491 260 627 511 
Vertex 512 distance 29
0 359 129 456 509 512 
Vertex 513 distance 34
0 359 129 374 377 425 513 
Vertex 514 distance 7
0 359 522 514 
Vertex 515 distance 15
0 612 3 435 515 
Vertex 516 distance 19
0 612 3 435 515 516 
Vertex 517 distance 32
0 359 469 19 144 517 
Vertex 518 distance 12
0 359 522 514 198 315 518 
Vertex 519 distance 24
0 359 129 109 461 450 519 
Vertex 520 distance 27
0 612 3 485 520 
Vertex 521 distance 21
0 359 129 374 377 277 521 
Vertex 522 distance 4
0 359 522 
Vertex 523 distance 37
0 359 522 514 198 530 196 153 523 
Vertex 524 distance 39
0 612 3 435 297 42 2 524 
Vertex 525 distance 32
0 359 522 514 362 31 266 498 282 489 525 
Vertex 526 distance 37
0 359 129 550 70 252 47 526 
Vertex 527 distance 28
0 359 129 374 11 527 
Vertex 528 distance 18
0 359 522 514 362 79 528 
Vertex 529 distance 36
0 359 522 514 362 31 266 498 299 529 
Vertex 530 distance 13
0 359 522 514 198 530 
Vertex 531 distance 24
0 359 522 514 198 80 496 531 
Vertex 532 distance 34
0 612 3 485 120 592 532 
Vertex 533 distance 39
0 359 129 456 509 533 
Vertex 534 distance 20
0 534 
Vertex 535 distance 24
0 359 522 514 198 315 518 25 635 535 
Vertex 536 distance 40
0 359 522 514 198 315 97 45 204 536 
Vertex 537 distance 32
0 359 522 514 198 315 97 491 61 462 593 537 
Vertex 538 distance 35
0 359 129 550 69 538 
Vertex 539 distance 34
0 359 522 514 198 315 97 539 
Vertex 540 distance 30
0 294 311 540 
Vertex 541 distance 29
0 359 129 109 440 541 
Vertex 542 distance 32
0 359 129 456 420 22 228 542 
Vertex 543 distance 37
0 359 522 617 94 508 207 543 
Vertex 544 distance 26
0 359 129 456 509 544 
Vertex 545 distance 17
0 359 522 514 198 530 545 
Vertex 546 distance 33
0 359 522 514 362 546 
Vertex 547 distance 27
0 359 469 437 78 637 547 
Vertex 548 distance 31
0 612 3 435 559 368 548 
Vertex 549 distance 48
0 359 522 514 198 315 97 45 549 
Vertex 550 distance 24
0 359 129 550 
Vertex 551 distance 22
0 359 129 109 461 551 
Vertex 552 distance 33
0 359 469 19 552 
Vertex 553 distance 28
0 359 129 374 377 340 497 553 
Vertex 554 distance 40
0 359 129 109 256 561 54 44 459 554 
Vertex 555 distance 34
0 359 522 514 198 315 518 25 555 
Vertex 556 distance 34
0 612 3 435 515 516 558 267 556 
Vertex 557 distance 27
0 359 522 514 198 530 557 
Vertex 558 distance 21
0 612 3 435 515 516 558 
Vertex 559 distance 18
0 612 3 435 559 
Vertex 560 distance 34
0 359 522 514 198 315 97 491 61 462 593 560 
Vertex 561 distance 21
0 359 129 109 256 561 
Vertex 562 distance 28
0 359 522 514 198 315 97 45 204 565 562 
Vertex 563 distance 15
0 359 384 563 
Vertex 564 distance 28
0 359 522 514 198 315 518 52 182 430 159 564 
Vertex 565 distance 23
0 359 522 514 198 315 97 45 204 565 
Vertex 566 distance 41
0 359 522 514 198 530 545 332 566 
Vertex 567 distance 34
0 359 129 109 461 214 567 
Vertex 568 distance 23
0 359 129 456 420 568 
Vertex 569 distance 45
0 359 522 514 198 315 518 25 555 569 
Vertex 570 distance 23
0 359 129 109 461 551 570 
Vertex 571 distance 33
0 359 129 109 156 82 571 
Vertex 572 distance 28
0 359 522 514 198 315 518 586 423 572 
Vertex 573 distance 32
0 612 3 435 559 368 371 573 
Vertex 574 distance 31
0 359 522 514 198 315 518 586 423 574 
Vertex 575 distance 31
0 359 129 456 420 568 575 
Vertex 576 distance 30
0 359 522 514 198 315 97 45 204 565 562 576 
Vertex 577 distance 24
0 359 522 514 198 315 97 414 577 
Vertex 578 distance 34
0 612 3 435 297 42 407 240 578 
Vertex 579 distance 19
0 359 522 514 198 80 579 
Vertex 580 distance 29
0 294 86 424 594 580 
Vertex 581 distance 36
0 359 469 19 581 
Vertex 582 distance 25
0 612 3 435 515 516 582 
Vertex 583 distance 21
0 359 129 109 256 583 
Vertex 584 distance 37
0 359 522 514 198 315 189 601 584 
Vertex 585 distance 37
0 359 522 514 198 315 97 45 204 238 419 373 585 
Vertex 586 distance 21
0 359 522 514 198 315 518 586 
Vertex 587 distance 28
0 612 3 435 559 587 
Vertex 588 distance 25
0 359 129 456 588 
Vertex 589 distance 43
0 359 522 514 198 315 97 491 260 627 511 589 
Vertex 590 distance 29
0 359 129 374 11 292 590 
Vertex 591 distance 36
0 359 129 550 209 483 591 
Vertex 592 distance 33
0 612 3 485 120 592 
Vertex 593 distance 29
0 359 522 514 198 315 97 491 61 462 593 
Vertex 594 distance 28
0 294 86 424 594 
Vertex 595 distance 32
0 359 522 514 198 315 97 33 595 
Vertex 596 distance 29
0 294 86 424 594 596 
Vertex 597 distance 33
0 359 129 109 156 476 438 608 597 
Vertex 598 distance 25
0 359 522 514 362 79 528 160 598 
Vertex 599 distance 36
0 359 522 514 198 315 518 458 599 
Vertex 600 distance 27
0 359 522 514 198 315 97 45 204 213 600 
Vertex 601 distance 27
0 359 522 514 198 315 189 601 
Vertex 602 distance 42
0 359 129 374 377 41 481 602 
Vertex 603 distance 26
0 359 129 109 429 603 
Vertex 604 distance 33
0 359 522 514 198 315 97 45 204 565 72 604 
Vertex 605 distance 30
0 612 3 435 515 516 142 248 605 
Vertex 606 distance 34
0 359 522 514 198 80 579 75 606 
Vertex 607 distance 35
0 359 522 514 362 274 131 607 
Vertex 608 distance 30
0 359 129 109 156 476 438 608 
Vertex 609 distance 39
0 359 129 109 156 199 609 
Vertex 610 distance 41
0 612 3 435 515 516 558 81 278 610 
Vertex 611 distance 29
0 359 469 437 78 637 547 611 
Vertex 612 distance 9
0 612 
Vertex 613 distance 28
0 359 613 
Vertex 614 distance 31
0 612 3 485 120 62 614 
Vertex 615 distance 36
0 359 129 456 420 22 615 
Vertex 616 distance 15
0 359 522 514 198 530 616 
Vertex 617 distance 25
0 359 522 617 
Vertex 618 distance 23
0 612 3 435 515 516 142 618 
Vertex 619 distance 25
0 359 522 514 362 79 528 160 619 
Vertex 620 distance 34
0 359 129 374 377 277 521 620 
Vertex 621 distance 33
0 359 522 514 198 80 93 621 
Vertex 622 distance 30
0 359 522 514 198 315 97 491 622 
Vertex 623 distance 31
0 359 522 514 198 315 518 52 182 430 279 623 
Vertex 624 distance 34
0 612 243 6 317 229 624 
Vertex 625 distance 37
0 359 469 437 383 625 
Vertex 626 distance 34
0 359 522 514 448 92 626 
Vertex 627 distance 35
0 359 522 514 198 315 97 491 260 627 
Vertex 628 distance 40
0 359 129 550 209 483 628 
Vertex 629 distance 31
0 359 129 109 220 408 249 629 
Vertex 630 distance 26
0 612 3 435 559 368 630 
Vertex 631 distance 32
0 359 129 109 256 583 409 631 
Vertex 632 distance 30
0 359 522 514 448 632 
Vertex 633 distance 35
0 359 522 514 362 31 281 147 633 
Vertex 634 distance 35
0 359 129 109 256 561 54 44 634 
Vertex 635 distance 21
0 359 522 514 198 315 518 25 635 
Vertex 636 distance 32
0 612 3 485 120 636 
Vertex 637 distance 26
0 359 469 437 78 637 
Vertex 638 distance 25
0 359 522 18 638 
Vertex 639 distance 21
0 359 522 514 198 80 579 639 
