Vertex 0 distance 0
0 0 
Vertex 1 distance 29
0 434 99 516 246 281 1 
Vertex 2 distance 33
0 365 333 606 2 
Vertex 3 distance 29
0 434 324 612 3 
Vertex 4 distance 24
0 434 99 516 97 4 
Vertex 5 distance 25
0 434 315 235 208 403 5 
Vertex 6 distance 25
0 434 315 235 419 289 621 6 
Vertex 7 distance 31
0 365 333 474 116 48 153 320 292 7 
Vertex 8 distance 22
0 365 333 474 116 231 8 
Vertex 9 distance 29
0 434 99 497 65 463 185 397 9 
Vertex 10 distance 37
0 365 253 269 210 504 10 
Vertex 11 distance 37
0 434 99 497 291 11 
Vertex 12 distance 33
0 434 99 497 404 582 336 551 12 
Vertex 13 distance 32
0 434 523 425 114 13 
Vertex 14 distance 32
0 434 315 235 486 594 131 14 
Vertex 15 distance 19
0 434 15 
Vertex 16 distance 28
0 365 333 360 16 
Vertex 17 distance 28
0 434 99 497 291 46 17 
Vertex 18 distance 40
0 434 99 516 572 491 18 
Vertex 19 distance 28
0 365 333 474 116 231 8 19 
Vertex 20 distance 33
0 365 333 474 116 249 69 20 
Vertex 21 distance 26
0 434 315 235 419 289 450 178 197 21 
Vertex 22 distance 31
0 434 523 425 22 
Vertex 23 distance 19
0 434 106 23 
Vertex 24 distance 32
0 434 315 235 419 289 450 527 24 
Vertex 25 distance 34
0 365 49 415 25 
Vertex 26 distance 27
0 365 253 269 416 534 132 26 
Vertex 27 distance 32
0 365 333 474 116 48 369 27 
Vertex 28 distance 27
0 434 99 28 
Vertex 29 distance 16
0 365 253 29 
Vertex 30 distance 27
0 434 99 497 209 189 633 276 30 
Vertex 31 distance 30
0 434 106 101 34 338 31 
Vertex 32 distance 27
0 365 333 606 240 32 
Vertex 33 distance 20
0 434 99 497 404 582 33 
Vertex 34 distance 15
0 434 106 101 34 
Vertex 35 distance 24
0 434 99 497 407 35 
Vertex 36 distance 40
0 434 106 101 34 338 224 144 36 
Vertex 37 distance 42
0 365 333 606 214 331 124 37 
Vertex 38 distance 32
0 365 253 269 210 239 38 
Vertex 39 distance 33
0 365 537 366 39 
Vertex 40 distance 55
0 365 333 53 401 149 384 40 
Vertex 41 distance 37
0 434 99 516 409 41 
Vertex 42 distance 32
0 434 106 101 85 478 376 139 42 
Vertex 43 distance 28
0 434 315 235 419 289 450 493 438 43 
Vertex 44 distance 40
0 434 315 211 483 44 
Vertex 45 distance 37
0 434 15 381 45 
Vertex 46 distance 25
0 434 99 497 291 46 
Vertex 47 distance 26
0 434 315 47 
Vertex 48 distance 21
0 365 333 474 116 48 
Vertex 49 distance 18
0 365 49 
Vertex 50 distance 29
0 434 99 516 246 625 50 
Vertex 51 distance 31
0 365 333 606 240 51 
Vertex 52 distance 43
0 365 333 437 52 
Vertex 53 distance 15
0 365 333 53 
Vertex 54 distance 24
0 434 99 516 97 54 
Vertex 55 distance 32
0 365 49 55 
Vertex 56 distance 25
0 365 333 56 
Vertex 57 distance 37
0 434 315 235 419 289 621 217 603 57 
Vertex 58 distance 25
0 434 99 497 220 611 389 58 
Vertex 59 distance 27
0 365 333 606 388 59 
Vertex 60 distance 24
0 434 15 381 60 
Vertex 61 distance 22
0 434 315 235 419 289 555 61 
Vertex 62 distance 26
0 434 99 497 220 611 389 152 62 
Vertex 63 distance 44
0 434 106 23 257 155 353 63 
Vertex 64 distance 23
0 365 253 627 64 
Vertex 65 distance 10
0 434 99 497 65 
Vertex 66 distance 26
0 434 315 211 168 344 230 66 
Vertex 67 distance 30
0 434 315 235 419 204 301 67 
Vertex 68 distance 36
0 365 333 606 388 615 600 282 68 
Vertex 69 distance 29
0 365 333 474 116 249 69 
Vertex 70 distance 35
0 365 537 202 70 
Vertex 71 distance 18
0 434 315 235 419 71 
Vertex 72 distance 28
0 365 333 474 72 
Vertex 73 distance 22
0 434 15 381 234 73 
Vertex 74 distance 43
0 434 99 497 404 582 336 554 74 
Vertex 75 distance 31
0 434 15 75 
Vertex 76 distance 32
0 434 99 497 209 470 76 
Vertex 77 distance 25
0 429 104 77 
Vertex 78 distance 32
0 434 315 235 419 204 301 78 
Vertex 79 distance 35
0 365 333 56 79 
Vertex 80 distance 42
0 434 315 235 419 204 301 67 80 
Vertex 81 distance 26
0 434 99 497 209 189 81 
Vertex 82 distance 26
0 434 106 101 85 478 82 
Vertex 83 distance 23
0 434 106 83 
Vertex 84 distance 33
0 434 315 235 419 289 555 61 125 84 
Vertex 85 distance 18
0 434 106 101 85 
Vertex 86 distance 34
0 434 315 235 486 594 173 86 
Vertex 87 distance 40
0 434 99 516 97 4 87 
Vertex 88 distance 35
0 434 315 235 419 289 555 61 88 
Vertex 89 distance 21
0 434 315 235 486 494 89 
Vertex 90 distance 25
0 365 333 474 116 48 153 203 90 
Vertex 91 distance 33
0 434 99 497 404 241 91 
Vertex 92 distance 26
0 434 99 516 97 92 
Vertex 93 distance 33
0 434 99 516 246 281 1 542 93 
Vertex 94 distance 43
0 434 99 497 404 582 488 314 374 94 
Vertex 95 distance 22
0 365 253 95 
Vertex 96 distance 44
0 434 315 235 419 289 555 61 96 
Vertex 97 distance 20
0 434 99 516 97 
Vertex 98 distance 36
0 365 333 474 116 48 153 256 98 
Vertex 99 distance 6
0 434 99 
Vertex 100 distance 29
0 365 537 202 100 
Vertex 101 distance 13
0 434 106 101 
Vertex 102 distance 34
0 434 315 211 168 344 102 
Vertex 103 distance 28
0 434 106 23 343 103 
Vertex 104 distance 23
0 429 104 
Vertex 105 distance 40
0 434 315 211 168 433 105 
Vertex 106 distance 12
0 434 106 
Vertex 107 distance 24
0 434 106 23 257 107 
Vertex 108 distance 33
0 429 104 77 108 
Vertex 109 distance 36
0 365 333 437 109 
Vertex 110 distance 25
0 434 324 612 110 
Vertex 111 distance 41
0 434 99 497 404 582 336 551 12 111 
Vertex 112 distance 24
0 434 99 516 97 556 112 
Vertex 113 distance 24
0 434 315 235 208 403 410 113 
Vertex 114 distance 21
0 434 523 425 114 
Vertex 115 distance 30
0 434 315 235 208 403 387 115 
Vertex 116 distance 18
0 365 333 474 116 
Vertex 117 distance 34
0 434 523 425 22 117 
Vertex 118 distance 33
0 434 99 497 220 611 267 620 298 118 
Vertex 119 distance 25
0 434 99 516 246 281 119 
Vertex 120 distance 25
0 434 99 516 97 120 
Vertex 121 distance 34
0 434 315 235 486 594 121 
Vertex 122 distance 32
0 434 315 235 486 594 122 
Vertex 123 distance 40
0 434 99 497 65 123 
Vertex 124 distance 32
0 365 333 606 214 331 124 
Vertex 125 distance 23
0 434 315 235 419 289 555 61 125 
Vertex 126 distance 24
0 434 99 497 209 189 126 
Vertex 127 distance 35
0 365 333 474 116 48 153 203 90 577 507 127 
Vertex 128 distance 32
0 434 315 235 208 403 5 608 128 
Vertex 129 distance 30
0 434 129 
Vertex 130 distance 45
0 434 324 195 436 130 
Vertex 131 distance 24
0 434 315 235 486 594 131 
Vertex 132 distance 24
0 365 253 269 416 534 132 
Vertex 133 distance 32
0 434 99 516 572 133 
Vertex 134 distance 26
0 434 315 235 208 403 5 134 
Vertex 135 distance 41
0 434 99 497 65 135 
Vertex 136 distance 26
0 434 523 136 
Vertex 137 distance 31
0 434 315 235 137 
Vertex 138 distance 26
0 365 253 602 138 
Vertex 139 distance 30
0 434 106 101 85 478 376 139 
Vertex 140 distance 31
0 434 99 516 572 140 
Vertex 141 distance 28
0 434 315 235 486 594 624 141 
Vertex 142 distance 24
0 434 99 497 220 611 389 152 142 
Vertex 143 distance 38
0 434 315 211 168 344 230 143 
Vertex 144 distance 29
0 434 106 101 34 338 224 144 
Vertex 145 distance 33
0 365 333 606 330 145 
Vertex 146 distance 31
0 365 333 606 330 146 
Vertex 147 distance 44
0 365 253 490 513 188 147 
Vertex 148 distance 37
0 434 106 101 34 338 541 148 
Vertex 149 distance 26
0 365 333 53 401 149 
Vertex 150 distance 27
0 434 315 235 208 403 410 150 
Vertex 151 distance 37
0 434 315 235 419 289 226 427 205 151 
Vertex 152 distance 17
0 434 99 497 220 611 389 152 
Vertex 153 distance 22
0 365 333 474 116 48 153 
Vertex 154 distance 45
0 365 537 459 154 
Vertex 155 distance 27
0 434 106 23 257 155 
Vertex 156 distance 27
0 365 253 269 416 534 132 156 
Vertex 157 distance 38
0 434 523 425 157 
Vertex 158 distance 30
0 434 315 235 419 289 450 178 197 583 158 
Vertex 159 distance 25
0 434 315 235 208 159 
Vertex 160 distance 38
0 365 253 269 210 504 10 160 
Vertex 161 distance 28
0 365 253 602 138 161 
Vertex 162 distance 28
0 434 106 101 85 162 
Vertex 163 distance 39
0 434 99 516 409 41 163 
Vertex 164 distance 28
0 434 315 235 419 289 450 178 197 583 164 
Vertex 165 distance 14
0 434 99 497 165 
Vertex 166 distance 17
0 434 99 497 220 611 166 
Vertex 167 distance 40
0 365 333 474 116 231 8 167 
Vertex 168 distance 11
0 434 315 211 168 
Vertex 169 distance 31
0 434 99 516 97 556 112 169 
Vertex 170 distance 31
0 434 324 612 3 170 
Vertex 171 distance 29
0 434 315 235 419 171 
Vertex 172 distance 36
0 434 99 497 220 611 372 439 502 172 
Vertex 173 distance 24
0 434 315 235 486 594 173 
Vertex 174 distance 29
0 434 315 235 419 289 450 186 174 
Vertex 175 distance 31
0 434 99 497 65 463 185 175 
Vertex 176 distance 37
0 434 315 235 486 594 122 176 
Vertex 177 distance 31
0 434 315 235 419 445 177 
Vertex 178 distance 19
0 434 315 235 419 289 450 178 
Vertex 179 distance 27
0 434 315 235 208 403 5 179 
Vertex 180 distance 31
0 434 99 497 404 582 33 349 180 
Vertex 181 distance 30
0 434 99 516 246 625 457 181 
Vertex 182 distance 24
0 434 315 235 419 289 621 217 603 182 
Vertex 183 distance 24
0 434 99 497 220 611 389 183 
Vertex 184 distance 33
0 365 333 606 240 305 352 184 
Vertex 185 distance 22
0 434 99 497 65 463 185 
Vertex 186 distance 24
0 434 315 235 419 289 450 186 
Vertex 187 distance 29
0 365 253 269 416 534 187 
Vertex 188 distance 26
0 365 253 490 513 188 
Vertex 189 distance 18
0 434 99 497 209 189 
Vertex 190 distance 46
0 434 99 28 332 190 
Vertex 191 distance 33
0 365 333 606 240 305 352 191 
Vertex 192 distance 34
0 434 315 235 486 192 
Vertex 193 distance 27
0 434 99 497 220 611 372 439 193 
Vertex 194 distance 32
0 434 324 612 110 194 
Vertex 195 distance 28
0 434 324 195 
Vertex 196 distance 22
0 365 333 474 116 48 196 
Vertex 197 distance 20
0 434 315 235 419 289 450 178 197 
Vertex 198 distance 42
0 434 315 235 208 403 410 561 198 
Vertex 199 distance 39
0 434 106 101 199 
Vertex 200 distance 58
0 434 523 425 114 13 200 
Vertex 201 distance 46
0 434 106 101 85 201 
Vertex 202 distance 22
0 365 537 202 
Vertex 203 distance 24
0 365 333 474 116 48 153 203 
Vertex 204 distance 18
0 434 315 235 419 204 
Vertex 205 distance 32
0 434 315 235 419 289 226 427 205 
Vertex 206 distance 39
0 434 315 235 208 403 5 608 206 
Vertex 207 distance 35
0 434 106 207 
Vertex 208 distance 14
0 434 315 235 208 
Vertex 209 distance 14
0 434 99 497 209 
Vertex 210 distance 19
0 365 253 269 210 
Vertex 211 distance 8
0 434 315 211 
Vertex 212 distance 28
0 365 253 490 212 
Vertex 213 distance 28
0 365 333 606 564 213 
Vertex 214 distance 22
0 365 333 606 214 
Vertex 215 distance 41
0 434 315 235 486 192 215 
Vertex 216 distance 27
0 434 15 381 216 
Vertex 217 distance 22
0 434 315 235 419 289 621 217 
Vertex 218 distance 33
0 365 333 53 401 149 218 
Vertex 219 distance 34
0 434 523 464 219 
Vertex 220 distance 13
0 434 99 497 220 
Vertex 221 distance 35
0 434 106 101 34 338 31 221 
Vertex 222 distance 39
0 434 106 23 257 155 222 
Vertex 223 distance 47
0 434 523 425 114 13 560 223 
Vertex 224 distance 25
0 434 106 101 34 338 224 
Vertex 225 distance 25
0 365 333 606 388 225 
Vertex 226 distance 20
0 434 315 235 419 289 226 
Vertex 227 distance 27
0 434 99 497 209 189 633 276 227 
Vertex 228 distance 35
0 365 537 366 39 228 
Vertex 229 distance 41
0 434 315 235 419 289 226 427 205 151 229 
Vertex 230 distance 21
0 434 315 211 168 344 230 
Vertex 231 distance 20
0 365 333 474 116 231 
Vertex 232 distance 37
0 434 315 235 419 289 450 527 24 604 232 
Vertex 233 distance 32
0 434 99 497 209 189 126 580 233 
Vertex 234 distance 21
0 434 15 381 234 
Vertex 235 distance 8
0 434 315 235 
Vertex 236 distance 33
0 434 99 497 404 299 317 236 
Vertex 237 distance 26
0 434 99 237 
Vertex 238 distance 24
0 434 315 235 238 
Vertex 239 distance 28
0 365 253 269 210 239 
Vertex 240 distance 23
0 365 333 606 240 
Vertex 241 distance 24
0 434 99 497 404 241 
Vertex 242 distance 32
0 434 106 101 34 338 31 242 
Vertex 243 distance 30
0 434 315 235 419 289 450 493 438 43 243 
Vertex 244 distance 32
0 434 99 516 97 556 112 169 244 
Vertex 245 distance 36
0 365 333 606 2 245 
Vertex 246 distance 16
0 434 99 516 246 
Vertex 247 distance 20
0 365 253 269 247 
Vertex 248 distance 37
0 365 253 269 248 
Vertex 249 distance 24
0 365 333 474 116 249 
Vertex 250 distance 33
0 365 333 606 240 305 250 
Vertex 251 distance 35
0 434 106 405 251 
Vertex 252 distance 35
0 434 99 516 246 252 
Vertex 253 distance 12
0 365 253 
Vertex 254 distance 49
0 434 99 516 572 491 18 254 
Vertex 255 distance 36
0 434 99 516 246 625 457 181 255 
Vertex 256 distance 31
0 365 333 474 116 48 153 256 
Vertex 257 distance 20
0 434 106 23 257 
Vertex 258 distance 35
0 434 315 235 208 403 5 608 128 258 
Vertex 259 distance 33
0 365 333 606 259 
Vertex 260 distance 25
0 434 106 83 260 
Vertex 261 distance 33
0 365 253 490 513 261 
Vertex 262 distance 40
0 434 99 516 246 262 
Vertex 263 distance 41
0 434 99 516 246 263 
Vertex 264 distance 41
0 434 315 211 334 264 
Vertex 265 distance 33
0 434 99 497 407 355 265 
Vertex 266 distance 27
0 434 315 235 419 289 450 178 197 266 
Vertex 267 distance 17
0 434 99 497 220 611 267 
Vertex 268 distance 35
0 365 49 415 25 268 
Vertex 269 distance 13
0 365 253 269 
Vertex 270 distance 19
0 434 315 235 419 289 270 
Vertex 271 distance 36
0 434 99 497 209 470 632 271 
Vertex 272 distance 36
0 365 253 269 416 534 132 26 272 
Vertex 273 distance 29
0 365 253 269 210 273 
Vertex 274 distance 30
0 434 99 497 220 611 372 439 193 274 
Vertex 275 distance 21
0 434 99 497 291 275 
Vertex 276 distance 26
0 434 99 497 209 189 633 276 
Vertex 277 distance 44
0 434 99 516 572 277 
Vertex 278 distance 34
0 365 333 278 
Vertex 279 distance 36
0 434 99 497 65 463 356 279 
Vertex 280 distance 26
0 434 106 280 
Vertex 281 distance 18
0 434 99 516 246 281 
Vertex 282 distance 34
0 365 333 606 388 615 600 282 
Vertex 283 distance 28
0 365 333 606 388 615 283 
Vertex 284 distance 24
0 365 49 284 
Vertex 285 distance 28
0 434 106 83 285 
Vertex 286 distance 27
0 365 333 606 564 286 
Vertex 287 distance 34
0 434 99 497 407 355 287 
Vertex 288 distance 35
0 365 253 490 212 288 
Vertex 289 distance 12
0 434 315 235 419 289 
Vertex 290 distance 34
0 434 99 497 404 582 336 290 
Vertex 291 distance 13
0 434 99 497 291 
Vertex 292 distance 29
0 365 333 474 116 48 153 320 292 
Vertex 293 distance 24
0 434 315 235 419 445 293 
Vertex 294 distance 38
0 365 253 269 210 239 358 294 
Vertex 295 distance 33
0 434 99 497 209 470 76 295 
Vertex 296 distance 32
0 365 333 474 116 249 69 296 
Vertex 297 distance 28
0 434 99 497 220 611 166 297 
Vertex 298 distance 29
0 434 99 497 220 611 267 620 298 
Vertex 299 distance 30
0 434 99 497 404 299 
Vertex 300 distance 29
0 434 99 497 220 611 267 620 300 
Vertex 301 distance 25
0 434 315 235 419 204 301 
Vertex 302 distance 29
0 434 315 211 483 302 
Vertex 303 distance 45
0 434 99 497 220 611 372 306 303 
Vertex 304 distance 22
0 434 99 497 65 463 304 
Vertex 305 distance 24
0 365 333 606 240 305 
Vertex 306 distance 29
0 434 99 497 220 611 372 306 
Vertex 307 distance 38
0 434 106 23 257 107 563 307 
Vertex 308 distance 18
0 434 99 497 165 308 
Vertex 309 distance 28
0 434 315 235 419 289 450 186 309 
Vertex 310 distance 45
0 434 99 516 97 556 112 361 310 
Vertex 311 distance 33
0 365 333 606 388 311 
Vertex 312 distance 27
0 434 315 235 486 312 
Vertex 313 distance 30
0 434 99 497 209 189 633 276 227 313 
Vertex 314 distance 25
0 434 99 497 404 582 488 314 
Vertex 315 distance 6
0 434 315 
Vertex 316 distance 22
0 434 99 497 209 189 316 
Vertex 317 distance 32
0 434 99 497 404 299 317 
Vertex 318 distance 28
0 365 333 56 318 
Vertex 319 distance 40
0 434 99 516 572 482 553 319 
Vertex 320 distance 25
0 365 333 474 116 48 153 320 
Vertex 321 distance 35
0 434 315 211 168 344 230 66 321 
Vertex 322 distance 33
0 434 99 516 97 4 322 
Vertex 323 distance 30
0 365 333 474 116 469 323 
Vertex 324 distance 18
0 434 324 
Vertex 325 distance 30
0 434 99 516 572 325 
Vertex 326 distance 26
0 434 99 497 209 189 316 326 
Vertex 327 distance 34
0 434 324 484 451 499 525 327 
Vertex 328 distance 24
0 434 99 497 209 189 316 328 
Vertex 329 distance 32
0 434 99 497 220 611 267 329 
Vertex 330 distance 25
0 365 333 606 330 
Vertex 331 distance 29
0 365 333 606 214 331 
Vertex 332 distance 36
0 434 99 28 332 
Vertex 333 distance 11
0 365 333 
Vertex 334 distance 26
0 434 315 211 334 
Vertex 335 distance 43
0 429 104 77 335 
Vertex 336 distance 23
0 434 99 497 404 582 336 
Vertex 337 distance 27
0 434 99 497 407 355 337 
Vertex 338 distance 20
0 434 106 101 34 338 
Vertex 339 distance 26
0 434 99 497 209 339 
Vertex 340 distance 42
0 365 253 269 247 340 
Vertex 341 distance 31
0 434 106 23 257 107 619 341 
Vertex 342 distance 29
0 434 315 235 419 289 450 493 342 
Vertex 343 distance 27
0 434 106 23 343 
Vertex 344 distance 19
0 434 315 211 168 344 
Vertex 345 distance 33
0 434 315 235 419 289 621 597 345 
Vertex 346 distance 36
0 434 315 235 486 594 131 346 
Vertex 347 distance 34
0 434 315 235 419 289 465 347 
Vertex 348 distance 22
0 434 99 497 220 611 166 348 
Vertex 349 distance 23
0 434 99 497 404 582 33 349 
Vertex 350 distance 36
0 434 99 497 209 470 350 
Vertex 351 distance 31
0 365 253 490 351 
Vertex 352 distance 27
0 365 333 606 240 305 352 
Vertex 353 distance 31
0 434 106 23 257 155 353 
Vertex 354 distance 26
0 434 99 497 291 354 
Vertex 355 distance 20
0 434 99 497 407 355 
Vertex 356 distance 23
0 434 99 497 65 463 356 
Vertex 357 distance 32
0 365 253 602 138 161 591 492 357 
Vertex 358 distance 37
0 365 253 269 210 239 358 
Vertex 359 distance 34
0 434 315 211 168 344 230 359 
Vertex 360 distance 26
0 365 333 360 
Vertex 361 distance 37
0 434 99 516 97 556 112 361 
Vertex 362 distance 28
0 434 315 235 486 494 362 
Vertex 363 distance 24
0 434 99 497 165 308 363 
Vertex 364 distance 32
0 434 99 497 209 470 632 540 364 
Vertex 365 distance 5
0 365 
Vertex 366 distance 32
0 365 537 366 
Vertex 367 distance 33
0 434 315 211 168 433 367 
Vertex 368 distance 29
0 365 333 606 214 368 
Vertex 369 distance 22
0 365 333 474 116 48 369 
Vertex 370 distance 31
0 434 99 497 404 299 370 
Vertex 371 distance 31
0 434 315 235 419 289 450 186 174 371 
Vertex 372 distance 25
0 434 99 497 220 611 372 
Vertex 373 distance 30
0 365 253 269 416 534 132 26 373 
Vertex 374 distance 33
0 434 99 497 404 582 488 314 374 
Vertex 375 distance 36
0 365 333 474 116 231 8 375 
Vertex 376 distance 28
0 434 106 101 85 478 376 
Vertex 377 distance 35
0 365 253 269 210 239 38 377 
Vertex 378 distance 29
0 365 253 490 513 188 543 378 
Vertex 379 distance 36
0 434 99 497 220 379 
Vertex 380 distance 35
0 434 99 516 572 482 553 380 
Vertex 381 distance 20
0 434 15 381 
Vertex 382 distance 27
0 434 99 497 209 189 382 
Vertex 383 distance 31
0 434 106 101 85 478 376 139 383 
Vertex 384 distance 27
0 365 333 53 401 149 384 
Vertex 385 distance 57
0 434 315 235 419 289 450 186 385 
Vertex 386 distance 48
0 434 99 497 65 135 386 
Vertex 387 distance 26
0 434 315 235 208 403 387 
Vertex 388 distance 23
0 365 333 606 388 
Vertex 389 distance 16
0 434 99 497 220 611 389 
Vertex 390 distance 28
0 434 99 497 65 449 390 
Vertex 391 distance 38
0 434 315 235 486 594 131 14 391 
Vertex 392 distance 29
0 365 333 474 116 48 153 203 90 392 
Vertex 393 distance 32
0 365 253 490 513 393 
Vertex 394 distance 34
0 365 333 474 116 249 69 20 394 
Vertex 395 distance 38
0 365 333 53 569 395 
Vertex 396 distance 39
0 434 99 497 407 396 
Vertex 397 distance 26
0 434 99 497 65 463 185 397 
Vertex 398 distance 43
0 434 99 497 209 470 632 540 562 398 
Vertex 399 distance 30
0 365 333 606 388 615 399 
Vertex 400 distance 23
0 365 333 474 116 231 400 
Vertex 401 distance 23
0 365 333 53 401 
Vertex 402 distance 40
0 365 333 606 214 402 
Vertex 403 distance 15
0 434 315 235 208 403 
Vertex 404 distance 14
0 434 99 497 404 
Vertex 405 distance 17
0 434 106 405 
Vertex 406 distance 33
0 365 333 474 116 48 153 203 90 577 406 
Vertex 407 distance 19
0 434 99 497 407 
Vertex 408 distance 22
0 434 315 235 486 494 408 
Vertex 409 distance 31
0 434 99 516 409 
Vertex 410 distance 16
0 434 315 235 208 403 410 
Vertex 411 distance 35
0 365 253 269 210 273 411 
Vertex 412 distance 35
0 365 333 606 388 615 412 
Vertex 413 distance 40
0 434 315 235 419 289 450 186 413 
Vertex 414 distance 36
0 434 99 516 246 281 1 542 414 
Vertex 415 distance 29
0 365 49 415 
Vertex 416 distance 18
0 365 253 269 416 
Vertex 417 distance 38
0 434 99 497 404 299 601 417 
Vertex 418 distance 23
0 434 315 211 418 
Vertex 419 distance 11
0 434 315 235 419 
Vertex 420 distance 30
0 434 99 497 209 189 316 538 420 
Vertex 421 distance 40
0 365 333 474 421 
Vertex 422 distance 35
0 434 523 464 219 422 
Vertex 423 distance 32
0 434 99 28 423 
Vertex 424 distance 29
0 434 315 211 168 424 
Vertex 425 distance 19
0 434 523 425 
Vertex 426 distance 40
0 434 315 211 168 344 230 66 587 614 426 
Vertex 427 distance 25
0 434 315 235 419 289 226 427 
Vertex 428 distance 50
0 434 99 497 404 582 488 314 374 94 428 
Vertex 429 distance 22
0 429 
Vertex 430 distance 32
0 434 99 497 220 611 372 439 193 274 430 
Vertex 431 distance 29
0 365 333 360 16 431 
Vertex 432 distance 37
0 434 324 612 432 
Vertex 433 distance 26
0 434 315 211 168 433 
Vertex 434 distance 1
0 434 
Vertex 435 distance 29
0 434 315 235 419 289 450 493 435 
Vertex 436 distance 31
0 434 324 195 436 
Vertex 437 distance 15
0 365 333 437 
Vertex 438 distance 25
0 434 315 235 419 289 450 493 438 
Vertex 439 distance 26
0 434 99 497 220 611 372 439 
Vertex 440 distance 31
0 434 99 535 590 440 
Vertex 441 distance 34
0 434 315 235 419 289 555 61 441 
Vertex 442 distance 33
0 434 315 211 168 433 442 
Vertex 443 distance 36
0 434 315 235 419 289 450 178 197 21 443 
Vertex 444 distance 25
0 365 49 284 444 
Vertex 445 distance 13
0 434 315 235 419 445 
Vertex 446 distance 33
0 434 315 235 446 
Vertex 447 distance 27
0 434 523 136 447 
Vertex 448 distance 39
0 365 253 490 513 188 543 512 448 
Vertex 449 distance 22
0 434 99 497 65 449 
Vertex 450 distance 16
0 434 315 235 419 289 450 
Vertex 451 distance 23
0 434 324 484 451 
Vertex 452 distance 40
0 434 99 497 220 611 267 329 545 452 
Vertex 453 distance 48
0 434 315 235 486 594 131 14 453 
Vertex 454 distance 29
0 434 324 612 110 454 
Vertex 455 distance 27
0 434 99 516 246 281 455 
Vertex 456 distance 31
0 365 253 490 513 188 456 
Vertex 457 distance 28
0 434 99 516 246 625 457 
Vertex 458 distance 25
0 458 
Vertex 459 distance 37
0 365 537 459 
Vertex 460 distance 36
0 365 333 474 116 48 196 460 
Vertex 461 distance 39
0 434 99 516 246 625 457 181 255 461 
Vertex 462 distance 27
0 434 315 235 486 594 173 462 
Vertex 463 distance 20
0 434 99 497 65 463 
Vertex 464 distance 19
0 434 523 464 
Vertex 465 distance 23
0 434 315 235 419 289 465 
Vertex 466 distance 32
0 434 99 516 246 281 119 466 
Vertex 467 distance 17
0 434 315 235 419 445 467 
Vertex 468 distance 41
0 365 333 606 564 286 468 
Vertex 469 distance 22
0 365 333 474 116 469 
Vertex 470 distance 27
0 434 99 497 209 470 
Vertex 471 distance 31
0 434 324 612 581 471 
Vertex 472 distance 48
0 365 333 474 116 48 369 596 472 
Vertex 473 distance 26
0 434 99 516 97 556 473 
Vertex 474 distance 15
0 365 333 474 
Vertex 475 distance 30
0 434 315 211 483 475 
Vertex 476 distance 28
0 434 99 497 220 611 389 152 142 476 
Vertex 477 distance 38
0 434 315 235 419 289 555 61 531 477 
Vertex 478 distance 24
0 434 106 101 85 478 
Vertex 479 distance 33
0 434 315 235 419 204 479 
Vertex 480 distance 35
0 434 99 516 246 281 119 466 480 
Vertex 481 distance 39
0 434 15 381 60 586 481 
Vertex 482 distance 27
0 434 99 516 572 482 
Vertex 483 distance 23
0 434 315 211 483 
Vertex 484 distance 21
0 434 324 484 
Vertex 485 distance 32
0 434 106 101 85 478 376 139 383 485 
Vertex 486 distance 11
0 434 315 235 486 
Vertex 487 distance 36
0 434 99 497 404 241 487 
Vertex 488 distance 20
0 434 99 497 404 582 488 
Vertex 489 distance 43
0 434 99 516 489 
Vertex 490 distance 18
0 365 253 490 
Vertex 491 distance 27
0 434 99 516 572 491 
Vertex 492 distance 31
0 365 253 602 138 161 591 492 
Vertex 493 distance 22
0 434 315 235 419 289 450 493 
Vertex 494 distance 17
0 434 315 235 486 494 
Vertex 495 distance 43
0 434 315 235 208 403 5 608 495 
Vertex 496 distance 36
0 434 99 497 220 611 496 
Vertex 497 distance 8
0 434 99 497 
Vertex 498 distance 29
0 434 315 235 419 289 498 
Vertex 499 distance 27
0 434 324 484 451 499 
Vertex 500 distance 29
0 434 99 497 209 189 633 276 500 
Vertex 501 distance 30
0 365 253 490 212 501 
Vertex 502 distance 31
0 434 99 497 220 611 372 439 502 
Vertex 503 distance 25
0 434 315 235 419 289 450 178 197 583 503 
Vertex 504 distance 36
0 365 253 269 210 504 
Vertex 505 distance 49
0 365 333 53 401 573 505 
Vertex 506 distance 49
0 365 333 606 564 286 506 
Vertex 507 distance 31
0 365 333 474 116 48 153 203 90 577 507 
Vertex 508 distance 32
0 434 99 497 65 463 304 508 
Vertex 509 distance 42
0 429 509 
Vertex 510 distance 27
0 365 333 474 116 231 510 
Vertex 511 distance 36
0 365 253 269 416 534 132 511 
Vertex 512 distance 35
0 365 253 490 513 188 543 512 
Vertex 513 distance 22
0 365 253 490 513 
Vertex 514 distance 43
0 434 315 235 419 289 450 186 174 371 514 
Vertex 515 distance 32
0 434 106 405 533 515 
Vertex 516 distance 14
0 434 99 516 
Vertex 517 distance 28
0 434 315 235 486 517 
Vertex 518 distance 33
0 365 253 95 518 
Vertex 519 distance 40
0 365 519 
Vertex 520 distance 20
0 434 520 
Vertex 521 distance 35
0 434 99 516 246 281 455 521 
Vertex 522 distance 37
0 434 106 23 343 103 522 
Vertex 523 distance 15
0 434 523 
Vertex 524 distance 39
0 434 99 28 524 
Vertex 525 distance 29
0 434 324 484 451 499 525 
Vertex 526 distance 32
0 434 315 235 208 159 526 
Vertex 527 distance 23
0 434 315 235 419 289 450 527 
Vertex 528 distance 41
0 434 99 516 246 262 528 
Vertex 529 distance 27
0 434 99 497 291 354 529 
Vertex 530 distance 27
0 434 315 47 530 
Vertex 531 distance 34
0 434 315 235 419 289 555 61 531 
Vertex 532 distance 35
0 365 253 490 513 188 543 532 
Vertex 533 distance 22
0 434 106 405 533 
Vertex 534 distance 21
0 365 253 269 416 534 
Vertex 535 distance 25
0 434 99 535 
Vertex 536 distance 25
0 434 99 497 220 611 166 348 536 
Vertex 537 distance 21
0 365 537 
Vertex 538 distance 26
0 434 99 497 209 189 316 538 
Vertex 539 distance 30
0 434 99 497 65 449 539 
Vertex 540 distance 31
0 434 99 497 209 470 632 540 
Vertex 541 distance 26
0 434 106 101 34 338 541 
Vertex 542 distance 31
0 434 99 516 246 281 1 542 
Vertex 543 distance 28
0 365 253 490 513 188 543 
Vertex 544 distance 42
0 434 315 235 486 494 544 
Vertex 545 distance 36
0 434 99 497 220 611 267 329 545 
Vertex 546 distance 25
0 434 99 497 65 463 356 546 
Vertex 547 distance 23
0 434 15 547 
Vertex 548 distance 31
0 429 104 548 
Vertex 549 distance 36
0 434 99 497 65 463 185 175 549 
Vertex 550 distance 30
0 434 106 101 34 550 
Vertex 551 distance 31
0 434 99 497 404 582 336 551 
Vertex 552 distance 31
0 434 99 237 552 
Vertex 553 distance 34
0 434 99 516 572 482 553 
Vertex 554 distance 31
0 434 99 497 404 582 336 554 
Vertex 555 distance 20
0 434 315 235 419 289 555 
Vertex 556 distance 22
0 434 99 516 97 556 
Vertex 557 distance 20
0 434 106 405 557 
Vertex 558 distance 28
0 434 315 235 486 594 558 
Vertex 559 distance 39
0 434 315 235 419 289 450 186 309 623 559 
Vertex 560 distance 33
0 434 523 425 114 13 560 
Vertex 561 distance 37
0 434 315 235 208 403 410 561 
Vertex 562 distance 33
0 434 99 497 209 470 632 540 562 
Vertex 563 distance 25
0 434 106 23 257 107 563 
Vertex 564 distance 18
0 365 333 606 564 
Vertex 565 distance 37
0 434 106 101 34 338 31 565 
Vertex 566 distance 33
0 434 315 235 486 517 566 
Vertex 567 distance 33
0 434 99 516 97 556 112 169 244 567 
Vertex 568 distance 27
0 365 333 474 116 48 369 568 
Vertex 569 distance 28
0 365 333 53 569 
Vertex 570 distance 46
0 434 99 28 524 570 
Vertex 571 distance 28
0 365 253 490 571 
Vertex 572 distance 26
0 434 99 516 572 
Vertex 573 distance 29
0 365 333 53 401 573 
Vertex 574 distance 30
0 434 315 235 208 403 410 574 
Vertex 575 distance 34
0 434 315 575 
Vertex 576 distance 36
0 434 106 405 533 576 
Vertex 577 distance 27
0 365 333 474 116 48 153 203 90 577 
Vertex 578 distance 35
0 434 99 497 209 189 316 326 578 
Vertex 579 distance 26
0 434 15 381 234 579 
Vertex 580 distance 28
0 434 99 497 209 189 126 580 
Vertex 581 distance 27
0 434 324 612 581 
Vertex 582 distance 16
0 434 99 497 404 582 
Vertex 583 distance 22
0 434 315 235 419 289 450 178 197 583 
Vertex 584 distance 35
0 434 99 497 291 275 584 
Vertex 585 distance 33
0 365 333 606 214 331 585 
Vertex 586 distance 32
0 434 15 381 60 586 
Vertex 587 distance 28
0 434 315 211 168 344 230 66 587 
Vertex 588 distance 40
0 365 333 474 116 249 69 296 588 
Vertex 589 distance 38
0 434 315 235 419 289 450 493 435 589 
Vertex 590 distance 26
0 434 99 535 590 
Vertex 591 distance 30
0 365 253 602 138 161 591 
Vertex 592 distance 26
0 365 333 474 116 48 369 592 
Vertex 593 distance 32
0 434 315 235 419 171 593 
Vertex 594 distance 19
0 434 315 235 486 594 
Vertex 595 distance 49
0 434 99 516 572 491 18 595 
Vertex 596 distance 40
0 365 333 474 116 48 369 596 
Vertex 597 distance 28
0 434 315 235 419 289 621 597 
Vertex 598 distance 42
0 365 333 474 72 598 
Vertex 599 distance 31
0 434 315 235 419 289 621 597 599 
Vertex 600 distance 32
0 365 333 606 388 615 600 
Vertex 601 distance 31
0 434 99 497 404 299 601 
Vertex 602 distance 20
0 365 253 602 
Vertex 603 distance 23
0 434 315 235 419 289 621 217 603 
Vertex 604 distance 34
0 434 315 235 419 289 450 527 24 604 
Vertex 605 distance 30
0 365 333 53 401 616 605 
Vertex 606 distance 17
0 365 333 606 
Vertex 607 distance 23
0 434 99 497 209 607 
Vertex 608 distance 30
0 434 315 235 208 403 5 608 
Vertex 609 distance 23
0 365 333 606 214 609 
Vertex 610 distance 49
0 434 315 235 486 594 558 610 
Vertex 611 distance 15
0 434 99 497 220 611 
Vertex 612 distance 20
0 434 324 612 
Vertex 613 distance 39
0 434 106 101 613 
Vertex 614 distance 31
0 434 315 211 168 344 230 66 587 614 
Vertex 615 distance 24
0 365 333 606 388 615 
Vertex 616 distance 29
0 365 333 53 401 616 
Vertex 617 distance 31
0 434 99 516 97 617 
Vertex 618 distance 34
0 434 618 
Vertex 619 distance 28
0 434 106 23 257 107 619 
Vertex 620 distance 28
0 434 99 497 220 611 267 620 
Vertex 621 distance 20
0 434 315 235 419 289 621 
Vertex 622 distance 36
0 434 15 381 60 586 622 
Vertex 623 distance 31
0 434 315 235 419 289 450 186 309 623 
Vertex 624 distance 26
0 434 315 235 486 594 624 
Vertex 625 distance 17
0 434 99 516 246 625 
Vertex 626 distance 31
0 434 99 497 65 463 304 626 
Vertex 627 distance 14
0 365 253 627 
Vertex 628 distance 34
0 365 333 474 116 48 196 628 
Vertex 629 distance 36
0 434 99 497 291 275 629 
Vertex 630 distance 27
0 365 630 
Vertex 631 distance 31
0 434 106 23 257 107 619 631 
Vertex 632 distance 28
0 434 99 497 209 470 632 
Vertex 633 distance 21
0 434 99 497 209 189 633 
Vertex 634 distance 43
0 434 99 497 220 611 267 620 300 634 
Vertex 635 distance 32
0 434 106 23 257 635 
Vertex 636 distance 47
0 434 315 235 419 289 450 493 438 636 
Vertex 637 distance 35
0 434 99 497 220 611 389 152 637 
Vertex 638 distance 22
0 434 315 235 638 
Vertex 639 distance 34
0 434 106 23 257 155 353 639 
