Vertex 0 distance 0
0 0 
Vertex 1 distance 11
0 148 132 63 17 253 1 
Vertex 2 distance 12
0 148 132 269 100 249 159 2 
Vertex 3 distance 11
0 148 132 63 17 213 216 115 3 
Vertex 4 distance 12
0 148 132 63 17 213 216 115 79 4 
Vertex 5 distance 10
0 148 132 63 275 95 259 5 
Vertex 6 distance 13
0 148 132 269 80 225 46 6 
Vertex 7 distance 11
0 148 132 269 100 249 7 
Vertex 8 distance 16
0 148 132 63 17 213 86 117 121 45 8 
Vertex 9 distance 11
0 148 132 63 17 253 9 
Vertex 10 distance 12
0 148 132 63 275 95 98 165 10 
Vertex 11 distance 14
0 148 132 63 275 95 44 156 11 
Vertex 12 distance 14
0 148 132 63 275 12 
Vertex 13 distance 11
0 148 134 211 219 183 13 
Vertex 14 distance 13
0 148 132 63 17 228 14 
Vertex 15 distance 14
0 148 264 15 
Vertex 16 distance 13
0 148 132 63 275 16 
Vertex 17 distance 5
0 148 132 63 17 
Vertex 18 distance 17
0 148 132 63 18 
Vertex 19 distance 12
0 148 132 63 260 19 
Vertex 20 distance 12
0 148 132 269 80 225 20 
Vertex 21 distance 11
0 148 132 63 275 95 259 5 21 
Vertex 22 distance 13
0 148 48 51 22 
Vertex 23 distance 15
0 148 132 63 275 95 291 23 
Vertex 24 distance 15
0 148 132 63 17 24 
Vertex 25 distance 16
0 148 191 239 25 
Vertex 26 distance 15
0 148 134 211 304 26 
Vertex 27 distance 12
0 148 132 63 17 213 49 244 72 27 
Vertex 28 distance 17
0 148 48 181 28 
Vertex 29 distance 11
0 148 132 63 17 213 189 55 29 
Vertex 30 distance 6
0 148 132 63 30 
Vertex 31 distance 14
0 148 132 269 100 249 149 31 
Vertex 32 distance 12
0 148 204 32 
Vertex 33 distance 10
0 148 132 63 17 213 49 279 33 
Vertex 34 distance 14
0 148 132 63 17 213 189 55 29 34 
Vertex 35 distance 14
0 148 134 211 314 35 
Vertex 36 distance 11
0 148 36 
Vertex 37 distance 12
0 148 132 269 100 37 
Vertex 38 distance 11
0 148 132 63 17 271 38 
Vertex 39 distance 13
0 148 48 201 39 
Vertex 40 distance 13
0 148 132 63 17 213 40 
Vertex 41 distance 11
0 148 132 63 275 95 222 112 41 
Vertex 42 distance 11
0 148 132 63 17 213 113 42 
Vertex 43 distance 13
0 148 132 269 100 158 43 
Vertex 44 distance 9
0 148 132 63 275 95 44 
Vertex 45 distance 14
0 148 132 63 17 213 86 117 121 45 
Vertex 46 distance 11
0 148 132 269 80 225 46 
Vertex 47 distance 16
0 148 132 269 100 249 159 2 47 
Vertex 48 distance 5
0 148 48 
Vertex 49 distance 8
0 148 132 63 17 213 49 
Vertex 50 distance 10
0 148 293 50 
Vertex 51 distance 9
0 148 48 51 
Vertex 52 distance 15
0 148 132 269 100 249 159 155 52 
Vertex 53 distance 10
0 148 132 63 17 228 53 
Vertex 54 distance 9
0 148 132 63 17 213 216 54 
Vertex 55 distance 10
0 148 132 63 17 213 189 55 
Vertex 56 distance 11
0 148 204 197 56 
Vertex 57 distance 14
0 148 134 211 311 220 57 
Vertex 58 distance 12
0 148 132 63 17 213 216 115 58 
Vertex 59 distance 12
0 148 293 50 59 
Vertex 60 distance 13
0 148 48 190 60 
Vertex 61 distance 15
0 148 132 63 17 213 49 61 
Vertex 62 distance 14
0 148 132 269 100 249 281 62 
Vertex 63 distance 3
0 148 132 63 
Vertex 64 distance 14
0 148 134 270 188 64 
Vertex 65 distance 13
0 148 132 269 100 65 
Vertex 66 distance 16
0 148 132 63 17 228 53 101 66 
Vertex 67 distance 13
0 263 67 
Vertex 68 distance 11
0 148 132 269 100 249 226 174 68 
Vertex 69 distance 11
0 148 132 63 17 69 
Vertex 70 distance 14
0 148 132 63 17 213 49 279 33 129 70 
Vertex 71 distance 12
0 148 132 63 275 95 44 71 
Vertex 72 distance 11
0 148 132 63 17 213 49 244 72 
Vertex 73 distance 15
0 148 166 176 73 
Vertex 74 distance 17
0 148 132 63 260 313 74 
Vertex 75 distance 12
0 148 132 63 17 213 49 244 171 173 75 
Vertex 76 distance 14
0 148 132 63 17 213 189 55 29 76 
Vertex 77 distance 11
0 148 132 63 275 95 259 77 
Vertex 78 distance 12
0 148 132 63 17 213 86 78 
Vertex 79 distance 11
0 148 132 63 17 213 216 115 79 
Vertex 80 distance 8
0 148 132 269 80 
Vertex 81 distance 14
0 148 134 211 219 81 
Vertex 82 distance 12
0 148 132 63 275 95 291 82 
Vertex 83 distance 11
0 148 132 63 17 245 83 
Vertex 84 distance 14
0 148 132 269 100 249 281 84 
Vertex 85 distance 11
0 148 166 85 
Vertex 86 distance 10
0 148 132 63 17 213 86 
Vertex 87 distance 17
0 148 132 63 17 213 49 244 72 308 87 
Vertex 88 distance 17
0 148 48 130 88 
Vertex 89 distance 13
0 148 132 63 275 95 98 89 
Vertex 90 distance 12
0 148 132 63 17 213 216 115 90 
Vertex 91 distance 14
0 148 132 63 17 228 91 
Vertex 92 distance 12
0 263 92 
Vertex 93 distance 13
0 148 132 63 17 213 86 117 93 
Vertex 94 distance 12
0 148 132 63 17 213 189 55 94 
Vertex 95 distance 6
0 148 132 63 275 95 
Vertex 96 distance 12
0 148 132 269 100 249 96 
Vertex 97 distance 18
0 148 132 63 275 95 222 112 284 97 
Vertex 98 distance 9
0 148 132 63 275 95 98 
Vertex 99 distance 12
0 148 99 
Vertex 100 distance 7
0 148 132 269 100 
Vertex 101 distance 13
0 148 132 63 17 228 53 101 
Vertex 102 distance 13
0 263 102 
Vertex 103 distance 14
0 148 132 63 17 213 237 103 
Vertex 104 distance 15
0 148 132 63 104 
Vertex 105 distance 14
0 148 264 105 
Vertex 106 distance 13
0 148 132 63 260 313 106 
Vertex 107 distance 16
0 148 132 269 100 158 43 107 
Vertex 108 distance 13
0 148 132 63 17 213 113 42 108 
Vertex 109 distance 11
0 148 132 63 275 95 98 165 109 
Vertex 110 distance 12
0 148 132 63 275 95 259 110 
Vertex 111 distance 11
0 148 132 63 17 213 113 111 
Vertex 112 distance 9
0 148 132 63 275 95 222 112 
Vertex 113 distance 8
0 148 132 63 17 213 113 
Vertex 114 distance 13
0 114 
Vertex 115 distance 10
0 148 132 63 17 213 216 115 
Vertex 116 distance 12
0 148 48 51 116 
Vertex 117 distance 11
0 148 132 63 17 213 86 117 
Vertex 118 distance 13
0 148 132 269 100 249 159 118 
Vertex 119 distance 11
0 148 48 181 119 
Vertex 120 distance 15
0 148 132 63 17 213 216 115 90 120 
Vertex 121 distance 12
0 148 132 63 17 213 86 117 121 
Vertex 122 distance 13
0 148 132 63 17 213 216 115 199 122 
Vertex 123 distance 11
0 148 132 269 100 249 149 123 
Vertex 124 distance 17
0 148 132 269 100 249 149 123 124 
Vertex 125 distance 14
0 148 132 63 17 213 49 244 72 27 125 
Vertex 126 distance 11
0 148 134 211 314 126 
Vertex 127 distance 16
0 148 132 63 17 213 189 55 94 127 
Vertex 128 distance 12
0 148 132 128 
Vertex 129 distance 13
0 148 132 63 17 213 49 279 33 129 
Vertex 130 distance 14
0 148 48 130 
Vertex 131 distance 15
0 148 132 269 273 131 
Vertex 132 distance 2
0 148 132 
Vertex 133 distance 14
0 148 134 270 208 255 133 
Vertex 134 distance 5
0 148 134 
Vertex 135 distance 12
0 148 132 269 273 135 
Vertex 136 distance 14
0 148 132 269 100 249 159 2 136 
Vertex 137 distance 12
0 148 134 217 137 
Vertex 138 distance 12
0 148 132 269 100 249 226 138 
Vertex 139 distance 11
0 148 132 269 273 139 
Vertex 140 distance 12
0 148 132 63 275 95 222 140 
Vertex 141 distance 15
0 148 132 63 17 213 86 254 141 
Vertex 142 distance 16
0 148 132 269 100 249 149 123 142 
Vertex 143 distance 13
0 148 134 211 278 143 
Vertex 144 distance 13
0 148 132 63 275 144 
Vertex 145 distance 13
0 148 134 211 314 145 
Vertex 146 distance 17
0 148 132 63 17 213 189 157 146 
Vertex 147 distance 15
0 148 204 251 147 
Vertex 148 distance 1
0 148 
Vertex 149 distance 9
0 148 132 269 100 249 149 
Vertex 150 distance 15
0 148 132 63 17 213 49 244 202 150 
Vertex 151 distance 11
0 148 132 63 17 213 113 223 151 
Vertex 152 distance 13
0 148 48 181 152 
Vertex 153 distance 13
0 148 132 269 80 296 153 
Vertex 154 distance 15
0 148 166 85 154 
Vertex 155 distance 12
0 148 132 269 100 249 159 155 
Vertex 156 distance 11
0 148 132 63 275 95 44 156 
Vertex 157 distance 11
0 148 132 63 17 213 189 157 
Vertex 158 distance 11
0 148 132 269 100 158 
Vertex 159 distance 10
0 148 132 269 100 249 159 
Vertex 160 distance 12
0 148 132 63 17 228 160 
Vertex 161 distance 13
0 148 134 211 314 126 272 161 
Vertex 162 distance 20
0 148 132 269 80 225 20 162 
Vertex 163 distance 10
0 148 132 63 17 213 189 163 
Vertex 164 distance 18
0 114 164 
Vertex 165 distance 10
0 148 132 63 275 95 98 165 
Vertex 166 distance 9
0 148 166 
Vertex 167 distance 16
0 148 132 63 17 213 86 117 185 167 
Vertex 168 distance 17
0 148 134 270 208 168 
Vertex 169 distance 14
0 148 48 283 319 169 
Vertex 170 distance 15
0 263 92 170 
Vertex 171 distance 10
0 148 132 63 17 213 49 244 171 
Vertex 172 distance 11
0 148 132 63 17 213 172 
Vertex 173 distance 11
0 148 132 63 17 213 49 244 171 173 
Vertex 174 distance 10
0 148 132 269 100 249 226 174 
Vertex 175 distance 11
0 148 132 63 275 175 
Vertex 176 distance 10
0 148 166 176 
Vertex 177 distance 16
0 148 99 177 
Vertex 178 distance 12
0 148 132 63 275 95 98 178 
Vertex 179 distance 14
0 148 48 51 179 
Vertex 180 distance 15
0 148 48 181 180 
Vertex 181 distance 9
0 148 48 181 
Vertex 182 distance 13
0 148 134 211 182 
Vertex 183 distance 10
0 148 134 211 219 183 
Vertex 184 distance 10
0 184 
Vertex 185 distance 14
0 148 132 63 17 213 86 117 185 
Vertex 186 distance 13
0 148 132 63 17 213 113 111 186 
Vertex 187 distance 14
0 148 132 269 80 225 46 187 
Vertex 188 distance 12
0 148 134 270 188 
Vertex 189 distance 9
0 148 132 63 17 213 189 
Vertex 190 distance 12
0 148 48 190 
Vertex 191 distance 10
0 148 191 
Vertex 192 distance 12
0 148 134 192 
Vertex 193 distance 8
0 148 132 269 100 193 
Vertex 194 distance 12
0 148 134 270 194 
Vertex 195 distance 12
0 148 132 63 17 213 216 115 195 
Vertex 196 distance 13
0 148 132 63 275 95 44 156 196 
Vertex 197 distance 9
0 148 204 197 
Vertex 198 distance 13
0 148 134 211 314 126 198 
Vertex 199 distance 12
0 148 132 63 17 213 216 115 199 
Vertex 200 distance 16
0 148 204 197 56 200 
Vertex 201 distance 8
0 148 48 201 
Vertex 202 distance 11
0 148 132 63 17 213 49 244 202 
Vertex 203 distance 13
0 148 132 63 17 228 53 203 
Vertex 204 distance 7
0 148 204 
Vertex 205 distance 11
0 148 132 269 100 205 
Vertex 206 distance 13
0 184 287 206 
Vertex 207 distance 11
0 148 132 63 275 95 222 112 207 
Vertex 208 distance 12
0 148 134 270 208 
Vertex 209 distance 15
0 148 132 63 275 95 98 165 10 209 
Vertex 210 distance 17
0 148 204 197 307 210 
Vertex 211 distance 7
0 148 134 211 
Vertex 212 distance 15
0 148 132 63 275 95 44 212 
Vertex 213 distance 6
0 148 132 63 17 213 
Vertex 214 distance 11
0 148 132 63 275 214 
Vertex 215 distance 16
0 148 132 63 17 213 216 215 
Vertex 216 distance 8
0 148 132 63 17 213 216 
Vertex 217 distance 11
0 148 134 217 
Vertex 218 distance 15
0 148 132 63 17 213 189 55 290 218 
Vertex 219 distance 8
0 148 134 211 219 
Vertex 220 distance 13
0 148 134 211 311 220 
Vertex 221 distance 17
0 148 132 269 100 249 159 2 47 221 
Vertex 222 distance 8
0 148 132 63 275 95 222 
Vertex 223 distance 10
0 148 132 63 17 213 113 223 
Vertex 224 distance 11
0 148 132 63 17 224 
Vertex 225 distance 10
0 148 132 269 80 225 
Vertex 226 distance 9
0 148 132 269 100 249 226 
Vertex 227 distance 13
0 148 134 270 227 
Vertex 228 distance 8
0 148 132 63 17 228 
Vertex 229 distance 13
0 148 132 63 17 228 160 229 
Vertex 230 distance 12
0 148 134 211 219 183 13 230 
Vertex 231 distance 14
0 148 132 63 275 95 222 112 231 
Vertex 232 distance 18
0 148 132 63 17 253 1 232 
Vertex 233 distance 13
0 148 134 270 233 
Vertex 234 distance 16
0 148 132 269 100 158 234 
Vertex 235 distance 15
0 148 132 63 17 213 113 235 
Vertex 236 distance 11
0 148 132 269 100 249 281 236 
Vertex 237 distance 12
0 148 132 63 17 213 237 
Vertex 238 distance 16
0 148 132 269 100 249 159 292 238 
Vertex 239 distance 12
0 148 191 239 
Vertex 240 distance 10
0 148 132 63 240 
Vertex 241 distance 16
0 148 132 63 275 95 259 5 21 241 
Vertex 242 distance 15
0 148 132 269 100 249 226 138 242 
Vertex 243 distance 10
0 148 293 243 
Vertex 244 distance 9
0 148 132 63 17 213 49 244 
Vertex 245 distance 8
0 148 132 63 17 245 
Vertex 246 distance 14
0 184 246 
Vertex 247 distance 10
0 148 132 269 80 247 
Vertex 248 distance 16
0 148 132 63 17 213 237 248 
Vertex 249 distance 8
0 148 132 269 100 249 
Vertex 250 distance 15
0 148 132 63 275 16 250 
Vertex 251 distance 14
0 148 204 251 
Vertex 252 distance 13
0 148 132 269 100 249 252 
Vertex 253 distance 10
0 148 132 63 17 253 
Vertex 254 distance 14
0 148 132 63 17 213 86 254 
Vertex 255 distance 13
0 148 134 270 208 255 
Vertex 256 distance 11
0 148 132 63 275 95 222 256 
Vertex 257 distance 13
0 148 132 269 80 257 
Vertex 258 distance 16
0 148 132 269 80 225 46 258 
Vertex 259 distance 9
0 148 132 63 275 95 259 
Vertex 260 distance 10
0 148 132 63 260 
Vertex 261 distance 10
0 148 48 283 261 
Vertex 262 distance 14
0 148 48 283 262 
Vertex 263 distance 9
0 263 
Vertex 264 distance 12
0 148 264 
Vertex 265 distance 10
0 148 132 265 
Vertex 266 distance 12
0 148 132 63 275 95 222 112 266 
Vertex 267 distance 15
0 148 134 270 188 267 
Vertex 268 distance 14
0 148 132 63 275 95 259 77 268 
Vertex 269 distance 6
0 148 132 269 
Vertex 270 distance 11
0 148 134 270 
Vertex 271 distance 9
0 148 132 63 17 271 
Vertex 272 distance 12
0 148 134 211 314 126 272 
Vertex 273 distance 10
0 148 132 269 273 
Vertex 274 distance 13
0 148 132 63 30 274 
Vertex 275 distance 4
0 148 132 63 275 
Vertex 276 distance 12
0 148 132 63 17 276 
Vertex 277 distance 15
0 148 132 269 100 249 277 
Vertex 278 distance 12
0 148 134 211 278 
Vertex 279 distance 9
0 148 132 63 17 213 49 279 
Vertex 280 distance 12
0 148 132 63 17 253 280 
Vertex 281 distance 10
0 148 132 269 100 249 281 
Vertex 282 distance 13
0 148 132 63 17 213 49 244 72 27 282 
Vertex 283 distance 8
0 148 48 283 
Vertex 284 distance 15
0 148 132 63 275 95 222 112 284 
Vertex 285 distance 13
0 148 132 63 17 213 86 285 
Vertex 286 distance 16
0 148 132 63 17 213 49 279 33 286 
Vertex 287 distance 12
0 184 287 
Vertex 288 distance 12
0 148 166 176 288 
Vertex 289 distance 12
0 289 
Vertex 290 distance 11
0 148 132 63 17 213 189 55 290 
Vertex 291 distance 7
0 148 132 63 275 95 291 
Vertex 292 distance 15
0 148 132 269 100 249 159 292 
Vertex 293 distance 8
0 148 293 
Vertex 294 distance 14
0 148 134 211 314 145 294 
Vertex 295 distance 13
0 148 132 269 100 249 149 123 295 
Vertex 296 distance 12
0 148 132 269 80 296 
Vertex 297 distance 18
0 148 132 63 17 213 86 117 297 
Vertex 298 distance 14
0 148 132 63 275 16 298 
Vertex 299 distance 13
0 148 264 299 
Vertex 300 distance 14
0 148 132 63 17 213 86 78 300 
Vertex 301 distance 12
0 148 132 63 17 253 1 301 
Vertex 302 distance 16
0 148 132 63 17 213 49 244 72 27 282 302 
Vertex 303 distance 11
0 184 303 
Vertex 304 distance 14
0 148 134 211 304 
Vertex 305 distance 12
0 148 132 63 17 213 113 223 305 
Vertex 306 distance 12
0 148 132 269 100 249 306 
Vertex 307 distance 14
0 148 204 197 307 
Vertex 308 distance 16
0 148 132 63 17 213 49 244 72 308 
Vertex 309 distance 13
0 148 132 128 309 
Vertex 310 distance 17
0 148 132 63 17 213 86 117 121 45 8 310 
Vertex 311 distance 12
0 148 134 211 311 
Vertex 312 distance 13
0 148 132 269 100 249 149 312 
Vertex 313 distance 12
0 148 132 63 260 313 
Vertex 314 distance 10
0 148 134 211 314 
Vertex 315 distance 14
0 148 134 211 278 315 
Vertex 316 distance 12
0 148 191 316 
Vertex 317 distance 16
0 148 132 63 17 213 113 317 
Vertex 318 distance 12
0 148 132 63 17 213 49 244 318 
Vertex 319 distance 12
0 148 48 283 319 
