Vertex 0 distance 0
0 0 
Vertex 1 distance 13
0 573 534 330 361 287 375 337 16 1 
Vertex 2 distance 14
0 573 534 330 361 287 193 2 
Vertex 3 distance 13
0 297 3 
Vertex 4 distance 13
0 573 534 330 361 287 4 
Vertex 5 distance 12
0 567 5 
Vertex 6 distance 14
0 297 634 6 
Vertex 7 distance 15
0 573 534 330 361 539 7 
Vertex 8 distance 14
0 573 119 344 346 504 111 8 
Vertex 9 distance 10
0 573 119 237 9 
Vertex 10 distance 16
0 573 534 330 361 287 261 461 10 
Vertex 11 distance 12
0 11 
Vertex 12 distance 15
0 573 119 344 346 12 
Vertex 13 distance 13
0 573 534 330 361 287 375 337 334 13 
Vertex 14 distance 14
0 573 534 274 207 490 14 
Vertex 15 distance 11
0 86 418 497 15 
Vertex 16 distance 10
0 573 534 330 361 287 375 337 16 
Vertex 17 distance 11
0 573 534 280 17 
Vertex 18 distance 12
0 573 551 508 18 
Vertex 19 distance 16
0 573 119 603 155 548 19 
Vertex 20 distance 13
0 573 534 330 361 539 244 20 
Vertex 21 distance 14
0 573 119 110 196 21 
Vertex 22 distance 12
0 573 534 278 353 22 
Vertex 23 distance 15
0 573 534 278 378 521 23 
Vertex 24 distance 8
0 86 24 
Vertex 25 distance 12
0 573 119 603 581 352 25 
Vertex 26 distance 14
0 573 534 330 361 287 375 26 
Vertex 27 distance 11
0 91 27 
Vertex 28 distance 13
0 573 119 344 385 28 
Vertex 29 distance 15
0 573 534 330 361 287 4 135 29 
Vertex 30 distance 13
0 86 24 30 
Vertex 31 distance 11
0 573 119 31 
Vertex 32 distance 13
0 573 534 274 552 77 156 32 
Vertex 33 distance 9
0 573 534 280 126 33 
Vertex 34 distance 21
0 567 307 592 619 34 
Vertex 35 distance 15
0 573 534 330 361 287 365 393 527 35 
Vertex 36 distance 14
0 573 534 274 207 490 116 313 36 
Vertex 37 distance 13
0 573 534 330 361 287 375 337 370 290 266 37 
Vertex 38 distance 16
0 573 534 330 361 287 375 337 16 38 
Vertex 39 distance 14
0 573 534 280 126 33 39 
Vertex 40 distance 13
0 573 534 330 361 287 284 388 40 
Vertex 41 distance 13
0 573 534 278 435 41 
Vertex 42 distance 10
0 573 534 280 126 33 42 
Vertex 43 distance 10
0 268 43 
Vertex 44 distance 9
0 573 534 44 
Vertex 45 distance 14
0 268 402 85 45 
Vertex 46 distance 15
0 297 634 409 46 
Vertex 47 distance 11
0 573 534 278 47 
Vertex 48 distance 12
0 573 119 48 
Vertex 49 distance 12
0 573 534 330 361 287 365 393 49 
Vertex 50 distance 13
0 573 119 237 9 50 
Vertex 51 distance 10
0 573 534 274 207 51 
Vertex 52 distance 12
0 573 534 330 361 105 73 450 52 
Vertex 53 distance 12
0 573 119 603 581 352 426 53 
Vertex 54 distance 15
0 573 534 330 361 287 134 114 54 
Vertex 55 distance 21
0 573 119 603 581 113 55 
Vertex 56 distance 14
0 573 534 330 361 105 221 446 56 
Vertex 57 distance 13
0 573 534 274 552 360 57 
Vertex 58 distance 15
0 573 534 274 552 77 58 
Vertex 59 distance 13
0 573 119 237 282 59 
Vertex 60 distance 14
0 573 534 330 361 287 261 60 
Vertex 61 distance 9
0 573 534 278 353 61 
Vertex 62 distance 11
0 573 551 590 161 62 
Vertex 63 distance 17
0 573 119 344 346 63 
Vertex 64 distance 13
0 573 119 344 542 131 614 64 
Vertex 65 distance 14
0 573 534 330 361 188 65 
Vertex 66 distance 10
0 297 634 66 
Vertex 67 distance 9
0 573 534 330 67 
Vertex 68 distance 12
0 573 534 274 207 439 68 
Vertex 69 distance 13
0 573 119 366 606 69 
Vertex 70 distance 13
0 573 119 603 155 627 598 70 
Vertex 71 distance 11
0 573 534 330 361 287 261 71 
Vertex 72 distance 14
0 573 534 280 126 158 255 72 
Vertex 73 distance 8
0 573 534 330 361 105 73 
Vertex 74 distance 10
0 573 383 563 74 
Vertex 75 distance 11
0 567 509 75 
Vertex 76 distance 10
0 86 76 
Vertex 77 distance 9
0 573 534 274 552 77 
Vertex 78 distance 13
0 573 534 330 361 287 365 78 
Vertex 79 distance 16
0 573 551 79 
Vertex 80 distance 12
0 573 119 344 542 112 317 80 
Vertex 81 distance 12
0 573 534 330 361 287 261 81 
Vertex 82 distance 15
0 573 534 330 361 287 134 82 
Vertex 83 distance 15
0 91 168 323 83 
Vertex 84 distance 17
0 573 119 603 581 113 84 
Vertex 85 distance 10
0 268 402 85 
Vertex 86 distance 7
0 86 
Vertex 87 distance 11
0 573 119 603 87 
Vertex 88 distance 12
0 573 119 138 392 88 
Vertex 89 distance 13
0 573 534 274 552 77 156 89 
Vertex 90 distance 10
0 91 90 
Vertex 91 distance 7
0 91 
Vertex 92 distance 11
0 573 119 603 155 548 92 
Vertex 93 distance 11
0 573 119 603 581 93 
Vertex 94 distance 14
0 573 119 344 542 112 317 94 
Vertex 95 distance 13
0 573 534 330 361 287 375 337 584 95 
Vertex 96 distance 13
0 573 534 330 361 287 261 202 96 
Vertex 97 distance 12
0 573 534 280 126 158 474 97 
Vertex 98 distance 14
0 573 534 278 353 620 98 
Vertex 99 distance 14
0 573 551 590 187 99 
Vertex 100 distance 14
0 573 534 330 361 287 100 
Vertex 101 distance 12
0 573 534 274 207 51 101 
Vertex 102 distance 12
0 184 102 
Vertex 103 distance 14
0 573 534 330 500 133 103 
Vertex 104 distance 11
0 573 119 344 542 112 104 
Vertex 105 distance 7
0 573 534 330 361 105 
Vertex 106 distance 15
0 573 119 344 385 547 106 
Vertex 107 distance 13
0 573 534 274 552 376 107 
Vertex 108 distance 9
0 573 119 237 507 108 
Vertex 109 distance 10
0 573 534 330 361 105 73 450 109 
Vertex 110 distance 11
0 573 119 110 
Vertex 111 distance 13
0 573 119 344 346 504 111 
Vertex 112 distance 9
0 573 119 344 542 112 
Vertex 113 distance 10
0 573 119 603 581 113 
Vertex 114 distance 14
0 573 534 330 361 287 134 114 
Vertex 115 distance 13
0 573 119 603 271 115 
Vertex 116 distance 8
0 573 534 274 207 490 116 
Vertex 117 distance 13
0 573 119 31 117 
Vertex 118 distance 12
0 573 534 330 361 105 118 
Vertex 119 distance 5
0 573 119 
Vertex 120 distance 14
0 573 551 590 234 120 
Vertex 121 distance 13
0 573 534 274 552 77 156 121 
Vertex 122 distance 14
0 573 119 237 507 122 
Vertex 123 distance 13
0 573 119 237 561 123 
Vertex 124 distance 12
0 573 551 224 124 
Vertex 125 distance 14
0 86 418 497 15 517 125 
Vertex 126 distance 8
0 573 534 280 126 
Vertex 127 distance 10
0 573 383 143 127 
Vertex 128 distance 13
0 573 119 603 155 627 128 
Vertex 129 distance 11
0 297 129 
Vertex 130 distance 14
0 573 534 330 361 287 375 337 334 338 130 
Vertex 131 distance 10
0 573 119 344 542 131 
Vertex 132 distance 15
0 573 534 330 361 287 365 449 132 
Vertex 133 distance 9
0 573 534 330 500 133 
Vertex 134 distance 9
0 573 534 330 361 287 134 
Vertex 135 distance 14
0 573 534 330 361 287 4 135 
Vertex 136 distance 17
0 573 119 344 542 142 272 502 136 
Vertex 137 distance 14
0 573 119 344 542 131 614 425 137 
Vertex 138 distance 9
0 573 119 138 
Vertex 139 distance 10
0 573 534 274 207 139 
Vertex 140 distance 12
0 573 551 590 161 140 
Vertex 141 distance 14
0 573 534 274 207 490 239 141 
Vertex 142 distance 9
0 573 119 344 542 142 
Vertex 143 distance 9
0 573 383 143 
Vertex 144 distance 14
0 573 534 330 361 105 73 450 151 144 
Vertex 145 distance 13
0 573 119 603 271 145 
Vertex 146 distance 15
0 573 119 603 581 352 492 146 
Vertex 147 distance 11
0 573 534 280 147 
Vertex 148 distance 19
0 573 119 344 542 131 614 390 148 
Vertex 149 distance 9
0 573 534 330 361 287 149 
Vertex 150 distance 18
0 573 119 138 392 210 150 
Vertex 151 distance 10
0 573 534 330 361 105 73 450 151 
Vertex 152 distance 16
0 573 383 563 486 152 
Vertex 153 distance 11
0 573 315 153 
Vertex 154 distance 15
0 573 119 344 469 154 
Vertex 155 distance 8
0 573 119 603 155 
Vertex 156 distance 12
0 573 534 274 552 77 156 
Vertex 157 distance 10
0 573 551 224 157 
Vertex 158 distance 9
0 573 534 280 126 158 
Vertex 159 distance 11
0 573 119 603 155 411 159 
Vertex 160 distance 13
0 573 534 44 160 
Vertex 161 distance 9
0 573 551 590 161 
Vertex 162 distance 14
0 573 534 274 207 490 116 324 162 
Vertex 163 distance 11
0 86 24 163 
Vertex 164 distance 13
0 573 534 330 361 287 284 164 
Vertex 165 distance 13
0 573 534 330 361 287 375 337 334 338 165 
Vertex 166 distance 14
0 573 551 590 187 463 256 166 
Vertex 167 distance 15
0 573 119 344 542 112 204 167 
Vertex 168 distance 11
0 91 168 
Vertex 169 distance 15
0 573 534 278 353 61 169 
Vertex 170 distance 12
0 573 534 274 207 490 116 313 170 
Vertex 171 distance 19
0 573 534 330 500 171 
Vertex 172 distance 17
0 573 315 499 172 
Vertex 173 distance 17
0 86 173 
Vertex 174 distance 19
0 573 534 330 500 174 
Vertex 175 distance 11
0 573 119 603 155 175 
Vertex 176 distance 13
0 573 534 330 361 105 73 450 151 176 
Vertex 177 distance 15
0 573 534 330 361 539 244 177 
Vertex 178 distance 13
0 573 534 330 361 287 375 337 334 178 
Vertex 179 distance 14
0 573 315 223 336 179 
Vertex 180 distance 17
0 573 119 344 385 547 180 
Vertex 181 distance 16
0 573 551 590 161 437 181 
Vertex 182 distance 15
0 573 534 330 361 287 375 337 182 
Vertex 183 distance 15
0 573 551 224 183 
Vertex 184 distance 10
0 184 
Vertex 185 distance 14
0 86 418 185 
Vertex 186 distance 12
0 573 534 274 207 490 186 
Vertex 187 distance 10
0 573 551 590 187 
Vertex 188 distance 11
0 573 534 330 361 188 
Vertex 189 distance 13
0 573 534 330 500 189 
Vertex 190 distance 11
0 573 383 143 127 190 
Vertex 191 distance 14
0 573 534 330 361 287 375 458 191 
Vertex 192 distance 10
0 573 534 278 378 192 
Vertex 193 distance 11
0 573 534 330 361 287 193 
Vertex 194 distance 13
0 567 509 470 194 
Vertex 195 distance 12
0 573 119 603 87 195 
Vertex 196 distance 12
0 573 119 110 196 
Vertex 197 distance 14
0 184 480 197 
Vertex 198 distance 13
0 573 119 344 577 198 
Vertex 199 distance 9
0 86 623 199 
Vertex 200 distance 12
0 573 119 344 385 503 200 
Vertex 201 distance 12
0 573 119 603 155 548 201 
Vertex 202 distance 11
0 573 534 330 361 287 261 202 
Vertex 203 distance 11
0 91 90 203 
Vertex 204 distance 10
0 573 119 344 542 112 204 
Vertex 205 distance 12
0 573 119 366 269 205 
Vertex 206 distance 13
0 573 383 563 238 206 
Vertex 207 distance 4
0 573 534 274 207 
Vertex 208 distance 14
0 91 208 
Vertex 209 distance 14
0 573 119 603 155 627 598 209 
Vertex 210 distance 14
0 573 119 138 392 210 
Vertex 211 distance 12
0 91 90 203 211 
Vertex 212 distance 13
0 268 212 
Vertex 213 distance 12
0 567 509 213 
Vertex 214 distance 15
0 91 208 214 
Vertex 215 distance 14
0 573 534 274 215 
Vertex 216 distance 17
0 573 119 603 155 548 92 602 216 
Vertex 217 distance 13
0 573 119 237 282 325 217 
Vertex 218 distance 11
0 573 534 330 361 287 365 218 
Vertex 219 distance 13
0 573 534 330 361 287 340 219 
Vertex 220 distance 13
0 573 315 223 220 
Vertex 221 distance 8
0 573 534 330 361 105 221 
Vertex 222 distance 16
0 573 534 330 361 105 73 450 151 387 554 222 
Vertex 223 distance 8
0 573 315 223 
Vertex 224 distance 9
0 573 551 224 
Vertex 225 distance 18
0 573 119 603 225 
Vertex 226 distance 13
0 573 534 330 361 539 244 226 
Vertex 227 distance 14
0 573 119 603 581 113 227 
Vertex 228 distance 18
0 573 315 223 457 228 
Vertex 229 distance 11
0 573 315 223 229 
Vertex 230 distance 15
0 573 534 330 361 287 365 449 230 
Vertex 231 distance 14
0 573 534 330 361 287 340 231 
Vertex 232 distance 15
0 573 383 232 
Vertex 233 distance 12
0 573 551 224 233 
Vertex 234 distance 10
0 573 551 590 234 
Vertex 235 distance 11
0 86 24 235 
Vertex 236 distance 13
0 573 315 236 
Vertex 237 distance 6
0 573 119 237 
Vertex 238 distance 11
0 573 383 563 238 
Vertex 239 distance 11
0 573 534 274 207 490 239 
Vertex 240 distance 12
0 573 315 395 240 
Vertex 241 distance 12
0 567 509 249 241 
Vertex 242 distance 16
0 573 119 344 469 242 
Vertex 243 distance 14
0 573 119 603 155 627 598 70 243 
Vertex 244 distance 11
0 573 534 330 361 539 244 
Vertex 245 distance 15
0 91 245 
Vertex 246 distance 13
0 573 534 330 361 287 284 246 
Vertex 247 distance 13
0 573 534 330 361 287 375 337 370 247 
Vertex 248 distance 10
0 573 119 344 248 
Vertex 249 distance 11
0 567 509 249 
Vertex 250 distance 12
0 86 250 
Vertex 251 distance 21
0 573 119 138 392 251 
Vertex 252 distance 14
0 573 534 330 361 287 134 252 
Vertex 253 distance 10
0 573 534 280 126 158 253 
Vertex 254 distance 17
0 573 534 274 207 490 14 254 
Vertex 255 distance 11
0 573 534 280 126 158 255 
Vertex 256 distance 12
0 573 551 590 187 463 256 
Vertex 257 distance 16
0 573 534 274 215 257 
Vertex 258 distance 11
0 573 534 278 353 258 
Vertex 259 distance 10
0 573 534 330 500 133 259 
Vertex 260 distance 10
0 573 383 563 260 
Vertex 261 distance 9
0 573 534 330 361 287 261 
Vertex 262 distance 14
0 573 534 330 500 133 259 262 
Vertex 263 distance 12
0 573 534 330 500 263 
Vertex 264 distance 17
0 573 534 330 361 287 375 337 370 247 264 
Vertex 265 distance 12
0 573 119 603 581 352 265 
Vertex 266 distance 12
0 573 534 330 361 287 375 337 370 290 266 
Vertex 267 distance 13
0 573 551 508 18 267 
Vertex 268 distance 8
0 268 
Vertex 269 distance 10
0 573 119 366 269 
Vertex 270 distance 15
0 573 534 330 361 287 134 464 270 
Vertex 271 distance 8
0 573 119 603 271 
Vertex 272 distance 10
0 573 119 344 542 142 272 
Vertex 273 distance 10
0 573 534 330 361 105 221 273 
Vertex 274 distance 3
0 573 534 274 
Vertex 275 distance 12
0 573 534 280 17 275 
Vertex 276 distance 11
0 573 534 330 361 287 284 276 
Vertex 277 distance 15
0 573 534 280 17 275 277 
Vertex 278 distance 4
0 573 534 278 
Vertex 279 distance 14
0 573 534 330 500 263 279 
Vertex 280 distance 7
0 573 534 280 
Vertex 281 distance 16
0 573 534 274 552 77 156 89 281 
Vertex 282 distance 10
0 573 119 237 282 
Vertex 283 distance 11
0 573 534 278 283 
Vertex 284 distance 10
0 573 534 330 361 287 284 
Vertex 285 distance 13
0 573 551 590 187 285 
Vertex 286 distance 16
0 573 534 330 361 287 261 585 286 
Vertex 287 distance 6
0 573 534 330 361 287 
Vertex 288 distance 16
0 573 119 344 542 142 288 
Vertex 289 distance 12
0 573 119 289 
Vertex 290 distance 11
0 573 534 330 361 287 375 337 370 290 
Vertex 291 distance 12
0 573 119 603 155 548 291 
Vertex 292 distance 11
0 573 119 366 269 292 
Vertex 293 distance 15
0 573 119 344 346 541 293 
Vertex 294 distance 11
0 573 534 330 361 287 375 337 584 294 
Vertex 295 distance 13
0 573 534 274 207 490 239 343 295 
Vertex 296 distance 21
0 573 534 330 361 287 375 337 334 338 165 296 
Vertex 297 distance 5
0 297 
Vertex 298 distance 8
0 297 298 
Vertex 299 distance 15
0 573 534 330 500 189 299 
Vertex 300 distance 15
0 297 634 363 556 576 484 300 
Vertex 301 distance 11
0 297 298 301 
Vertex 302 distance 15
0 573 534 280 126 158 474 302 
Vertex 303 distance 14
0 573 119 603 581 352 426 303 
Vertex 304 distance 15
0 573 119 344 542 304 
Vertex 305 distance 13
0 573 551 590 161 140 305 
Vertex 306 distance 14
0 567 306 
Vertex 307 distance 13
0 567 307 
Vertex 308 distance 13
0 573 119 344 542 112 596 308 
Vertex 309 distance 15
0 573 119 603 87 195 309 
Vertex 310 distance 14
0 573 119 289 310 
Vertex 311 distance 13
0 573 534 278 353 61 311 
Vertex 312 distance 13
0 573 119 603 271 312 
Vertex 313 distance 9
0 573 534 274 207 490 116 313 
Vertex 314 distance 13
0 573 119 344 542 112 596 314 
Vertex 315 distance 7
0 573 315 
Vertex 316 distance 13
0 567 349 316 
Vertex 317 distance 11
0 573 119 344 542 112 317 
Vertex 318 distance 11
0 573 534 274 207 439 318 
Vertex 319 distance 15
0 573 534 330 361 287 375 319 
Vertex 320 distance 12
0 573 534 330 361 287 365 320 
Vertex 321 distance 17
0 573 119 344 346 541 321 
Vertex 322 distance 14
0 86 24 518 322 
Vertex 323 distance 14
0 91 168 323 
Vertex 324 distance 10
0 573 534 274 207 490 116 324 
Vertex 325 distance 11
0 573 119 237 282 325 
Vertex 326 distance 15
0 573 534 280 126 158 255 72 326 
Vertex 327 distance 11
0 573 119 237 327 
Vertex 328 distance 15
0 573 119 344 542 112 328 
Vertex 329 distance 12
0 573 534 280 126 329 
Vertex 330 distance 4
0 573 534 330 
Vertex 331 distance 11
0 573 534 330 361 105 73 450 331 
Vertex 332 distance 11
0 297 634 332 
Vertex 333 distance 16
0 573 534 330 361 105 73 450 109 333 
Vertex 334 distance 11
0 573 534 330 361 287 375 337 334 
Vertex 335 distance 12
0 573 119 603 513 335 
Vertex 336 distance 11
0 573 315 223 336 
Vertex 337 distance 9
0 573 534 330 361 287 375 337 
Vertex 338 distance 12
0 573 534 330 361 287 375 337 334 338 
Vertex 339 distance 12
0 573 534 274 552 376 339 
Vertex 340 distance 12
0 573 534 330 361 287 340 
Vertex 341 distance 13
0 573 534 280 147 341 
Vertex 342 distance 13
0 573 119 603 342 
Vertex 343 distance 12
0 573 534 274 207 490 239 343 
Vertex 344 distance 6
0 573 119 344 
Vertex 345 distance 17
0 573 551 224 124 415 345 
Vertex 346 distance 10
0 573 119 344 346 
Vertex 347 distance 12
0 573 551 508 347 
Vertex 348 distance 14
0 573 551 590 187 348 
Vertex 349 distance 9
0 567 349 
Vertex 350 distance 11
0 573 119 237 433 350 
Vertex 351 distance 12
0 268 351 
Vertex 352 distance 9
0 573 119 603 581 352 
Vertex 353 distance 8
0 573 534 278 353 
Vertex 354 distance 13
0 573 551 590 161 354 
Vertex 355 distance 11
0 573 534 330 361 105 355 
Vertex 356 distance 15
0 573 551 590 161 638 356 
Vertex 357 distance 18
0 573 534 330 361 105 73 450 357 
Vertex 358 distance 15
0 573 534 330 361 287 375 337 370 290 266 37 358 
Vertex 359 distance 9
0 573 534 274 207 359 
Vertex 360 distance 12
0 573 534 274 552 360 
Vertex 361 distance 5
0 573 534 330 361 
Vertex 362 distance 10
0 573 119 366 362 
Vertex 363 distance 10
0 297 634 363 
Vertex 364 distance 14
0 573 534 330 361 287 340 219 364 
Vertex 365 distance 8
0 573 534 330 361 287 365 
Vertex 366 distance 9
0 573 119 366 
Vertex 367 distance 13
0 573 551 508 347 367 
Vertex 368 distance 10
0 573 534 330 361 287 261 368 
Vertex 369 distance 11
0 573 119 603 513 369 
Vertex 370 distance 10
0 573 534 330 361 287 375 337 370 
Vertex 371 distance 15
0 573 534 274 207 490 186 371 
Vertex 372 distance 10
0 573 119 344 542 112 372 
Vertex 373 distance 12
0 573 534 44 373 
Vertex 374 distance 10
0 573 119 603 513 374 
Vertex 375 distance 8
0 573 534 330 361 287 375 
Vertex 376 distance 10
0 573 534 274 552 376 
Vertex 377 distance 14
0 297 634 363 556 576 484 377 
Vertex 378 distance 6
0 573 534 278 378 
Vertex 379 distance 9
0 573 119 603 581 586 379 
Vertex 380 distance 16
0 184 380 
Vertex 381 distance 13
0 573 119 237 507 381 
Vertex 382 distance 11
0 573 119 603 271 382 
Vertex 383 distance 7
0 573 383 
Vertex 384 distance 12
0 573 534 330 361 105 73 450 151 384 
Vertex 385 distance 9
0 573 119 344 385 
Vertex 386 distance 15
0 573 551 590 394 386 
Vertex 387 distance 11
0 573 534 330 361 105 73 450 151 387 
Vertex 388 distance 11
0 573 534 330 361 287 284 388 
Vertex 389 distance 18
0 573 534 330 361 287 375 337 389 
Vertex 390 distance 13
0 573 119 344 542 131 614 390 
Vertex 391 distance 14
0 573 534 330 361 105 73 450 331 391 
Vertex 392 distance 10
0 573 119 138 392 
Vertex 393 distance 10
0 573 534 330 361 287 365 393 
Vertex 394 distance 12
0 573 551 590 394 
Vertex 395 distance 8
0 573 315 395 
Vertex 396 distance 13
0 86 418 497 468 396 
Vertex 397 distance 15
0 573 534 330 361 287 149 397 
Vertex 398 distance 13
0 573 119 603 155 175 398 
Vertex 399 distance 13
0 86 399 
Vertex 400 distance 17
0 86 418 497 400 
Vertex 401 distance 12
0 573 119 603 401 
Vertex 402 distance 9
0 268 402 
Vertex 403 distance 14
0 573 534 274 207 535 403 
Vertex 404 distance 16
0 573 534 330 361 287 375 337 16 1 404 
Vertex 405 distance 10
0 573 534 330 361 405 
Vertex 406 distance 11
0 573 534 274 406 
Vertex 407 distance 17
0 573 534 330 361 105 221 273 407 
Vertex 408 distance 10
0 86 418 408 
Vertex 409 distance 12
0 297 634 409 
Vertex 410 distance 15
0 573 534 278 555 410 
Vertex 411 distance 10
0 573 119 603 155 411 
Vertex 412 distance 13
0 573 383 563 430 412 
Vertex 413 distance 13
0 573 534 330 361 405 413 
Vertex 414 distance 15
0 573 383 414 
Vertex 415 distance 13
0 573 551 224 124 415 
Vertex 416 distance 14
0 573 119 237 433 416 
Vertex 417 distance 14
0 573 551 224 124 417 
Vertex 418 distance 9
0 86 418 
Vertex 419 distance 14
0 573 534 330 361 287 375 337 370 419 
Vertex 420 distance 13
0 573 119 603 581 352 426 420 
Vertex 421 distance 17
0 573 119 603 271 312 421 
Vertex 422 distance 11
0 573 534 44 422 
Vertex 423 distance 11
0 573 610 423 
Vertex 424 distance 13
0 86 418 497 468 424 
Vertex 425 distance 12
0 573 119 344 542 131 614 425 
Vertex 426 distance 11
0 573 119 603 581 352 426 
Vertex 427 distance 13
0 268 43 427 
Vertex 428 distance 13
0 573 315 223 428 
Vertex 429 distance 13
0 573 119 366 269 205 429 
Vertex 430 distance 12
0 573 383 563 430 
Vertex 431 distance 14
0 573 119 237 282 325 217 431 
Vertex 432 distance 13
0 573 119 110 196 432 
Vertex 433 distance 10
0 573 119 237 433 
Vertex 434 distance 12
0 573 534 278 353 61 434 
Vertex 435 distance 12
0 573 534 278 435 
Vertex 436 distance 16
0 297 298 301 436 
Vertex 437 distance 15
0 573 551 590 161 437 
Vertex 438 distance 11
0 573 119 366 606 438 
Vertex 439 distance 9
0 573 534 274 207 439 
Vertex 440 distance 14
0 573 119 344 248 440 
Vertex 441 distance 14
0 573 315 223 229 441 
Vertex 442 distance 13
0 573 534 330 361 405 442 
Vertex 443 distance 12
0 573 534 330 500 443 
Vertex 444 distance 12
0 573 119 366 269 531 444 
Vertex 445 distance 14
0 297 634 66 445 
Vertex 446 distance 11
0 573 534 330 361 105 221 446 
Vertex 447 distance 16
0 573 119 344 346 504 111 447 
Vertex 448 distance 13
0 573 551 508 448 
Vertex 449 distance 11
0 573 534 330 361 287 365 449 
Vertex 450 distance 9
0 573 534 330 361 105 73 450 
Vertex 451 distance 13
0 588 451 
Vertex 452 distance 14
0 573 534 280 126 158 525 452 
Vertex 453 distance 12
0 573 119 344 385 453 
Vertex 454 distance 13
0 573 534 278 353 61 454 
Vertex 455 distance 14
0 573 534 330 455 
Vertex 456 distance 13
0 573 119 366 606 456 
Vertex 457 distance 11
0 573 315 223 457 
Vertex 458 distance 12
0 573 534 330 361 287 375 458 
Vertex 459 distance 11
0 573 534 274 207 459 
Vertex 460 distance 13
0 573 534 330 361 287 284 276 460 
Vertex 461 distance 11
0 573 534 330 361 287 261 461 
Vertex 462 distance 13
0 573 119 603 155 411 159 462 
Vertex 463 distance 11
0 573 551 590 187 463 
Vertex 464 distance 10
0 573 534 330 361 287 134 464 
Vertex 465 distance 11
0 573 119 344 469 465 
Vertex 466 distance 13
0 573 119 603 155 627 598 466 
Vertex 467 distance 12
0 91 90 467 
Vertex 468 distance 12
0 86 418 497 468 
Vertex 469 distance 10
0 573 119 344 469 
Vertex 470 distance 12
0 567 509 470 
Vertex 471 distance 15
0 573 534 278 435 41 471 
Vertex 472 distance 13
0 573 383 143 127 472 
Vertex 473 distance 12
0 573 534 330 361 287 261 71 473 
Vertex 474 distance 11
0 573 534 280 126 158 474 
Vertex 475 distance 13
0 573 315 223 475 
Vertex 476 distance 12
0 573 119 344 248 476 
Vertex 477 distance 12
0 268 477 
Vertex 478 distance 12
0 573 534 330 361 287 365 449 478 
Vertex 479 distance 14
0 573 119 237 507 546 479 
Vertex 480 distance 12
0 184 480 
Vertex 481 distance 14
0 573 119 237 433 350 481 
Vertex 482 distance 13
0 573 119 344 542 112 372 482 
Vertex 483 distance 13
0 573 119 603 581 352 265 483 
Vertex 484 distance 13
0 297 634 363 556 576 484 
Vertex 485 distance 17
0 573 119 138 392 210 485 
Vertex 486 distance 14
0 573 383 563 486 
Vertex 487 distance 12
0 573 119 344 542 112 104 487 
Vertex 488 distance 12
0 268 43 488 
Vertex 489 distance 13
0 297 634 409 489 
Vertex 490 distance 7
0 573 534 274 207 490 
Vertex 491 distance 17
0 573 534 330 361 287 134 114 491 
Vertex 492 distance 10
0 573 119 603 581 352 492 
Vertex 493 distance 15
0 573 534 330 361 287 365 320 493 
Vertex 494 distance 13
0 573 383 563 238 494 
Vertex 495 distance 11
0 573 119 603 513 374 495 
Vertex 496 distance 14
0 496 
Vertex 497 distance 10
0 86 418 497 
Vertex 498 distance 12
0 573 119 603 581 113 498 
Vertex 499 distance 11
0 573 315 499 
Vertex 500 distance 8
0 573 534 330 500 
Vertex 501 distance 16
0 573 119 344 346 12 501 
Vertex 502 distance 14
0 573 119 344 542 142 272 502 
Vertex 503 distance 10
0 573 119 344 385 503 
Vertex 504 distance 12
0 573 119 344 346 504 
Vertex 505 distance 13
0 573 551 590 187 505 
Vertex 506 distance 13
0 573 534 330 361 105 73 450 331 506 
Vertex 507 distance 7
0 573 119 237 507 
Vertex 508 distance 10
0 573 551 508 
Vertex 509 distance 10
0 567 509 
Vertex 510 distance 18
0 573 119 603 271 550 510 
Vertex 511 distance 12
0 573 534 280 147 511 
Vertex 512 distance 14
0 573 383 563 238 512 
Vertex 513 distance 9
0 573 119 603 513 
Vertex 514 distance 11
0 573 119 344 514 
Vertex 515 distance 16
0 573 534 330 361 105 73 450 331 515 
Vertex 516 distance 14
0 573 119 603 581 586 526 516 
Vertex 517 distance 12
0 86 418 497 15 517 
Vertex 518 distance 10
0 86 24 518 
Vertex 519 distance 15
0 573 315 223 519 
Vertex 520 distance 14
0 567 349 520 
Vertex 521 distance 11
0 573 534 278 378 521 
Vertex 522 distance 11
0 573 534 280 126 33 42 522 
Vertex 523 distance 12
0 573 534 274 207 490 116 313 523 
Vertex 524 distance 15
0 297 298 301 524 
Vertex 525 distance 12
0 573 534 280 126 158 525 
Vertex 526 distance 10
0 573 119 603 581 586 526 
Vertex 527 distance 12
0 573 534 330 361 287 365 393 527 
Vertex 528 distance 12
0 573 534 330 361 287 528 
Vertex 529 distance 13
0 573 534 330 361 287 284 536 529 
Vertex 530 distance 11
0 573 119 138 530 
Vertex 531 distance 11
0 573 119 366 269 531 
Vertex 532 distance 14
0 573 551 590 532 
Vertex 533 distance 11
0 573 119 366 606 533 
Vertex 534 distance 2
0 573 534 
Vertex 535 distance 12
0 573 534 274 207 535 
Vertex 536 distance 12
0 573 534 330 361 287 284 536 
Vertex 537 distance 14
0 573 534 278 353 620 537 
Vertex 538 distance 14
0 297 634 538 
Vertex 539 distance 9
0 573 534 330 361 539 
Vertex 540 distance 12
0 573 534 278 353 61 540 
Vertex 541 distance 12
0 573 119 344 346 541 
Vertex 542 distance 8
0 573 119 344 542 
Vertex 543 distance 17
0 573 119 366 269 543 
Vertex 544 distance 13
0 573 383 143 127 544 
Vertex 545 distance 12
0 86 545 
Vertex 546 distance 13
0 573 119 237 507 546 
Vertex 547 distance 14
0 573 119 344 385 547 
Vertex 548 distance 10
0 573 119 603 155 548 
Vertex 549 distance 17
0 573 534 274 552 77 156 32 549 
Vertex 550 distance 12
0 573 119 603 271 550 
Vertex 551 distance 7
0 573 551 
Vertex 552 distance 4
0 573 534 274 552 
Vertex 553 distance 13
0 573 534 330 361 287 365 320 553 
Vertex 554 distance 12
0 573 534 330 361 105 73 450 151 387 554 
Vertex 555 distance 13
0 573 534 278 555 
Vertex 556 distance 11
0 297 634 363 556 
Vertex 557 distance 19
0 567 307 557 
Vertex 558 distance 11
0 573 551 508 558 
Vertex 559 distance 12
0 573 534 44 636 559 
Vertex 560 distance 13
0 573 551 508 347 560 
Vertex 561 distance 12
0 573 119 237 561 
Vertex 562 distance 13
0 297 634 66 597 562 
Vertex 563 distance 9
0 573 383 563 
Vertex 564 distance 15
0 573 383 143 127 544 564 
Vertex 565 distance 11
0 573 119 603 155 548 565 
Vertex 566 distance 12
0 573 534 280 126 158 253 566 
Vertex 567 distance 8
0 567 
Vertex 568 distance 15
0 573 383 563 260 582 568 
Vertex 569 distance 14
0 573 119 625 569 
Vertex 570 distance 13
0 573 534 330 361 287 365 393 578 570 
Vertex 571 distance 12
0 573 534 330 361 105 221 273 571 
Vertex 572 distance 14
0 573 534 274 207 490 239 343 295 572 
Vertex 573 distance 1
0 573 
Vertex 574 distance 10
0 573 119 603 155 574 
Vertex 575 distance 14
0 573 119 344 542 112 596 314 575 
Vertex 576 distance 12
0 297 634 363 556 576 
Vertex 577 distance 11
0 573 119 344 577 
Vertex 578 distance 12
0 573 534 330 361 287 365 393 578 
Vertex 579 distance 14
0 573 119 603 155 175 579 
Vertex 580 distance 19
0 573 551 590 161 638 356 580 
Vertex 581 distance 7
0 573 119 603 581 
Vertex 582 distance 11
0 573 383 563 260 582 
Vertex 583 distance 12
0 91 90 203 583 
Vertex 584 distance 10
0 573 534 330 361 287 375 337 584 
Vertex 585 distance 12
0 573 534 330 361 287 261 585 
Vertex 586 distance 8
0 573 119 603 581 586 
Vertex 587 distance 13
0 573 551 590 161 140 587 
Vertex 588 distance 12
0 588 
Vertex 589 distance 15
0 567 307 589 
Vertex 590 distance 8
0 573 551 590 
Vertex 591 distance 10
0 573 610 591 
Vertex 592 distance 15
0 567 307 592 
Vertex 593 distance 16
0 86 418 497 15 517 593 
Vertex 594 distance 13
0 573 119 344 385 453 594 
Vertex 595 distance 12
0 573 119 603 581 352 595 
Vertex 596 distance 12
0 573 119 344 542 112 596 
Vertex 597 distance 12
0 297 634 66 597 
Vertex 598 distance 12
0 573 119 603 155 627 598 
Vertex 599 distance 17
0 86 418 408 599 
Vertex 600 distance 17
0 573 534 278 600 
Vertex 601 distance 8
0 601 
Vertex 602 distance 12
0 573 119 603 155 548 92 602 
Vertex 603 distance 6
0 573 119 603 
Vertex 604 distance 12
0 573 534 274 207 139 604 
Vertex 605 distance 12
0 573 119 237 282 325 605 
Vertex 606 distance 10
0 573 119 366 606 
Vertex 607 distance 15
0 573 383 563 260 607 
Vertex 608 distance 14
0 297 634 66 597 562 608 
Vertex 609 distance 14
0 573 119 237 507 546 609 
Vertex 610 distance 6
0 573 610 
Vertex 611 distance 13
0 573 534 330 361 287 284 536 611 
Vertex 612 distance 12
0 573 534 274 207 490 612 
Vertex 613 distance 13
0 573 119 344 346 613 
Vertex 614 distance 11
0 573 119 344 542 131 614 
Vertex 615 distance 18
0 297 634 363 556 576 484 377 615 
Vertex 616 distance 14
0 297 634 66 597 562 616 
Vertex 617 distance 13
0 573 534 330 361 287 365 393 49 617 
Vertex 618 distance 12
0 573 119 344 542 131 614 618 
Vertex 619 distance 17
0 567 307 592 619 
Vertex 620 distance 12
0 573 534 278 353 620 
Vertex 621 distance 14
0 573 383 143 127 621 
Vertex 622 distance 12
0 86 24 163 622 
Vertex 623 distance 8
0 86 623 
Vertex 624 distance 13
0 573 551 590 624 
Vertex 625 distance 13
0 573 119 625 
Vertex 626 distance 15
0 573 119 603 626 
Vertex 627 distance 10
0 573 119 603 155 627 
Vertex 628 distance 9
0 573 534 330 628 
Vertex 629 distance 13
0 86 418 637 629 
Vertex 630 distance 12
0 573 383 563 74 630 
Vertex 631 distance 15
0 573 119 344 542 112 372 482 631 
Vertex 632 distance 17
0 573 383 563 260 582 568 632 
Vertex 633 distance 12
0 86 633 
Vertex 634 distance 8
0 297 634 
Vertex 635 distance 15
0 567 509 470 194 635 
Vertex 636 distance 11
0 573 534 44 636 
Vertex 637 distance 12
0 86 418 637 
Vertex 638 distance 13
0 573 551 590 161 638 
Vertex 639 distance 13
0 573 551 590 234 639 
