Vertex 0 distance 0
0 0 
Vertex 1 distance 47
0 432 495 406 546 270 326 194 1 
Vertex 2 distance 40
0 432 225 491 248 239 33 440 454 2 
Vertex 3 distance 39
0 449 299 3 
Vertex 4 distance 35
0 449 199 316 4 
Vertex 5 distance 23
0 432 488 409 458 5 
Vertex 6 distance 35
0 432 488 164 368 525 6 
Vertex 7 distance 42
0 432 488 409 458 5 350 509 556 7 
Vertex 8 distance 33
0 432 495 519 189 8 
Vertex 9 distance 35
0 432 488 164 404 9 
Vertex 10 distance 46
0 449 54 56 10 
Vertex 11 distance 41
0 432 488 409 458 476 374 42 613 126 496 262 11 
Vertex 12 distance 41
0 432 495 406 288 220 12 
Vertex 13 distance 39
0 432 488 164 404 210 411 13 
Vertex 14 distance 38
0 17 14 
Vertex 15 distance 47
0 449 54 58 15 
Vertex 16 distance 39
0 432 488 409 16 
Vertex 17 distance 35
0 17 
Vertex 18 distance 35
0 432 495 540 318 68 18 
Vertex 19 distance 35
0 432 225 114 389 19 
Vertex 20 distance 39
0 432 225 114 469 560 572 20 
Vertex 21 distance 27
0 432 225 443 342 21 
Vertex 22 distance 45
0 432 495 406 288 45 149 41 22 
Vertex 23 distance 42
0 432 488 164 404 581 391 23 
Vertex 24 distance 44
0 432 488 409 373 436 79 577 306 582 24 
Vertex 25 distance 33
0 432 488 549 615 228 25 
Vertex 26 distance 38
0 432 225 114 469 560 572 26 
Vertex 27 distance 51
0 432 488 409 373 436 79 577 306 582 24 27 
Vertex 28 distance 37
0 432 225 491 91 358 429 28 
Vertex 29 distance 37
0 432 495 406 379 238 349 29 
Vertex 30 distance 26
0 432 495 406 30 
Vertex 31 distance 48
0 432 495 406 30 445 31 
Vertex 32 distance 33
0 432 225 491 248 310 185 32 
Vertex 33 distance 31
0 432 225 491 248 239 33 
Vertex 34 distance 40
0 432 488 164 368 525 6 281 34 
Vertex 35 distance 33
0 432 225 491 248 310 35 
Vertex 36 distance 34
0 432 488 36 
Vertex 37 distance 39
0 432 495 406 379 256 74 473 37 
Vertex 38 distance 42
0 432 495 406 371 38 
Vertex 39 distance 38
0 501 139 393 39 
Vertex 40 distance 35
0 501 139 393 40 
Vertex 41 distance 35
0 432 495 406 288 45 149 41 
Vertex 42 distance 32
0 432 488 409 458 476 374 42 
Vertex 43 distance 37
0 449 199 43 
Vertex 44 distance 38
0 432 225 443 342 217 357 44 
Vertex 45 distance 31
0 432 495 406 288 45 
Vertex 46 distance 33
0 432 225 491 91 358 46 
Vertex 47 distance 35
0 432 225 491 248 47 
Vertex 48 distance 30
0 432 488 409 322 48 
Vertex 49 distance 42
0 449 273 183 178 49 
Vertex 50 distance 49
0 432 488 549 609 352 50 
Vertex 51 distance 37
0 432 488 164 51 
Vertex 52 distance 38
0 432 488 549 609 267 285 52 
Vertex 53 distance 38
0 432 225 491 91 512 53 
Vertex 54 distance 23
0 449 54 
Vertex 55 distance 35
0 432 495 406 274 55 
Vertex 56 distance 27
0 449 54 56 
Vertex 57 distance 41
0 432 488 164 294 400 142 57 
Vertex 58 distance 45
0 449 54 58 
Vertex 59 distance 44
0 449 514 59 
Vertex 60 distance 37
0 432 140 460 383 60 
Vertex 61 distance 32
0 432 140 61 
Vertex 62 distance 27
0 432 488 409 373 62 
Vertex 63 distance 37
0 432 488 164 404 210 63 
Vertex 64 distance 36
0 625 231 583 64 
Vertex 65 distance 35
0 432 495 406 288 45 65 
Vertex 66 distance 30
0 449 54 266 125 66 
Vertex 67 distance 38
0 432 495 406 379 238 349 29 67 
Vertex 68 distance 34
0 432 495 540 318 68 
Vertex 69 distance 45
0 432 495 406 30 450 589 81 69 
Vertex 70 distance 37
0 449 54 266 125 66 584 70 
Vertex 71 distance 42
0 432 225 491 91 612 542 171 71 
Vertex 72 distance 39
0 449 54 72 
Vertex 73 distance 45
0 432 225 114 469 103 73 
Vertex 74 distance 28
0 432 495 406 379 256 74 
Vertex 75 distance 33
0 432 495 406 379 256 147 75 
Vertex 76 distance 26
0 432 495 406 546 76 
Vertex 77 distance 40
0 432 495 406 546 270 184 77 
Vertex 78 distance 32
0 432 225 491 91 612 78 
Vertex 79 distance 31
0 432 488 409 373 436 79 
Vertex 80 distance 46
0 432 495 319 166 563 80 
Vertex 81 distance 40
0 432 495 406 30 450 589 81 
Vertex 82 distance 46
0 432 225 114 469 560 82 
Vertex 83 distance 48
0 432 488 409 458 5 350 260 83 
Vertex 84 distance 30
0 449 54 56 84 
Vertex 85 distance 44
0 432 488 164 102 85 
Vertex 86 distance 35
0 432 225 491 248 310 185 86 
Vertex 87 distance 59
0 432 488 409 373 436 79 87 
Vertex 88 distance 41
0 501 395 158 555 605 105 88 
Vertex 89 distance 40
0 432 225 491 91 612 89 
Vertex 90 distance 41
0 449 299 3 90 
Vertex 91 distance 24
0 432 225 491 91 
Vertex 92 distance 40
0 432 225 443 342 217 343 478 92 
Vertex 93 distance 37
0 449 199 179 492 93 
Vertex 94 distance 48
0 432 225 491 248 310 94 
Vertex 95 distance 40
0 501 139 127 95 
Vertex 96 distance 42
0 432 488 549 609 352 145 96 
Vertex 97 distance 35
0 501 201 339 97 
Vertex 98 distance 34
0 432 495 319 98 
Vertex 99 distance 34
0 432 495 406 546 122 99 
Vertex 100 distance 48
0 432 488 409 373 436 465 100 
Vertex 101 distance 43
0 449 54 266 125 66 584 70 431 101 
Vertex 102 distance 36
0 432 488 164 102 
Vertex 103 distance 28
0 432 225 114 469 103 
Vertex 104 distance 40
0 432 488 409 373 62 104 
Vertex 105 distance 40
0 501 395 158 555 605 105 
Vertex 106 distance 24
0 432 488 378 106 
Vertex 107 distance 55
0 449 514 59 107 
Vertex 108 distance 29
0 432 225 443 108 
Vertex 109 distance 44
0 432 225 491 110 109 
Vertex 110 distance 33
0 432 225 491 110 
Vertex 111 distance 31
0 432 225 443 108 214 111 
Vertex 112 distance 35
0 449 54 56 84 112 
Vertex 113 distance 41
0 432 488 164 368 113 
Vertex 114 distance 22
0 432 225 114 
Vertex 115 distance 56
0 449 115 
Vertex 116 distance 41
0 432 495 406 288 45 149 116 
Vertex 117 distance 35
0 432 225 117 
Vertex 118 distance 39
0 449 199 179 492 118 
Vertex 119 distance 38
0 432 495 406 288 290 119 
Vertex 120 distance 46
0 432 495 406 288 120 
Vertex 121 distance 30
0 449 54 56 121 
Vertex 122 distance 22
0 432 495 406 546 122 
Vertex 123 distance 39
0 432 225 491 524 123 
Vertex 124 distance 40
0 432 495 540 318 68 124 
Vertex 125 distance 27
0 449 54 266 125 
Vertex 126 distance 35
0 432 488 409 458 476 374 42 613 126 
Vertex 127 distance 32
0 501 139 127 
Vertex 128 distance 38
0 432 225 114 389 467 128 
Vertex 129 distance 39
0 449 199 316 628 129 
Vertex 130 distance 42
0 432 495 406 30 445 130 
Vertex 131 distance 34
0 432 488 409 458 552 554 399 131 
Vertex 132 distance 36
0 432 495 406 546 132 
Vertex 133 distance 42
0 432 488 549 609 267 513 133 
Vertex 134 distance 41
0 432 495 406 30 278 134 
Vertex 135 distance 39
0 432 225 491 248 135 
Vertex 136 distance 39
0 625 231 583 64 136 
Vertex 137 distance 41
0 432 140 460 383 284 137 
Vertex 138 distance 41
0 432 488 409 458 552 554 138 
Vertex 139 distance 18
0 501 139 
Vertex 140 distance 29
0 432 140 
Vertex 141 distance 34
0 432 495 141 
Vertex 142 distance 33
0 432 488 164 294 400 142 
Vertex 143 distance 41
0 432 140 460 383 284 143 
Vertex 144 distance 55
0 432 495 406 288 290 119 144 
Vertex 145 distance 36
0 432 488 549 609 352 145 
Vertex 146 distance 35
0 449 199 179 492 146 
Vertex 147 distance 32
0 432 495 406 379 256 147 
Vertex 148 distance 56
0 432 225 491 248 239 33 440 454 2 148 
Vertex 149 distance 34
0 432 495 406 288 45 149 
Vertex 150 distance 34
0 432 488 409 373 62 150 
Vertex 151 distance 40
0 432 140 460 383 151 
Vertex 152 distance 43
0 17 152 
Vertex 153 distance 34
0 432 495 406 379 256 74 473 153 
Vertex 154 distance 42
0 432 488 409 458 476 374 42 613 154 
Vertex 155 distance 44
0 432 488 409 373 436 79 577 155 
Vertex 156 distance 40
0 432 225 491 248 310 35 156 
Vertex 157 distance 34
0 432 225 114 469 157 
Vertex 158 distance 32
0 501 395 158 
Vertex 159 distance 42
0 449 54 266 125 66 584 70 159 
Vertex 160 distance 34
0 432 225 491 91 160 
Vertex 161 distance 34
0 501 201 298 161 
Vertex 162 distance 34
0 432 140 162 
Vertex 163 distance 41
0 432 495 406 379 256 74 473 153 633 163 
Vertex 164 distance 18
0 432 488 164 
Vertex 165 distance 48
0 432 495 406 288 631 165 
Vertex 166 distance 33
0 432 495 319 166 
Vertex 167 distance 46
0 432 488 549 615 442 182 167 
Vertex 168 distance 35
0 432 488 549 615 168 
Vertex 169 distance 43
0 449 273 183 169 
Vertex 170 distance 39
0 449 54 266 125 170 
Vertex 171 distance 41
0 432 225 491 91 612 542 171 
Vertex 172 distance 30
0 432 488 164 172 
Vertex 173 distance 40
0 432 488 409 373 62 367 433 485 424 173 
Vertex 174 distance 46
0 432 495 141 304 174 
Vertex 175 distance 38
0 432 225 443 342 217 357 175 
Vertex 176 distance 47
0 432 495 176 
Vertex 177 distance 40
0 432 495 406 274 622 177 
Vertex 178 distance 39
0 449 273 183 178 
Vertex 179 distance 25
0 449 199 179 
Vertex 180 distance 34
0 432 488 164 294 400 142 180 
Vertex 181 distance 40
0 501 139 393 620 181 
Vertex 182 distance 35
0 432 488 549 615 442 182 
Vertex 183 distance 34
0 449 273 183 
Vertex 184 distance 26
0 432 495 406 546 270 184 
Vertex 185 distance 28
0 432 225 491 248 310 185 
Vertex 186 distance 45
0 432 225 491 248 239 33 440 454 2 186 
Vertex 187 distance 29
0 432 495 540 187 
Vertex 188 distance 44
0 449 54 266 188 
Vertex 189 distance 23
0 432 495 519 189 
Vertex 190 distance 47
0 432 225 190 
Vertex 191 distance 38
0 432 225 114 469 157 191 
Vertex 192 distance 24
0 432 495 519 192 
Vertex 193 distance 34
0 449 199 179 492 193 
Vertex 194 distance 42
0 432 495 406 546 270 326 194 
Vertex 195 distance 42
0 432 488 409 373 203 195 
Vertex 196 distance 53
0 432 488 164 172 332 196 
Vertex 197 distance 45
0 449 54 266 125 197 
Vertex 198 distance 48
0 432 495 406 546 629 198 
Vertex 199 distance 18
0 449 199 
Vertex 200 distance 33
0 432 225 491 248 310 185 200 
Vertex 201 distance 26
0 501 201 
Vertex 202 distance 49
0 432 225 443 342 217 357 175 202 
Vertex 203 distance 34
0 432 488 409 373 203 
Vertex 204 distance 36
0 432 225 491 91 612 204 
Vertex 205 distance 32
0 432 488 409 205 
Vertex 206 distance 45
0 432 488 409 458 476 374 292 206 
Vertex 207 distance 39
0 432 488 409 373 423 207 
Vertex 208 distance 31
0 449 54 208 
Vertex 209 distance 33
0 432 225 114 469 209 
Vertex 210 distance 35
0 432 488 164 404 210 
Vertex 211 distance 43
0 432 495 406 30 445 534 337 211 
Vertex 212 distance 60
0 449 299 212 
Vertex 213 distance 44
0 432 495 406 379 256 74 473 153 633 213 
Vertex 214 distance 30
0 432 225 443 108 214 
Vertex 215 distance 31
0 449 54 56 215 
Vertex 216 distance 37
0 432 488 164 404 216 
Vertex 217 distance 30
0 432 225 443 342 217 
Vertex 218 distance 35
0 432 225 443 108 214 111 218 
Vertex 219 distance 41
0 432 495 540 553 219 
Vertex 220 distance 29
0 432 495 406 288 220 
Vertex 221 distance 39
0 501 139 127 221 
Vertex 222 distance 45
0 432 225 491 248 310 185 222 
Vertex 223 distance 37
0 432 488 164 404 581 223 
Vertex 224 distance 39
0 432 495 406 30 450 530 224 
Vertex 225 distance 11
0 432 225 
Vertex 226 distance 39
0 449 54 226 
Vertex 227 distance 32
0 432 488 164 404 227 
Vertex 228 distance 29
0 432 488 549 615 228 
Vertex 229 distance 45
0 432 488 164 368 525 6 281 268 229 
Vertex 230 distance 47
0 432 488 164 404 210 230 
Vertex 231 distance 31
0 625 231 
Vertex 232 distance 41
0 432 488 549 615 168 232 
Vertex 233 distance 50
0 432 225 491 248 310 354 233 
Vertex 234 distance 35
0 432 495 319 234 
Vertex 235 distance 42
0 432 488 549 615 228 25 333 235 
Vertex 236 distance 37
0 432 488 409 373 62 510 535 236 
Vertex 237 distance 37
0 432 495 519 394 237 
Vertex 238 distance 22
0 432 495 406 379 238 
Vertex 239 distance 29
0 432 225 491 248 239 
Vertex 240 distance 54
0 432 495 540 187 240 
Vertex 241 distance 45
0 449 299 3 241 
Vertex 242 distance 42
0 432 488 409 458 552 554 399 131 242 
Vertex 243 distance 40
0 432 495 406 30 243 
Vertex 244 distance 37
0 432 488 549 615 442 244 
Vertex 245 distance 42
0 432 488 164 404 210 411 13 245 
Vertex 246 distance 32
0 432 488 409 458 246 
Vertex 247 distance 40
0 432 495 406 288 290 119 247 
Vertex 248 distance 25
0 432 225 491 248 
Vertex 249 distance 36
0 432 495 406 379 256 249 
Vertex 250 distance 42
0 432 495 406 379 256 250 
Vertex 251 distance 36
0 432 495 519 189 8 251 
Vertex 252 distance 47
0 432 225 491 248 239 33 440 454 381 252 
Vertex 253 distance 36
0 432 225 114 469 157 390 253 
Vertex 254 distance 41
0 432 225 491 91 612 78 254 
Vertex 255 distance 31
0 432 495 519 446 255 
Vertex 256 distance 25
0 432 495 406 379 256 
Vertex 257 distance 34
0 432 495 406 546 76 372 257 
Vertex 258 distance 43
0 501 395 158 258 
Vertex 259 distance 39
0 432 488 409 373 203 259 
Vertex 260 distance 38
0 432 488 409 458 5 350 260 
Vertex 261 distance 47
0 432 140 61 261 
Vertex 262 distance 38
0 432 488 409 458 476 374 42 613 126 496 262 
Vertex 263 distance 44
0 449 199 43 263 
Vertex 264 distance 33
0 432 495 519 192 264 
Vertex 265 distance 37
0 432 488 409 458 476 374 42 265 
Vertex 266 distance 26
0 449 54 266 
Vertex 267 distance 30
0 432 488 549 609 267 
Vertex 268 distance 37
0 432 488 164 368 525 6 281 268 
Vertex 269 distance 40
0 432 488 549 615 597 269 
Vertex 270 distance 23
0 432 495 406 546 270 
Vertex 271 distance 47
0 501 139 271 
Vertex 272 distance 46
0 625 272 
Vertex 273 distance 18
0 449 273 
Vertex 274 distance 27
0 432 495 406 274 
Vertex 275 distance 34
0 432 225 114 469 560 275 
Vertex 276 distance 40
0 432 488 409 373 62 150 419 276 
Vertex 277 distance 37
0 432 495 540 318 277 
Vertex 278 distance 32
0 432 495 406 30 278 
Vertex 279 distance 49
0 432 488 409 373 436 79 577 155 279 
Vertex 280 distance 40
0 432 488 409 373 203 280 
Vertex 281 distance 36
0 432 488 164 368 525 6 281 
Vertex 282 distance 38
0 432 488 409 373 62 282 
Vertex 283 distance 37
0 432 488 164 294 400 142 283 
Vertex 284 distance 39
0 432 140 460 383 284 
Vertex 285 distance 35
0 432 488 549 609 267 285 
Vertex 286 distance 35
0 432 495 406 30 286 
Vertex 287 distance 38
0 432 225 491 91 612 452 287 
Vertex 288 distance 23
0 432 495 406 288 
Vertex 289 distance 47
0 432 488 549 615 228 25 333 235 289 
Vertex 290 distance 26
0 432 495 406 288 290 
Vertex 291 distance 48
0 449 199 430 291 
Vertex 292 distance 34
0 432 488 409 458 476 374 292 
Vertex 293 distance 31
0 432 488 409 322 48 293 
Vertex 294 distance 22
0 432 488 164 294 
Vertex 295 distance 38
0 532 295 
Vertex 296 distance 40
0 432 225 491 91 612 452 296 
Vertex 297 distance 34
0 432 495 406 297 
Vertex 298 distance 29
0 501 201 298 
Vertex 299 distance 31
0 449 299 
Vertex 300 distance 42
0 432 488 164 294 300 
Vertex 301 distance 43
0 449 199 179 492 193 363 301 
Vertex 302 distance 28
0 449 273 302 
Vertex 303 distance 24
0 432 495 519 189 303 
Vertex 304 distance 38
0 432 495 141 304 
Vertex 305 distance 39
0 432 488 164 404 305 
Vertex 306 distance 36
0 432 488 409 373 436 79 577 306 
Vertex 307 distance 41
0 432 140 460 383 151 307 
Vertex 308 distance 37
0 432 225 443 342 21 407 520 308 
Vertex 309 distance 34
0 432 488 409 458 476 374 42 309 
Vertex 310 distance 27
0 432 225 491 248 310 
Vertex 311 distance 33
0 432 488 409 322 48 311 
Vertex 312 distance 41
0 432 225 443 108 507 312 
Vertex 313 distance 40
0 432 488 409 205 313 
Vertex 314 distance 33
0 432 225 443 314 
Vertex 315 distance 42
0 432 225 491 91 612 315 
Vertex 316 distance 32
0 449 199 316 
Vertex 317 distance 28
0 449 54 317 
Vertex 318 distance 33
0 432 495 540 318 
Vertex 319 distance 32
0 432 495 319 
Vertex 320 distance 21
0 432 495 406 379 320 
Vertex 321 distance 40
0 432 225 491 110 321 
Vertex 322 distance 28
0 432 488 409 322 
Vertex 323 distance 71
0 432 495 540 323 
Vertex 324 distance 35
0 432 225 114 469 103 324 
Vertex 325 distance 44
0 432 488 409 458 552 554 138 325 
Vertex 326 distance 30
0 432 495 406 546 270 326 
Vertex 327 distance 40
0 432 225 114 469 103 324 327 
Vertex 328 distance 36
0 432 225 491 91 612 328 
Vertex 329 distance 45
0 432 488 164 368 525 6 281 34 329 
Vertex 330 distance 43
0 432 488 409 373 423 330 
Vertex 331 distance 40
0 432 495 406 288 290 468 331 
Vertex 332 distance 37
0 432 488 164 172 332 
Vertex 333 distance 37
0 432 488 549 615 228 25 333 
Vertex 334 distance 32
0 449 54 56 121 334 
Vertex 335 distance 46
0 432 495 406 546 270 326 335 
Vertex 336 distance 55
0 432 495 406 288 290 468 331 336 
Vertex 337 distance 32
0 432 495 406 30 445 534 337 
Vertex 338 distance 45
0 449 199 179 492 146 338 
Vertex 339 distance 34
0 501 201 339 
Vertex 340 distance 40
0 432 488 409 458 552 554 340 
Vertex 341 distance 35
0 432 495 519 189 8 341 
Vertex 342 distance 26
0 432 225 443 342 
Vertex 343 distance 33
0 432 225 443 342 217 343 
Vertex 344 distance 37
0 432 488 344 
Vertex 345 distance 40
0 432 225 491 110 345 
Vertex 346 distance 39
0 432 495 406 274 622 346 
Vertex 347 distance 48
0 449 199 43 347 
Vertex 348 distance 43
0 432 488 164 294 400 142 562 348 
Vertex 349 distance 25
0 432 495 406 379 238 349 
Vertex 350 distance 35
0 432 488 409 458 5 350 
Vertex 351 distance 52
0 432 495 519 446 255 351 
Vertex 352 distance 30
0 432 488 549 609 352 
Vertex 353 distance 37
0 432 495 540 318 68 18 353 
Vertex 354 distance 45
0 432 225 491 248 310 354 
Vertex 355 distance 51
0 432 225 114 469 157 390 355 
Vertex 356 distance 35
0 432 225 443 108 214 588 356 
Vertex 357 distance 32
0 432 225 443 342 217 357 
Vertex 358 distance 26
0 432 225 491 91 358 
Vertex 359 distance 34
0 501 201 298 359 
Vertex 360 distance 37
0 432 225 491 248 360 
Vertex 361 distance 38
0 432 488 409 458 476 374 292 361 
Vertex 362 distance 56
0 432 495 406 379 256 147 75 362 
Vertex 363 distance 41
0 449 199 179 492 193 363 
Vertex 364 distance 39
0 432 488 164 294 400 142 283 364 
Vertex 365 distance 30
0 432 488 409 365 
Vertex 366 distance 38
0 432 488 164 368 525 6 366 
Vertex 367 distance 30
0 432 488 409 373 62 367 
Vertex 368 distance 30
0 432 488 164 368 
Vertex 369 distance 47
0 432 488 409 458 476 374 42 613 126 496 262 369 
Vertex 370 distance 38
0 432 495 519 370 
Vertex 371 distance 41
0 432 495 406 371 
Vertex 372 distance 33
0 432 495 406 546 76 372 
Vertex 373 distance 25
0 432 488 409 373 
Vertex 374 distance 30
0 432 488 409 458 476 374 
Vertex 375 distance 41
0 432 488 409 373 62 150 375 
Vertex 376 distance 42
0 432 495 406 30 445 534 376 
Vertex 377 distance 36
0 501 201 298 161 377 
Vertex 378 distance 21
0 432 488 378 
Vertex 379 distance 20
0 432 495 406 379 
Vertex 380 distance 43
0 432 140 380 
Vertex 381 distance 38
0 432 225 491 248 239 33 440 454 381 
Vertex 382 distance 47
0 432 488 164 368 382 
Vertex 383 distance 36
0 432 140 460 383 
Vertex 384 distance 35
0 432 495 406 546 76 372 257 384 
Vertex 385 distance 26
0 432 225 491 91 385 
Vertex 386 distance 45
0 432 488 409 373 436 79 577 386 
Vertex 387 distance 42
0 432 225 443 342 217 387 
Vertex 388 distance 43
0 432 488 164 102 388 
Vertex 389 distance 28
0 432 225 114 389 
Vertex 390 distance 35
0 432 225 114 469 157 390 
Vertex 391 distance 36
0 432 488 164 404 581 391 
Vertex 392 distance 41
0 432 488 409 458 392 
Vertex 393 distance 29
0 501 139 393 
Vertex 394 distance 32
0 432 495 519 394 
Vertex 395 distance 30
0 501 395 
Vertex 396 distance 32
0 432 488 409 458 476 396 
Vertex 397 distance 34
0 432 225 443 397 
Vertex 398 distance 29
0 432 225 491 248 398 
Vertex 399 distance 32
0 432 488 409 458 552 554 399 
Vertex 400 distance 29
0 432 488 164 294 400 
Vertex 401 distance 39
0 432 225 114 469 560 515 401 
Vertex 402 distance 32
0 432 495 406 288 402 
Vertex 403 distance 46
0 432 495 519 189 8 251 403 
Vertex 404 distance 20
0 432 488 164 404 
Vertex 405 distance 45
0 432 488 409 458 476 374 405 
Vertex 406 distance 14
0 432 495 406 
Vertex 407 distance 32
0 432 225 443 342 21 407 
Vertex 408 distance 50
0 449 199 179 492 408 
Vertex 409 distance 20
0 432 488 409 
Vertex 410 distance 45
0 432 225 443 342 410 
Vertex 411 distance 36
0 432 488 164 404 210 411 
Vertex 412 distance 32
0 432 225 114 469 412 
Vertex 413 distance 44
0 432 495 406 546 122 99 528 413 
Vertex 414 distance 44
0 432 225 491 91 612 542 171 414 
Vertex 415 distance 43
0 449 199 179 415 
Vertex 416 distance 42
0 432 140 460 383 151 307 416 
Vertex 417 distance 49
0 449 54 417 
Vertex 418 distance 41
0 432 225 443 108 214 588 418 
Vertex 419 distance 38
0 432 488 409 373 62 150 419 
Vertex 420 distance 41
0 432 488 164 51 420 
Vertex 421 distance 47
0 449 54 56 121 421 
Vertex 422 distance 41
0 432 225 491 524 422 
Vertex 423 distance 37
0 432 488 409 373 423 
Vertex 424 distance 36
0 432 488 409 373 62 367 433 485 424 
Vertex 425 distance 36
0 432 488 409 458 5 425 
Vertex 426 distance 41
0 432 495 519 426 
Vertex 427 distance 34
0 432 495 519 446 255 427 
Vertex 428 distance 36
0 432 495 540 318 68 18 428 
Vertex 429 distance 33
0 432 225 491 91 358 429 
Vertex 430 distance 31
0 449 199 430 
Vertex 431 distance 41
0 449 54 266 125 66 584 70 431 
Vertex 432 distance 9
0 432 
Vertex 433 distance 32
0 432 488 409 373 62 367 433 
Vertex 434 distance 40
0 432 495 406 288 290 434 
Vertex 435 distance 44
0 432 495 319 98 435 
Vertex 436 distance 30
0 432 488 409 373 436 
Vertex 437 distance 52
0 432 495 406 288 220 541 437 
Vertex 438 distance 36
0 432 495 406 288 290 438 
Vertex 439 distance 43
0 432 488 164 404 210 411 13 439 
Vertex 440 distance 36
0 432 225 491 248 239 33 440 
Vertex 441 distance 35
0 432 225 443 342 21 441 
Vertex 442 distance 33
0 432 488 549 615 442 
Vertex 443 distance 24
0 432 225 443 
Vertex 444 distance 44
0 449 273 183 178 49 444 
Vertex 445 distance 30
0 432 495 406 30 445 
Vertex 446 distance 25
0 432 495 519 446 
Vertex 447 distance 42
0 432 488 164 404 581 447 
Vertex 448 distance 48
0 432 225 491 91 358 602 448 
Vertex 449 distance 10
0 449 
Vertex 450 distance 29
0 432 495 406 30 450 
Vertex 451 distance 39
0 432 488 409 458 476 374 42 613 126 496 262 451 
Vertex 452 distance 35
0 432 225 491 91 612 452 
Vertex 453 distance 44
0 432 488 409 458 246 453 
Vertex 454 distance 37
0 432 225 491 248 239 33 440 454 
Vertex 455 distance 37
0 449 199 455 
Vertex 456 distance 32
0 432 225 491 91 612 456 
Vertex 457 distance 42
0 432 225 443 108 507 312 457 
Vertex 458 distance 22
0 432 488 409 458 
Vertex 459 distance 40
0 432 488 409 458 552 527 459 
Vertex 460 distance 31
0 432 140 460 
Vertex 461 distance 49
0 432 488 164 294 400 461 
Vertex 462 distance 48
0 432 225 491 91 612 542 462 
Vertex 463 distance 35
0 432 488 164 294 400 142 180 463 
Vertex 464 distance 38
0 432 488 164 464 
Vertex 465 distance 39
0 432 488 409 373 436 465 
Vertex 466 distance 40
0 501 201 339 97 466 
Vertex 467 distance 32
0 432 225 114 389 467 
Vertex 468 distance 36
0 432 495 406 288 290 468 
Vertex 469 distance 27
0 432 225 114 469 
Vertex 470 distance 40
0 432 140 61 470 
Vertex 471 distance 31
0 432 140 471 
Vertex 472 distance 51
0 449 514 472 
Vertex 473 distance 33
0 432 495 406 379 256 74 473 
Vertex 474 distance 32
0 432 225 491 91 358 474 
Vertex 475 distance 34
0 432 488 549 609 352 475 
Vertex 476 distance 26
0 432 488 409 458 476 
Vertex 477 distance 39
0 449 199 477 
Vertex 478 distance 38
0 432 225 443 342 217 343 478 
Vertex 479 distance 42
0 432 225 443 342 217 630 479 
Vertex 480 distance 38
0 432 488 409 373 62 150 480 
Vertex 481 distance 30
0 432 488 409 373 481 
Vertex 482 distance 43
0 432 488 409 373 203 195 482 
Vertex 483 distance 41
0 449 54 56 84 561 483 
Vertex 484 distance 35
0 432 488 164 294 400 142 180 484 
Vertex 485 distance 34
0 432 488 409 373 62 367 433 485 
Vertex 486 distance 43
0 432 488 549 609 267 285 486 
Vertex 487 distance 39
0 432 495 406 30 445 534 337 593 487 
Vertex 488 distance 11
0 432 488 
Vertex 489 distance 48
0 432 495 406 379 256 74 489 
Vertex 490 distance 48
0 501 395 158 258 490 
Vertex 491 distance 21
0 432 225 491 
Vertex 492 distance 30
0 449 199 179 492 
Vertex 493 distance 23
0 432 488 164 404 493 
Vertex 494 distance 49
0 432 495 319 234 494 
Vertex 495 distance 13
0 432 495 
Vertex 496 distance 37
0 432 488 409 458 476 374 42 613 126 496 
Vertex 497 distance 42
0 625 231 583 497 
Vertex 498 distance 38
0 432 140 460 383 60 498 
Vertex 499 distance 43
0 432 488 164 294 400 499 
Vertex 500 distance 33
0 432 225 491 91 358 500 
Vertex 501 distance 17
0 501 
Vertex 502 distance 36
0 432 225 443 502 
Vertex 503 distance 43
0 501 395 158 503 
Vertex 504 distance 40
0 432 488 409 504 
Vertex 505 distance 37
0 432 225 443 108 214 505 
Vertex 506 distance 44
0 432 495 406 288 506 
Vertex 507 distance 40
0 432 225 443 108 507 
Vertex 508 distance 50
0 432 495 406 379 256 249 508 
Vertex 509 distance 36
0 432 488 409 458 5 350 509 
Vertex 510 distance 35
0 432 488 409 373 62 510 
Vertex 511 distance 32
0 432 140 471 511 
Vertex 512 distance 30
0 432 225 491 91 512 
Vertex 513 distance 34
0 432 488 549 609 267 513 
Vertex 514 distance 28
0 449 514 
Vertex 515 distance 34
0 432 225 114 469 560 515 
Vertex 516 distance 44
0 432 225 491 248 47 516 
Vertex 517 distance 35
0 432 495 406 546 270 184 595 517 
Vertex 518 distance 46
0 501 201 298 518 
Vertex 519 distance 22
0 432 495 519 
Vertex 520 distance 34
0 432 225 443 342 21 407 520 
Vertex 521 distance 37
0 432 495 406 288 45 149 41 521 
Vertex 522 distance 50
0 432 225 491 91 358 558 522 
Vertex 523 distance 39
0 432 488 549 615 228 25 523 
Vertex 524 distance 32
0 432 225 491 524 
Vertex 525 distance 32
0 432 488 164 368 525 
Vertex 526 distance 44
0 432 495 406 546 122 99 526 
Vertex 527 distance 38
0 432 488 409 458 552 527 
Vertex 528 distance 42
0 432 495 406 546 122 99 528 
Vertex 529 distance 41
0 432 488 36 529 
Vertex 530 distance 30
0 432 495 406 30 450 530 
Vertex 531 distance 33
0 432 225 491 91 358 531 
Vertex 532 distance 31
0 532 
Vertex 533 distance 40
0 432 225 114 469 560 572 20 533 
Vertex 534 distance 31
0 432 495 406 30 445 534 
Vertex 535 distance 36
0 432 488 409 373 62 510 535 
Vertex 536 distance 51
0 432 488 409 373 436 79 577 306 536 
Vertex 537 distance 39
0 501 201 298 161 377 537 
Vertex 538 distance 37
0 432 488 549 615 228 25 538 
Vertex 539 distance 37
0 432 488 164 294 400 142 180 484 539 
Vertex 540 distance 27
0 432 495 540 
Vertex 541 distance 37
0 432 495 406 288 220 541 
Vertex 542 distance 34
0 432 225 491 91 612 542 
Vertex 543 distance 40
0 432 488 409 373 423 207 543 
Vertex 544 distance 40
0 432 495 406 30 445 544 
Vertex 545 distance 35
0 432 225 491 248 239 33 545 
Vertex 546 distance 21
0 432 495 406 546 
Vertex 547 distance 44
0 432 495 406 30 445 534 337 547 
Vertex 548 distance 32
0 432 495 519 189 303 548 
Vertex 549 distance 25
0 432 488 549 
Vertex 550 distance 37
0 432 140 162 550 
Vertex 551 distance 46
0 432 488 409 458 476 374 42 551 
Vertex 552 distance 24
0 432 488 409 458 552 
Vertex 553 distance 39
0 432 495 540 553 
Vertex 554 distance 28
0 432 488 409 458 552 554 
Vertex 555 distance 37
0 501 395 158 555 
Vertex 556 distance 37
0 432 488 409 458 5 350 509 556 
Vertex 557 distance 39
0 432 495 406 30 445 534 337 557 
Vertex 558 distance 42
0 432 225 491 91 358 558 
Vertex 559 distance 52
0 432 495 176 559 
Vertex 560 distance 30
0 432 225 114 469 560 
Vertex 561 distance 40
0 449 54 56 84 561 
Vertex 562 distance 35
0 432 488 164 294 400 142 562 
Vertex 563 distance 38
0 432 495 319 166 563 
Vertex 564 distance 33
0 432 225 491 91 358 602 564 
Vertex 565 distance 41
0 432 488 409 458 552 554 399 131 565 
Vertex 566 distance 38
0 432 488 164 172 566 
Vertex 567 distance 47
0 432 488 549 615 168 567 
Vertex 568 distance 48
0 432 225 568 
Vertex 569 distance 43
0 432 488 549 615 597 269 569 
Vertex 570 distance 36
0 501 139 393 570 
Vertex 571 distance 41
0 432 140 471 571 
Vertex 572 distance 34
0 432 225 114 469 560 572 
Vertex 573 distance 49
0 432 225 491 248 310 185 86 573 
Vertex 574 distance 38
0 432 225 443 342 217 630 574 
Vertex 575 distance 52
0 432 488 164 102 575 
Vertex 576 distance 36
0 432 495 406 546 270 326 576 
Vertex 577 distance 33
0 432 488 409 373 436 79 577 
Vertex 578 distance 49
0 432 225 491 248 310 94 578 
Vertex 579 distance 48
0 432 488 409 458 476 374 292 206 579 
Vertex 580 distance 43
0 432 225 114 389 637 580 
Vertex 581 distance 31
0 432 488 164 404 581 
Vertex 582 distance 37
0 432 488 409 373 436 79 577 306 582 
Vertex 583 distance 35
0 625 231 583 
Vertex 584 distance 35
0 449 54 266 125 66 584 
Vertex 585 distance 52
0 432 488 549 615 597 585 
Vertex 586 distance 40
0 432 495 406 30 278 586 
Vertex 587 distance 33
0 449 54 56 587 
Vertex 588 distance 31
0 432 225 443 108 214 588 
Vertex 589 distance 37
0 432 495 406 30 450 589 
Vertex 590 distance 41
0 449 199 179 492 146 590 
Vertex 591 distance 44
0 432 488 164 368 591 
Vertex 592 distance 34
0 432 225 443 314 592 
Vertex 593 distance 35
0 432 495 406 30 445 534 337 593 
Vertex 594 distance 50
0 432 495 406 30 278 586 594 
Vertex 595 distance 31
0 432 495 406 546 270 184 595 
Vertex 596 distance 40
0 432 495 406 288 45 149 596 
Vertex 597 distance 38
0 432 488 549 615 597 
Vertex 598 distance 32
0 432 488 409 598 
Vertex 599 distance 65
0 501 201 298 359 599 
Vertex 600 distance 40
0 432 225 491 91 600 
Vertex 601 distance 39
0 432 488 409 458 476 374 42 601 
Vertex 602 distance 31
0 432 225 491 91 358 602 
Vertex 603 distance 52
0 432 495 406 546 270 603 
Vertex 604 distance 44
0 432 225 491 248 310 185 32 604 
Vertex 605 distance 38
0 501 395 158 555 605 
Vertex 606 distance 48
0 449 199 430 606 
Vertex 607 distance 40
0 432 488 409 458 476 374 42 265 607 
Vertex 608 distance 40
0 432 225 491 248 608 
Vertex 609 distance 27
0 432 488 549 609 
Vertex 610 distance 42
0 432 488 164 294 400 142 636 610 
Vertex 611 distance 27
0 625 611 
Vertex 612 distance 31
0 432 225 491 91 612 
Vertex 613 distance 34
0 432 488 409 458 476 374 42 613 
Vertex 614 distance 41
0 449 199 316 628 129 614 
Vertex 615 distance 28
0 432 488 549 615 
Vertex 616 distance 38
0 432 225 491 91 612 456 616 
Vertex 617 distance 45
0 432 488 549 617 
Vertex 618 distance 38
0 432 488 164 368 525 6 281 618 
Vertex 619 distance 41
0 432 225 491 91 612 542 619 
Vertex 620 distance 38
0 501 139 393 620 
Vertex 621 distance 38
0 432 488 164 404 581 223 621 
Vertex 622 distance 34
0 432 495 406 274 622 
Vertex 623 distance 41
0 432 225 443 623 
Vertex 624 distance 40
0 432 495 406 546 624 
Vertex 625 distance 22
0 625 
Vertex 626 distance 45
0 432 488 164 294 400 142 180 463 626 
Vertex 627 distance 42
0 432 488 549 609 267 513 627 
Vertex 628 distance 36
0 449 199 316 628 
Vertex 629 distance 29
0 432 495 406 546 629 
Vertex 630 distance 36
0 432 225 443 342 217 630 
Vertex 631 distance 45
0 432 495 406 288 631 
Vertex 632 distance 61
0 432 488 409 373 203 280 632 
Vertex 633 distance 36
0 432 495 406 379 256 74 473 153 633 
Vertex 634 distance 43
0 432 225 443 108 214 111 634 
Vertex 635 distance 34
0 432 488 409 373 62 367 635 
Vertex 636 distance 40
0 432 488 164 294 400 142 636 
Vertex 637 distance 40
0 432 225 114 389 637 
Vertex 638 distance 39
0 432 495 406 379 256 249 638 
Vertex 639 distance 49
0 432 488 164 368 525 6 281 639 
