Vertex 0 distance 0
0 0 
Vertex 1 distance 25
0 436 161 100 6 440 233 83 1 
Vertex 2 distance 29
0 436 161 100 2 
Vertex 3 distance 29
0 265 46 234 121 446 370 3 
Vertex 4 distance 27
0 436 403 355 575 384 131 4 
Vertex 5 distance 27
0 265 46 234 117 495 548 163 478 5 
Vertex 6 distance 14
0 436 161 100 6 
Vertex 7 distance 23
0 265 614 373 18 7 
Vertex 8 distance 15
0 436 403 512 290 205 8 
Vertex 9 distance 27
0 88 584 261 306 610 9 
Vertex 10 distance 29
0 436 161 10 
Vertex 11 distance 35
0 436 403 270 160 499 602 352 239 425 11 
Vertex 12 distance 20
0 436 228 252 53 545 586 557 12 
Vertex 13 distance 31
0 436 427 573 81 463 13 
Vertex 14 distance 31
0 265 46 234 117 626 407 14 
Vertex 15 distance 27
0 436 403 270 160 499 602 134 15 
Vertex 16 distance 32
0 265 614 373 580 565 491 16 
Vertex 17 distance 22
0 436 403 274 17 
Vertex 18 distance 16
0 265 614 373 18 
Vertex 19 distance 32
0 436 161 100 6 273 164 19 
Vertex 20 distance 25
0 436 228 252 53 545 80 20 
Vertex 21 distance 28
0 88 584 261 594 291 21 
Vertex 22 distance 28
0 265 46 54 408 36 143 99 22 
Vertex 23 distance 31
0 629 40 165 23 
Vertex 24 distance 21
0 436 403 512 290 205 24 
Vertex 25 distance 33
0 629 25 
Vertex 26 distance 52
0 436 161 100 6 440 380 554 26 
Vertex 27 distance 19
0 88 27 
Vertex 28 distance 21
0 88 418 28 
Vertex 29 distance 24
0 436 403 512 290 205 8 277 530 29 
Vertex 30 distance 27
0 265 46 234 117 495 548 163 30 
Vertex 31 distance 29
0 265 46 405 31 
Vertex 32 distance 24
0 436 403 270 160 499 32 
Vertex 33 distance 32
0 436 228 252 53 545 586 557 214 33 
Vertex 34 distance 22
0 436 403 47 34 
Vertex 35 distance 12
0 436 161 35 
Vertex 36 distance 19
0 265 46 54 408 36 
Vertex 37 distance 29
0 436 403 512 290 206 155 37 
Vertex 38 distance 23
0 88 485 302 275 38 
Vertex 39 distance 19
0 436 403 512 290 205 39 
Vertex 40 distance 21
0 629 40 
Vertex 41 distance 27
0 265 46 199 360 41 
Vertex 42 distance 27
0 88 584 261 594 353 606 419 60 42 
Vertex 43 distance 35
0 436 43 
Vertex 44 distance 26
0 436 228 252 53 545 80 20 44 
Vertex 45 distance 28
0 88 485 302 275 38 135 45 
Vertex 46 distance 6
0 265 46 
Vertex 47 distance 15
0 436 403 47 
Vertex 48 distance 31
0 436 161 100 6 440 233 83 1 48 
Vertex 49 distance 29
0 436 228 252 53 545 586 75 49 
Vertex 50 distance 29
0 265 614 373 411 245 142 50 
Vertex 51 distance 30
0 436 403 274 181 533 51 
Vertex 52 distance 26
0 265 46 234 494 52 
Vertex 53 distance 9
0 436 228 252 53 
Vertex 54 distance 17
0 265 46 54 
Vertex 55 distance 19
0 436 427 55 
Vertex 56 distance 28
0 436 161 100 6 440 233 83 1 56 
Vertex 57 distance 31
0 629 57 
Vertex 58 distance 26
0 265 46 234 494 224 148 170 58 
Vertex 59 distance 28
0 436 161 100 6 440 233 83 1 59 
Vertex 60 distance 25
0 88 584 261 594 353 606 419 60 
Vertex 61 distance 31
0 436 228 524 61 
Vertex 62 distance 27
0 436 161 100 6 440 428 62 
Vertex 63 distance 26
0 436 349 63 
Vertex 64 distance 37
0 265 46 234 121 446 370 101 390 64 
Vertex 65 distance 26
0 88 584 65 
Vertex 66 distance 26
0 436 403 270 160 66 
Vertex 67 distance 25
0 436 403 270 490 68 67 
Vertex 68 distance 24
0 436 403 270 490 68 
Vertex 69 distance 9
0 436 69 
Vertex 70 distance 18
0 265 614 373 411 70 
Vertex 71 distance 30
0 436 427 55 71 
Vertex 72 distance 34
0 436 349 63 174 72 
Vertex 73 distance 25
0 436 403 512 290 205 8 449 73 
Vertex 74 distance 35
0 88 485 236 74 
Vertex 75 distance 25
0 436 228 252 53 545 586 75 
Vertex 76 distance 26
0 265 46 54 151 76 
Vertex 77 distance 21
0 265 614 373 580 77 
Vertex 78 distance 28
0 88 584 261 594 353 606 419 60 366 78 
Vertex 79 distance 21
0 88 27 129 79 
Vertex 80 distance 21
0 436 228 252 53 545 80 
Vertex 81 distance 22
0 436 427 573 81 
Vertex 82 distance 13
0 88 584 371 82 
Vertex 83 distance 21
0 436 161 100 6 440 233 83 
Vertex 84 distance 22
0 436 228 84 
Vertex 85 distance 28
0 436 403 270 508 381 311 85 
Vertex 86 distance 23
0 436 161 100 6 440 109 86 
Vertex 87 distance 28
0 265 46 318 116 363 331 87 
Vertex 88 distance 1
0 88 
Vertex 89 distance 26
0 436 403 47 34 89 
Vertex 90 distance 28
0 436 403 270 160 499 32 90 
Vertex 91 distance 27
0 265 614 373 18 91 
Vertex 92 distance 26
0 436 228 252 53 545 586 75 92 
Vertex 93 distance 30
0 88 485 302 275 38 135 93 
Vertex 94 distance 33
0 265 614 373 18 91 94 
Vertex 95 distance 27
0 436 403 270 490 95 
Vertex 96 distance 35
0 436 161 100 6 440 233 96 
Vertex 97 distance 40
0 436 403 512 218 97 
Vertex 98 distance 30
0 436 403 270 160 499 602 352 239 98 
Vertex 99 distance 22
0 265 46 54 408 36 143 99 
Vertex 100 distance 11
0 436 161 100 
Vertex 101 distance 25
0 265 46 234 121 446 370 101 
Vertex 102 distance 17
0 436 403 270 102 
Vertex 103 distance 31
0 265 46 234 494 103 
Vertex 104 distance 26
0 436 403 355 575 384 131 104 
Vertex 105 distance 27
0 436 228 252 53 545 586 75 92 105 
Vertex 106 distance 28
0 265 46 234 117 626 106 
Vertex 107 distance 18
0 265 107 
Vertex 108 distance 27
0 108 
Vertex 109 distance 22
0 436 161 100 6 440 109 
Vertex 110 distance 33
0 265 614 373 580 77 110 
Vertex 111 distance 32
0 88 584 261 319 618 519 243 111 
Vertex 112 distance 46
0 436 161 35 455 112 
Vertex 113 distance 27
0 436 403 270 160 499 32 113 
Vertex 114 distance 23
0 88 27 129 114 
Vertex 115 distance 38
0 436 161 100 115 
Vertex 116 distance 16
0 265 46 318 116 
Vertex 117 distance 13
0 265 46 234 117 
Vertex 118 distance 28
0 265 614 373 18 633 118 
Vertex 119 distance 29
0 436 161 100 6 440 380 554 470 119 
Vertex 120 distance 38
0 88 584 261 306 120 
Vertex 121 distance 17
0 265 46 234 121 
Vertex 122 distance 32
0 88 485 236 122 
Vertex 123 distance 12
0 436 69 123 
Vertex 124 distance 33
0 436 161 100 6 440 428 216 124 
Vertex 125 distance 30
0 436 228 252 53 545 586 75 92 208 125 
Vertex 126 distance 25
0 265 46 199 360 126 
Vertex 127 distance 22
0 436 403 512 218 127 
Vertex 128 distance 26
0 88 584 261 306 128 
Vertex 129 distance 20
0 88 27 129 
Vertex 130 distance 24
0 265 46 234 121 446 370 130 
Vertex 131 distance 23
0 436 403 355 575 384 131 
Vertex 132 distance 34
0 88 27 132 
Vertex 133 distance 31
0 436 403 270 160 499 193 185 133 
Vertex 134 distance 21
0 436 403 270 160 499 602 134 
Vertex 135 distance 24
0 88 485 302 275 38 135 
Vertex 136 distance 28
0 436 403 270 508 136 
Vertex 137 distance 31
0 436 228 252 53 545 586 557 238 137 
Vertex 138 distance 28
0 88 584 261 319 538 617 608 138 
Vertex 139 distance 24
0 265 614 176 229 139 
Vertex 140 distance 38
0 88 485 302 275 38 351 248 140 
Vertex 141 distance 26
0 436 555 141 
Vertex 142 distance 28
0 265 614 373 411 245 142 
Vertex 143 distance 20
0 265 46 54 408 36 143 
Vertex 144 distance 27
0 265 46 318 116 144 
Vertex 145 distance 38
0 265 46 234 117 495 548 163 478 5 145 
Vertex 146 distance 26
0 88 584 261 594 291 146 
Vertex 147 distance 23
0 265 46 54 408 36 143 147 
Vertex 148 distance 21
0 265 46 234 494 224 148 
Vertex 149 distance 29
0 436 403 605 149 
Vertex 150 distance 28
0 265 46 283 150 
Vertex 151 distance 22
0 265 46 54 151 
Vertex 152 distance 30
0 436 403 512 290 205 39 230 152 
Vertex 153 distance 22
0 436 161 100 269 634 324 153 
Vertex 154 distance 21
0 436 403 270 508 154 
Vertex 155 distance 19
0 436 403 512 290 206 155 
Vertex 156 distance 23
0 265 46 54 408 36 156 
Vertex 157 distance 35
0 436 403 355 575 157 
Vertex 158 distance 32
0 436 403 512 218 127 158 
Vertex 159 distance 26
0 265 46 318 116 363 331 159 
Vertex 160 distance 8
0 436 403 270 160 
Vertex 161 distance 8
0 436 161 
Vertex 162 distance 22
0 629 162 
Vertex 163 distance 23
0 265 46 234 117 495 548 163 
Vertex 164 distance 30
0 436 161 100 6 273 164 
Vertex 165 distance 25
0 629 40 165 
Vertex 166 distance 32
0 436 427 186 166 
Vertex 167 distance 28
0 88 584 371 509 506 167 
Vertex 168 distance 22
0 436 403 512 168 
Vertex 169 distance 23
0 436 427 169 
Vertex 170 distance 23
0 265 46 234 494 224 148 170 
Vertex 171 distance 32
0 436 161 100 6 440 233 83 1 59 171 
Vertex 172 distance 23
0 436 161 100 6 440 233 172 
Vertex 173 distance 34
0 629 25 173 
Vertex 174 distance 32
0 436 349 63 174 
Vertex 175 distance 20
0 88 175 
Vertex 176 distance 20
0 265 614 176 
Vertex 177 distance 27
0 265 614 373 411 607 177 
Vertex 178 distance 36
0 88 584 371 509 506 167 589 178 
Vertex 179 distance 32
0 265 46 54 408 325 396 576 179 
Vertex 180 distance 28
0 265 46 199 360 180 
Vertex 181 distance 27
0 436 403 274 181 
Vertex 182 distance 32
0 436 403 512 337 182 
Vertex 183 distance 15
0 436 161 585 183 
Vertex 184 distance 24
0 265 46 354 184 
Vertex 185 distance 23
0 436 403 270 160 499 193 185 
Vertex 186 distance 28
0 436 427 186 
Vertex 187 distance 21
0 436 403 512 218 622 187 
Vertex 188 distance 26
0 88 584 261 319 618 188 
Vertex 189 distance 30
0 265 614 373 189 
Vertex 190 distance 26
0 265 46 234 121 446 190 
Vertex 191 distance 30
0 436 69 191 
Vertex 192 distance 15
0 265 614 215 192 
Vertex 193 distance 17
0 436 403 270 160 499 193 
Vertex 194 distance 41
0 88 584 623 587 194 
Vertex 195 distance 30
0 265 614 215 195 
Vertex 196 distance 32
0 436 161 100 6 440 233 83 1 56 196 
Vertex 197 distance 24
0 436 427 573 81 463 197 
Vertex 198 distance 33
0 436 403 270 160 499 193 298 198 
Vertex 199 distance 20
0 265 46 199 
Vertex 200 distance 24
0 436 427 573 81 463 200 
Vertex 201 distance 48
0 88 485 236 219 201 
Vertex 202 distance 21
0 629 406 202 
Vertex 203 distance 33
0 436 203 
Vertex 204 distance 18
0 88 204 
Vertex 205 distance 14
0 436 403 512 290 205 
Vertex 206 distance 16
0 436 403 512 290 206 
Vertex 207 distance 36
0 88 485 236 327 207 
Vertex 208 distance 29
0 436 228 252 53 545 586 75 92 208 
Vertex 209 distance 28
0 265 46 318 116 363 331 209 
Vertex 210 distance 39
0 88 584 261 319 618 188 210 
Vertex 211 distance 32
0 436 403 270 160 499 32 90 211 
Vertex 212 distance 18
0 436 161 100 6 440 212 
Vertex 213 distance 31
0 88 584 261 306 610 9 213 
Vertex 214 distance 25
0 436 228 252 53 545 586 557 214 
Vertex 215 distance 10
0 265 614 215 
Vertex 216 distance 25
0 436 161 100 6 440 428 216 
Vertex 217 distance 31
0 265 46 354 600 242 217 
Vertex 218 distance 18
0 436 403 512 218 
Vertex 219 distance 28
0 88 485 236 219 
Vertex 220 distance 34
0 436 403 270 490 95 220 
Vertex 221 distance 30
0 436 161 100 6 440 233 83 1 56 221 
Vertex 222 distance 21
0 436 161 100 6 440 536 222 
Vertex 223 distance 29
0 436 403 512 218 127 503 223 
Vertex 224 distance 20
0 265 46 234 494 224 
Vertex 225 distance 26
0 265 46 405 225 
Vertex 226 distance 27
0 436 403 274 17 226 
Vertex 227 distance 29
0 265 368 227 
Vertex 228 distance 6
0 436 228 
Vertex 229 distance 22
0 265 614 176 229 
Vertex 230 distance 27
0 436 403 512 290 205 39 230 
Vertex 231 distance 23
0 265 614 373 469 475 231 
Vertex 232 distance 23
0 436 69 232 
Vertex 233 distance 20
0 436 161 100 6 440 233 
Vertex 234 distance 12
0 265 46 234 
Vertex 235 distance 34
0 436 161 100 6 440 380 554 235 
Vertex 236 distance 17
0 88 485 236 
Vertex 237 distance 25
0 436 427 573 81 463 200 237 
Vertex 238 distance 24
0 436 228 252 53 545 586 557 238 
Vertex 239 distance 26
0 436 403 270 160 499 602 352 239 
Vertex 240 distance 15
0 265 614 240 
Vertex 241 distance 28
0 436 228 252 53 545 586 557 214 241 
Vertex 242 distance 29
0 265 46 354 600 242 
Vertex 243 distance 24
0 88 584 261 319 618 519 243 
Vertex 244 distance 34
0 436 427 186 166 244 
Vertex 245 distance 26
0 265 614 373 411 245 
Vertex 246 distance 28
0 265 46 234 117 626 246 
Vertex 247 distance 27
0 436 228 252 53 545 586 557 238 247 
Vertex 248 distance 35
0 88 485 302 275 38 351 248 
Vertex 249 distance 25
0 88 584 261 319 618 519 243 249 
Vertex 250 distance 28
0 265 614 373 411 70 250 
Vertex 251 distance 29
0 88 584 261 319 618 188 251 
Vertex 252 distance 7
0 436 228 252 
Vertex 253 distance 35
0 265 46 354 468 332 253 
Vertex 254 distance 26
0 436 403 355 575 254 
Vertex 255 distance 33
0 88 584 371 509 506 255 
Vertex 256 distance 38
0 436 161 100 6 440 109 86 256 
Vertex 257 distance 30
0 436 427 257 
Vertex 258 distance 27
0 265 614 373 411 245 258 
Vertex 259 distance 16
0 436 259 
Vertex 260 distance 38
0 265 46 54 408 325 396 489 260 
Vertex 261 distance 11
0 88 584 261 
Vertex 262 distance 28
0 436 161 100 6 440 262 
Vertex 263 distance 37
0 265 46 318 116 363 331 263 
Vertex 264 distance 27
0 265 46 234 117 495 307 264 
Vertex 265 distance 1
0 265 
Vertex 266 distance 35
0 265 46 234 121 446 370 130 314 266 
Vertex 267 distance 21
0 436 403 355 575 384 267 
Vertex 268 distance 33
0 436 403 389 268 
Vertex 269 distance 14
0 436 161 100 269 
Vertex 270 distance 7
0 436 403 270 
Vertex 271 distance 26
0 265 46 54 408 36 156 271 
Vertex 272 distance 25
0 265 614 373 411 70 272 
Vertex 273 distance 27
0 436 161 100 6 273 
Vertex 274 distance 21
0 436 403 274 
Vertex 275 distance 21
0 88 485 302 275 
Vertex 276 distance 29
0 88 584 261 319 276 
Vertex 277 distance 21
0 436 403 512 290 205 8 277 
Vertex 278 distance 23
0 436 161 585 183 278 
Vertex 279 distance 36
0 265 46 318 116 363 279 
Vertex 280 distance 17
0 88 584 261 319 280 
Vertex 281 distance 23
0 265 614 373 469 475 281 
Vertex 282 distance 47
0 265 46 54 408 36 156 271 492 282 
Vertex 283 distance 24
0 265 46 283 
Vertex 284 distance 37
0 265 614 373 411 70 284 
Vertex 285 distance 22
0 265 46 199 285 
Vertex 286 distance 29
0 436 161 100 6 440 536 286 
Vertex 287 distance 22
0 265 614 373 580 77 287 
Vertex 288 distance 31
0 88 584 261 594 402 552 328 288 
Vertex 289 distance 26
0 436 69 123 289 
Vertex 290 distance 13
0 436 403 512 290 
Vertex 291 distance 15
0 88 584 261 594 291 
Vertex 292 distance 22
0 88 485 292 
Vertex 293 distance 34
0 88 485 334 497 293 
Vertex 294 distance 39
0 265 614 373 580 77 287 437 294 
Vertex 295 distance 24
0 88 27 129 79 295 
Vertex 296 distance 25
0 265 46 199 296 
Vertex 297 distance 17
0 436 403 270 297 
Vertex 298 distance 25
0 436 403 270 160 499 193 298 
Vertex 299 distance 27
0 436 427 299 
Vertex 300 distance 35
0 436 161 100 6 440 233 83 1 56 300 
Vertex 301 distance 22
0 436 403 274 301 
Vertex 302 distance 20
0 88 485 302 
Vertex 303 distance 42
0 436 403 270 160 499 602 352 239 425 11 514 303 
Vertex 304 distance 32
0 265 46 54 408 36 143 526 304 
Vertex 305 distance 23
0 436 161 100 6 440 536 305 
Vertex 306 distance 16
0 88 584 261 306 
Vertex 307 distance 21
0 265 46 234 117 495 307 
Vertex 308 distance 34
0 88 584 623 308 
Vertex 309 distance 26
0 436 403 270 309 
Vertex 310 distance 35
0 436 161 100 6 440 380 554 235 310 
Vertex 311 distance 26
0 436 403 270 508 381 311 
Vertex 312 distance 27
0 394 312 
Vertex 313 distance 27
0 436 161 100 313 
Vertex 314 distance 26
0 265 46 234 121 446 370 130 314 
Vertex 315 distance 26
0 436 228 252 330 315 
Vertex 316 distance 44
0 436 161 316 
Vertex 317 distance 26
0 265 614 215 192 442 317 
Vertex 318 distance 15
0 265 46 318 
Vertex 319 distance 12
0 88 584 261 319 
Vertex 320 distance 20
0 320 
Vertex 321 distance 24
0 436 427 169 321 
Vertex 322 distance 34
0 265 614 373 18 91 322 
Vertex 323 distance 34
0 88 485 302 323 
Vertex 324 distance 19
0 436 161 100 269 634 324 
Vertex 325 distance 20
0 265 46 54 408 325 
Vertex 326 distance 36
0 436 161 100 313 326 
Vertex 327 distance 24
0 88 485 236 327 
Vertex 328 distance 24
0 88 584 261 594 402 552 328 
Vertex 329 distance 27
0 265 46 234 121 329 
Vertex 330 distance 13
0 436 228 252 330 
Vertex 331 distance 22
0 265 46 318 116 363 331 
Vertex 332 distance 18
0 265 46 354 468 332 
Vertex 333 distance 36
0 88 418 582 333 
Vertex 334 distance 21
0 88 485 334 
Vertex 335 distance 27
0 436 403 355 575 335 
Vertex 336 distance 31
0 265 46 234 494 336 
Vertex 337 distance 30
0 436 403 512 337 
Vertex 338 distance 24
0 436 403 270 160 499 193 435 338 
Vertex 339 distance 36
0 265 46 234 494 336 339 
Vertex 340 distance 33
0 436 403 512 290 205 8 277 530 29 391 340 
Vertex 341 distance 24
0 265 46 318 116 363 341 
Vertex 342 distance 26
0 88 342 
Vertex 343 distance 36
0 436 161 343 
Vertex 344 distance 25
0 265 46 234 121 446 370 130 344 
Vertex 345 distance 32
0 436 403 270 508 381 311 345 
Vertex 346 distance 18
0 436 403 270 160 346 
Vertex 347 distance 32
0 436 403 270 309 544 347 
Vertex 348 distance 20
0 88 485 236 348 
Vertex 349 distance 23
0 436 349 
Vertex 350 distance 25
0 265 46 199 285 350 
Vertex 351 distance 28
0 88 485 302 275 38 351 
Vertex 352 distance 24
0 436 403 270 160 499 602 352 
Vertex 353 distance 14
0 88 584 261 594 353 
Vertex 354 distance 14
0 265 46 354 
Vertex 355 distance 7
0 436 403 355 
Vertex 356 distance 32
0 108 356 
Vertex 357 distance 28
0 436 403 270 160 499 193 298 357 
Vertex 358 distance 34
0 436 161 100 6 440 428 62 358 
Vertex 359 distance 37
0 436 228 252 330 315 359 
Vertex 360 distance 24
0 265 46 199 360 
Vertex 361 distance 31
0 436 403 512 290 205 8 449 361 
Vertex 362 distance 31
0 436 555 362 
Vertex 363 distance 18
0 265 46 318 116 363 
Vertex 364 distance 28
0 265 46 234 121 329 364 
Vertex 365 distance 36
0 436 403 389 365 
Vertex 366 distance 26
0 88 584 261 594 353 606 419 60 366 
Vertex 367 distance 28
0 436 228 252 53 545 586 557 238 247 367 
Vertex 368 distance 18
0 265 368 
Vertex 369 distance 38
0 88 485 236 219 369 
Vertex 370 distance 22
0 265 46 234 121 446 370 
Vertex 371 distance 11
0 88 584 371 
Vertex 372 distance 33
0 265 46 283 372 
Vertex 373 distance 9
0 265 614 373 
Vertex 374 distance 32
0 265 46 234 121 446 370 451 374 
Vertex 375 distance 23
0 436 69 375 
Vertex 376 distance 38
0 436 403 270 490 95 465 376 
Vertex 377 distance 42
0 265 614 373 411 607 377 
Vertex 378 distance 40
0 436 403 270 160 499 602 134 378 
Vertex 379 distance 21
0 436 403 512 290 205 8 598 379 
Vertex 380 distance 20
0 436 161 100 6 440 380 
Vertex 381 distance 23
0 436 403 270 508 381 
Vertex 382 distance 25
0 436 403 270 160 499 193 435 338 382 
Vertex 383 distance 26
0 265 614 373 18 7 383 
Vertex 384 distance 18
0 436 403 355 575 384 
Vertex 385 distance 36
0 88 584 261 594 353 606 419 60 366 385 
Vertex 386 distance 34
0 436 427 386 
Vertex 387 distance 26
0 436 161 100 387 
Vertex 388 distance 34
0 265 107 388 
Vertex 389 distance 14
0 436 403 389 
Vertex 390 distance 32
0 265 46 234 121 446 370 101 390 
Vertex 391 distance 26
0 436 403 512 290 205 8 277 530 29 391 
Vertex 392 distance 30
0 88 485 292 392 
Vertex 393 distance 38
0 436 403 512 290 205 8 449 73 417 393 
Vertex 394 distance 7
0 394 
Vertex 395 distance 28
0 436 349 395 
Vertex 396 distance 21
0 265 46 54 408 325 396 
Vertex 397 distance 22
0 88 175 397 
Vertex 398 distance 27
0 265 46 54 408 36 143 99 398 
Vertex 399 distance 29
0 436 228 252 53 545 586 557 238 247 399 
Vertex 400 distance 34
0 265 46 405 31 400 
Vertex 401 distance 26
0 436 161 100 6 440 536 222 401 
Vertex 402 distance 20
0 88 584 261 594 402 
Vertex 403 distance 5
0 436 403 
Vertex 404 distance 31
0 436 403 355 575 384 267 404 
Vertex 405 distance 21
0 265 46 405 
Vertex 406 distance 19
0 629 406 
Vertex 407 distance 28
0 265 46 234 117 626 407 
Vertex 408 distance 18
0 265 46 54 408 
Vertex 409 distance 33
0 88 584 261 319 618 188 251 409 
Vertex 410 distance 10
0 265 410 
Vertex 411 distance 14
0 265 614 373 411 
Vertex 412 distance 28
0 265 614 373 18 633 412 
Vertex 413 distance 26
0 436 403 355 575 384 267 413 
Vertex 414 distance 27
0 265 46 234 117 495 548 163 414 
Vertex 415 distance 28
0 629 162 415 
Vertex 416 distance 30
0 88 485 292 416 
Vertex 417 distance 32
0 436 403 512 290 205 8 449 73 417 
Vertex 418 distance 10
0 88 418 
Vertex 419 distance 18
0 88 584 261 594 353 606 419 
Vertex 420 distance 27
0 88 485 302 275 420 
Vertex 421 distance 28
0 436 161 100 6 440 109 86 421 
Vertex 422 distance 34
0 436 69 123 549 422 
Vertex 423 distance 30
0 88 584 371 509 423 
Vertex 424 distance 23
0 436 403 270 508 424 
Vertex 425 distance 33
0 436 403 270 160 499 602 352 239 425 
Vertex 426 distance 31
0 265 46 354 468 426 
Vertex 427 distance 17
0 436 427 
Vertex 428 distance 21
0 436 161 100 6 440 428 
Vertex 429 distance 38
0 436 161 100 6 440 233 83 429 
Vertex 430 distance 26
0 436 403 512 290 206 430 
Vertex 431 distance 19
0 436 403 512 290 205 8 449 431 
Vertex 432 distance 36
0 265 46 54 432 
Vertex 433 distance 32
0 265 46 54 408 36 143 433 
Vertex 434 distance 25
0 436 161 100 269 634 324 153 434 
Vertex 435 distance 23
0 436 403 270 160 499 193 435 
Vertex 436 distance 3
0 436 
Vertex 437 distance 28
0 265 614 373 580 77 287 437 
Vertex 438 distance 28
0 88 584 261 319 618 519 438 
Vertex 439 distance 33
0 436 403 270 160 499 602 134 571 483 439 
Vertex 440 distance 15
0 436 161 100 6 440 
Vertex 441 distance 26
0 436 403 512 290 205 8 598 379 441 
Vertex 442 distance 25
0 265 614 215 192 442 
Vertex 443 distance 33
0 629 443 
Vertex 444 distance 36
0 265 46 199 360 41 444 
Vertex 445 distance 27
0 436 161 100 6 440 109 445 
Vertex 446 distance 19
0 265 46 234 121 446 
Vertex 447 distance 27
0 88 485 302 447 
Vertex 448 distance 31
0 265 46 54 408 325 635 448 
Vertex 449 distance 18
0 436 403 512 290 205 8 449 
Vertex 450 distance 43
0 436 228 252 53 545 586 557 238 604 450 
Vertex 451 distance 26
0 265 46 234 121 446 370 451 
Vertex 452 distance 39
0 436 427 573 452 
Vertex 453 distance 31
0 265 46 354 468 332 453 
Vertex 454 distance 26
0 436 403 47 454 
Vertex 455 distance 24
0 436 161 35 455 
Vertex 456 distance 33
0 436 69 123 549 456 
Vertex 457 distance 34
0 436 403 270 160 499 602 352 239 98 457 
Vertex 458 distance 42
0 265 46 54 408 325 635 458 
Vertex 459 distance 26
0 88 584 261 319 618 459 
Vertex 460 distance 35
0 265 46 199 285 460 
Vertex 461 distance 25
0 436 228 252 53 545 586 557 12 461 
Vertex 462 distance 36
0 436 403 389 462 
Vertex 463 distance 23
0 436 427 573 81 463 
Vertex 464 distance 31
0 436 161 100 6 440 428 464 
Vertex 465 distance 31
0 436 403 270 490 95 465 
Vertex 466 distance 29
0 88 584 261 466 
Vertex 467 distance 17
0 436 403 270 490 467 
Vertex 468 distance 17
0 265 46 354 468 
Vertex 469 distance 16
0 265 614 373 469 
Vertex 470 distance 26
0 436 161 100 6 440 380 554 470 
Vertex 471 distance 24
0 436 403 274 301 471 
Vertex 472 distance 24
0 265 46 318 116 363 472 
Vertex 473 distance 26
0 265 46 234 117 495 473 
Vertex 474 distance 34
0 436 228 84 474 
Vertex 475 distance 19
0 265 614 373 469 475 
Vertex 476 distance 29
0 436 403 512 290 205 8 598 379 476 
Vertex 477 distance 29
0 436 403 512 290 206 430 477 
Vertex 478 distance 24
0 265 46 234 117 495 548 163 478 
Vertex 479 distance 27
0 436 228 252 53 479 
Vertex 480 distance 24
0 88 584 371 480 
Vertex 481 distance 26
0 436 403 270 160 499 193 435 338 481 
Vertex 482 distance 28
0 436 161 100 6 440 428 216 482 
Vertex 483 distance 29
0 436 403 270 160 499 602 134 571 483 
Vertex 484 distance 27
0 436 228 252 53 545 80 20 484 
Vertex 485 distance 16
0 88 485 
Vertex 486 distance 24
0 88 27 129 486 
Vertex 487 distance 27
0 436 349 487 
Vertex 488 distance 39
0 88 584 261 594 353 488 
Vertex 489 distance 30
0 265 46 54 408 325 396 489 
Vertex 490 distance 14
0 436 403 270 490 
Vertex 491 distance 27
0 265 614 373 580 565 491 
Vertex 492 distance 29
0 265 46 54 408 36 156 271 492 
Vertex 493 distance 23
0 265 614 176 493 
Vertex 494 distance 16
0 265 46 234 494 
Vertex 495 distance 18
0 265 46 234 117 495 
Vertex 496 distance 35
0 88 27 496 
Vertex 497 distance 30
0 88 485 334 497 
Vertex 498 distance 26
0 436 403 512 168 498 
Vertex 499 distance 13
0 436 403 270 160 499 
Vertex 500 distance 34
0 436 161 585 500 
Vertex 501 distance 34
0 265 614 176 493 501 
Vertex 502 distance 24
0 436 403 270 490 516 502 
Vertex 503 distance 26
0 436 403 512 218 127 503 
Vertex 504 distance 26
0 436 403 274 17 504 
Vertex 505 distance 32
0 265 46 234 121 446 370 3 505 
Vertex 506 distance 26
0 88 584 371 509 506 
Vertex 507 distance 21
0 436 403 512 290 205 507 
Vertex 508 distance 15
0 436 403 270 508 
Vertex 509 distance 20
0 88 584 371 509 
Vertex 510 distance 27
0 265 614 373 469 475 281 510 
Vertex 511 distance 36
0 265 46 318 116 363 331 87 511 
Vertex 512 distance 9
0 436 403 512 
Vertex 513 distance 29
0 265 614 513 
Vertex 514 distance 37
0 436 403 270 160 499 602 352 239 425 11 514 
Vertex 515 distance 25
0 265 46 318 515 
Vertex 516 distance 21
0 436 403 270 490 516 
Vertex 517 distance 19
0 88 485 517 
Vertex 518 distance 23
0 265 46 234 121 446 518 
Vertex 519 distance 21
0 88 584 261 319 618 519 
Vertex 520 distance 31
0 88 485 292 392 520 
Vertex 521 distance 33
0 265 46 54 408 36 156 271 521 
Vertex 522 distance 44
0 265 614 176 493 501 522 
Vertex 523 distance 34
0 88 584 261 594 353 606 419 60 42 523 
Vertex 524 distance 21
0 436 228 524 
Vertex 525 distance 36
0 436 403 512 290 205 8 525 
Vertex 526 distance 23
0 265 46 54 408 36 143 526 
Vertex 527 distance 32
0 436 403 512 337 527 
Vertex 528 distance 27
0 436 161 100 6 440 536 305 528 
Vertex 529 distance 15
0 436 228 252 53 545 529 
Vertex 530 distance 22
0 436 403 512 290 205 8 277 530 
Vertex 531 distance 25
0 629 531 
Vertex 532 distance 37
0 436 403 389 268 532 
Vertex 533 distance 28
0 436 403 274 181 533 
Vertex 534 distance 13
0 88 584 261 319 534 
Vertex 535 distance 31
0 436 161 100 6 440 535 
Vertex 536 distance 20
0 436 161 100 6 440 536 
Vertex 537 distance 34
0 265 46 234 121 446 370 130 597 537 
Vertex 538 distance 18
0 88 584 261 319 538 
Vertex 539 distance 35
0 88 584 261 594 353 606 419 60 42 539 
Vertex 540 distance 33
0 265 46 54 408 36 143 99 540 
Vertex 541 distance 25
0 436 403 512 290 205 541 
Vertex 542 distance 27
0 265 46 318 542 
Vertex 543 distance 22
0 265 543 
Vertex 544 distance 29
0 436 403 270 309 544 
Vertex 545 distance 12
0 436 228 252 53 545 
Vertex 546 distance 27
0 436 403 270 160 499 602 546 
Vertex 547 distance 50
0 436 403 274 301 471 590 547 
Vertex 548 distance 19
0 265 46 234 117 495 548 
Vertex 549 distance 20
0 436 69 123 549 
Vertex 550 distance 36
0 436 403 270 490 516 502 550 
Vertex 551 distance 38
0 265 410 551 
Vertex 552 distance 23
0 88 584 261 594 402 552 
Vertex 553 distance 37
0 436 259 553 
Vertex 554 distance 23
0 436 161 100 6 440 380 554 
Vertex 555 distance 17
0 436 555 
Vertex 556 distance 34
0 88 485 517 556 
Vertex 557 distance 17
0 436 228 252 53 545 586 557 
Vertex 558 distance 24
0 88 584 261 306 610 558 
Vertex 559 distance 31
0 88 27 129 114 559 
Vertex 560 distance 30
0 88 584 371 560 
Vertex 561 distance 31
0 436 228 252 53 545 586 75 561 
Vertex 562 distance 32
0 88 584 261 594 402 552 328 625 562 
Vertex 563 distance 27
0 436 228 524 563 
Vertex 564 distance 31
0 265 46 234 121 329 364 564 
Vertex 565 distance 25
0 265 614 373 580 565 
Vertex 566 distance 23
0 436 228 524 566 
Vertex 567 distance 36
0 436 427 186 567 
Vertex 568 distance 33
0 436 69 123 289 568 
Vertex 569 distance 29
0 265 614 215 192 442 569 
Vertex 570 distance 34
0 436 403 512 290 205 8 277 530 29 570 
Vertex 571 distance 22
0 436 403 270 160 499 602 134 571 
Vertex 572 distance 27
0 436 403 270 508 572 
Vertex 573 distance 18
0 436 427 573 
Vertex 574 distance 29
0 436 161 35 455 574 
Vertex 575 distance 16
0 436 403 355 575 
Vertex 576 distance 30
0 265 46 54 408 325 396 576 
Vertex 577 distance 30
0 436 161 100 6 440 233 83 1 577 
Vertex 578 distance 31
0 436 578 
Vertex 579 distance 26
0 436 403 270 490 467 579 
Vertex 580 distance 19
0 265 614 373 580 
Vertex 581 distance 29
0 265 46 234 581 
Vertex 582 distance 30
0 88 418 582 
Vertex 583 distance 31
0 265 46 234 121 446 370 583 
Vertex 584 distance 8
0 88 584 
Vertex 585 distance 12
0 436 161 585 
Vertex 586 distance 16
0 436 228 252 53 545 586 
Vertex 587 distance 38
0 88 584 623 587 
Vertex 588 distance 20
0 436 588 
Vertex 589 distance 29
0 88 584 371 509 506 167 589 
Vertex 590 distance 33
0 436 403 274 301 471 590 
Vertex 591 distance 30
0 436 403 270 297 591 
Vertex 592 distance 30
0 88 584 261 594 402 552 328 625 592 
Vertex 593 distance 29
0 436 161 100 6 440 109 86 593 
Vertex 594 distance 12
0 88 584 261 594 
Vertex 595 distance 27
0 88 584 261 306 595 
Vertex 596 distance 19
0 265 46 354 468 596 
Vertex 597 distance 28
0 265 46 234 121 446 370 130 597 
Vertex 598 distance 19
0 436 403 512 290 205 8 598 
Vertex 599 distance 33
0 436 427 186 166 599 
Vertex 600 distance 28
0 265 46 354 600 
Vertex 601 distance 24
0 88 584 261 601 
Vertex 602 distance 20
0 436 403 270 160 499 602 
Vertex 603 distance 25
0 265 46 318 116 363 472 603 
Vertex 604 distance 32
0 436 228 252 53 545 586 557 238 604 
Vertex 605 distance 25
0 436 403 605 
Vertex 606 distance 16
0 88 584 261 594 353 606 
Vertex 607 distance 18
0 265 614 373 411 607 
Vertex 608 distance 23
0 88 584 261 319 538 617 608 
Vertex 609 distance 37
0 265 46 199 360 41 444 609 
Vertex 610 distance 23
0 88 584 261 306 610 
Vertex 611 distance 26
0 265 46 318 116 363 341 611 
Vertex 612 distance 30
0 265 46 234 121 446 370 3 612 
Vertex 613 distance 31
0 265 46 199 285 350 613 
Vertex 614 distance 3
0 265 614 
Vertex 615 distance 26
0 265 46 199 360 615 
Vertex 616 distance 29
0 436 588 616 
Vertex 617 distance 21
0 88 584 261 319 538 617 
Vertex 618 distance 18
0 88 584 261 319 618 
Vertex 619 distance 26
0 436 161 100 6 440 428 619 
Vertex 620 distance 29
0 436 403 270 490 516 620 
Vertex 621 distance 26
0 265 46 54 408 36 143 621 
Vertex 622 distance 20
0 436 403 512 218 622 
Vertex 623 distance 25
0 88 584 623 
Vertex 624 distance 36
0 436 403 270 160 499 193 435 338 481 624 
Vertex 625 distance 27
0 88 584 261 594 402 552 328 625 
Vertex 626 distance 22
0 265 46 234 117 626 
Vertex 627 distance 37
0 265 46 405 225 627 
Vertex 628 distance 28
0 436 349 63 628 
Vertex 629 distance 12
0 629 
Vertex 630 distance 31
0 436 403 270 160 499 602 134 571 630 
Vertex 631 distance 37
0 436 403 270 309 544 631 
Vertex 632 distance 27
0 436 228 252 330 315 632 
Vertex 633 distance 25
0 265 614 373 18 633 
Vertex 634 distance 17
0 436 161 100 269 634 
Vertex 635 distance 29
0 265 46 54 408 325 635 
Vertex 636 distance 38
0 436 403 512 290 205 507 636 
Vertex 637 distance 29
0 265 46 234 121 446 370 101 637 
Vertex 638 distance 27
0 265 614 176 493 638 
Vertex 639 distance 26
0 436 228 252 53 545 586 557 639 
