Vertex 0 distance 0
0 0 
Vertex 1 distance 17
0 209 533 11 1 
Vertex 2 distance 22
0 211 621 255 499 343 2 
Vertex 3 distance 21
0 211 621 481 176 146 3 
Vertex 4 distance 29
0 211 621 481 176 560 62 459 592 386 4 
Vertex 5 distance 31
0 209 590 480 528 5 
Vertex 6 distance 29
0 211 621 511 630 140 388 339 524 372 6 
Vertex 7 distance 40
0 209 533 11 7 
Vertex 8 distance 16
0 211 621 481 407 40 8 
Vertex 9 distance 26
0 209 188 33 31 9 
Vertex 10 distance 38
0 211 79 75 374 213 10 
Vertex 11 distance 16
0 209 533 11 
Vertex 12 distance 34
0 211 454 12 
Vertex 13 distance 29
0 209 13 
Vertex 14 distance 32
0 209 590 14 
Vertex 15 distance 30
0 211 621 481 317 15 
Vertex 16 distance 26
0 211 221 345 16 
Vertex 17 distance 19
0 211 621 255 499 17 
Vertex 18 distance 35
0 211 621 511 268 44 18 
Vertex 19 distance 35
0 209 188 33 31 19 
Vertex 20 distance 27
0 211 621 481 407 163 217 355 20 
Vertex 21 distance 37
0 211 621 255 311 233 580 21 
Vertex 22 distance 34
0 211 621 432 473 22 
Vertex 23 distance 25
0 209 188 33 31 23 
Vertex 24 distance 28
0 211 621 255 499 162 479 433 24 
Vertex 25 distance 26
0 209 533 11 1 250 25 
Vertex 26 distance 25
0 211 621 481 407 163 200 26 
Vertex 27 distance 26
0 211 621 511 197 236 235 27 
Vertex 28 distance 28
0 209 533 28 
Vertex 29 distance 21
0 211 428 29 
Vertex 30 distance 29
0 211 621 511 197 236 434 30 
Vertex 31 distance 23
0 209 188 33 31 
Vertex 32 distance 27
0 209 533 11 1 37 538 32 
Vertex 33 distance 21
0 209 188 33 
Vertex 34 distance 36
0 211 621 481 407 163 217 355 20 457 34 
Vertex 35 distance 24
0 211 621 511 35 
Vertex 36 distance 30
0 211 621 481 176 560 62 95 361 36 
Vertex 37 distance 19
0 209 533 11 1 37 
Vertex 38 distance 27
0 211 79 75 129 415 38 
Vertex 39 distance 32
0 209 533 232 231 319 97 39 
Vertex 40 distance 15
0 211 621 481 407 40 
Vertex 41 distance 37
0 209 533 232 231 422 41 
Vertex 42 distance 25
0 209 533 11 42 
Vertex 43 distance 28
0 209 533 11 1 254 359 43 
Vertex 44 distance 31
0 211 621 511 268 44 
Vertex 45 distance 37
0 211 428 122 45 
Vertex 46 distance 41
0 211 79 75 229 296 46 
Vertex 47 distance 28
0 211 621 511 630 84 47 
Vertex 48 distance 24
0 211 79 551 48 
Vertex 49 distance 23
0 211 621 481 49 
Vertex 50 distance 35
0 211 621 511 630 84 206 50 
Vertex 51 distance 24
0 211 621 481 407 163 200 51 
Vertex 52 distance 31
0 211 621 481 176 227 52 
Vertex 53 distance 37
0 211 221 490 598 53 
Vertex 54 distance 28
0 211 428 29 509 519 613 54 
Vertex 55 distance 29
0 211 621 255 150 68 369 55 
Vertex 56 distance 26
0 211 621 511 630 140 388 339 491 56 
Vertex 57 distance 27
0 211 79 75 374 213 312 57 
Vertex 58 distance 27
0 211 621 481 176 146 218 58 
Vertex 59 distance 28
0 209 533 59 
Vertex 60 distance 25
0 209 533 11 1 298 60 
Vertex 61 distance 36
0 211 428 61 
Vertex 62 distance 19
0 211 621 481 176 560 62 
Vertex 63 distance 25
0 211 621 481 407 163 217 355 63 
Vertex 64 distance 35
0 211 621 481 49 294 595 64 
Vertex 65 distance 23
0 211 621 594 90 65 
Vertex 66 distance 32
0 211 621 511 630 140 388 339 524 66 
Vertex 67 distance 22
0 211 79 75 67 
Vertex 68 distance 19
0 211 621 255 150 68 
Vertex 69 distance 29
0 211 621 255 499 343 447 523 575 69 
Vertex 70 distance 26
0 211 621 481 407 40 8 142 70 
Vertex 71 distance 17
0 211 621 481 407 163 71 
Vertex 72 distance 27
0 211 621 481 176 146 218 72 
Vertex 73 distance 21
0 211 621 511 630 140 388 339 491 73 
Vertex 74 distance 28
0 211 621 511 630 140 388 339 491 56 520 74 
Vertex 75 distance 12
0 211 79 75 
Vertex 76 distance 47
0 211 79 75 451 76 
Vertex 77 distance 34
0 211 621 481 176 146 77 
Vertex 78 distance 31
0 211 621 481 407 163 200 26 300 78 
Vertex 79 distance 8
0 211 79 
Vertex 80 distance 18
0 211 621 255 311 335 80 
Vertex 81 distance 38
0 211 621 481 176 560 62 95 93 81 
Vertex 82 distance 36
0 211 621 481 176 560 62 95 143 92 82 
Vertex 83 distance 26
0 211 79 551 83 
Vertex 84 distance 21
0 211 621 511 630 84 
Vertex 85 distance 37
0 209 188 588 85 
Vertex 86 distance 23
0 211 621 511 197 236 86 
Vertex 87 distance 38
0 211 621 87 
Vertex 88 distance 31
0 211 621 511 507 216 88 
Vertex 89 distance 23
0 211 454 89 
Vertex 90 distance 20
0 211 621 594 90 
Vertex 91 distance 38
0 211 79 540 512 94 91 
Vertex 92 distance 33
0 211 621 481 176 560 62 95 143 92 
Vertex 93 distance 28
0 211 621 481 176 560 62 95 93 
Vertex 94 distance 34
0 211 79 540 512 94 
Vertex 95 distance 21
0 211 621 481 176 560 62 95 
Vertex 96 distance 32
0 211 621 481 407 163 200 96 
Vertex 97 distance 29
0 209 533 232 231 319 97 
Vertex 98 distance 28
0 211 621 481 176 560 62 392 98 
Vertex 99 distance 22
0 211 79 99 
Vertex 100 distance 28
0 211 621 481 176 560 62 100 
Vertex 101 distance 32
0 211 621 481 176 560 62 95 143 101 
Vertex 102 distance 34
0 211 79 455 102 
Vertex 103 distance 32
0 209 533 59 103 
Vertex 104 distance 32
0 209 533 232 231 104 
Vertex 105 distance 35
0 211 621 255 499 162 479 458 219 105 
Vertex 106 distance 27
0 211 221 490 379 106 
Vertex 107 distance 33
0 211 79 455 168 378 107 
Vertex 108 distance 42
0 211 621 481 176 227 52 307 577 108 
Vertex 109 distance 49
0 211 621 245 177 109 
Vertex 110 distance 23
0 211 621 481 176 560 110 
Vertex 111 distance 36
0 211 621 511 123 111 
Vertex 112 distance 32
0 211 79 455 168 112 
Vertex 113 distance 32
0 211 428 29 340 113 
Vertex 114 distance 38
0 211 621 511 630 84 114 
Vertex 115 distance 30
0 209 533 232 231 115 
Vertex 116 distance 27
0 211 621 511 366 539 286 116 
Vertex 117 distance 33
0 211 621 511 630 140 388 339 524 66 117 
Vertex 118 distance 29
0 211 621 255 311 335 530 118 
Vertex 119 distance 33
0 211 79 75 374 213 138 119 
Vertex 120 distance 25
0 211 454 120 
Vertex 121 distance 29
0 211 79 540 512 121 
Vertex 122 distance 23
0 211 428 122 
Vertex 123 distance 22
0 211 621 511 123 
Vertex 124 distance 27
0 211 621 255 311 335 124 
Vertex 125 distance 24
0 211 79 75 229 125 
Vertex 126 distance 36
0 211 621 481 407 40 8 126 
Vertex 127 distance 29
0 211 621 511 197 236 234 127 
Vertex 128 distance 31
0 211 621 481 407 163 200 51 128 
Vertex 129 distance 15
0 211 79 75 129 
Vertex 130 distance 31
0 211 621 481 49 294 130 
Vertex 131 distance 23
0 211 621 511 197 131 
Vertex 132 distance 26
0 211 621 481 176 146 218 618 132 
Vertex 133 distance 28
0 209 533 11 1 37 475 133 
Vertex 134 distance 42
0 211 621 255 134 
Vertex 135 distance 33
0 470 135 
Vertex 136 distance 41
0 211 221 136 
Vertex 137 distance 28
0 211 621 255 150 68 369 137 
Vertex 138 distance 25
0 211 79 75 374 213 138 
Vertex 139 distance 39
0 211 621 481 407 163 200 483 139 
Vertex 140 distance 16
0 211 621 511 630 140 
Vertex 141 distance 25
0 211 621 511 630 140 388 339 524 141 
Vertex 142 distance 22
0 211 621 481 407 40 8 142 
Vertex 143 distance 28
0 211 621 481 176 560 62 95 143 
Vertex 144 distance 30
0 209 144 
Vertex 145 distance 23
0 211 621 634 145 
Vertex 146 distance 17
0 211 621 481 176 146 
Vertex 147 distance 34
0 211 621 255 150 68 147 
Vertex 148 distance 29
0 211 79 75 229 620 622 148 
Vertex 149 distance 33
0 211 621 255 311 335 347 149 
Vertex 150 distance 16
0 211 621 255 150 
Vertex 151 distance 41
0 211 621 481 407 163 217 355 63 151 
Vertex 152 distance 26
0 211 621 511 197 131 152 
Vertex 153 distance 29
0 211 621 481 176 560 62 459 592 386 153 
Vertex 154 distance 36
0 209 188 584 154 
Vertex 155 distance 38
0 211 621 511 517 603 155 
Vertex 156 distance 30
0 211 621 255 499 343 447 523 156 
Vertex 157 distance 37
0 211 79 99 403 453 157 
Vertex 158 distance 27
0 211 621 323 158 
Vertex 159 distance 25
0 211 221 159 
Vertex 160 distance 30
0 211 621 481 176 560 62 628 160 
Vertex 161 distance 31
0 211 621 255 150 400 161 
Vertex 162 distance 17
0 211 621 255 499 162 
Vertex 163 distance 14
0 211 621 481 407 163 
Vertex 164 distance 35
0 211 621 511 517 607 215 164 
Vertex 165 distance 25
0 209 533 11 1 184 165 
Vertex 166 distance 32
0 211 621 511 517 166 
Vertex 167 distance 19
0 211 621 511 630 140 167 
Vertex 168 distance 25
0 211 79 455 168 
Vertex 169 distance 24
0 211 621 511 517 169 
Vertex 170 distance 46
0 211 79 342 302 170 
Vertex 171 distance 27
0 209 533 11 1 37 475 171 
Vertex 172 distance 34
0 209 533 11 486 207 172 
Vertex 173 distance 31
0 211 621 179 173 
Vertex 174 distance 59
0 211 621 481 176 146 341 370 174 
Vertex 175 distance 26
0 211 621 511 197 236 235 251 175 
Vertex 176 distance 14
0 211 621 481 176 
Vertex 177 distance 20
0 211 621 245 177 
Vertex 178 distance 31
0 211 621 481 407 163 200 51 178 
Vertex 179 distance 20
0 211 621 179 
Vertex 180 distance 35
0 211 621 245 177 579 180 
Vertex 181 distance 22
0 211 621 511 630 140 388 339 491 181 
Vertex 182 distance 27
0 211 621 511 517 607 182 
Vertex 183 distance 20
0 211 621 255 150 208 616 183 
Vertex 184 distance 23
0 209 533 11 1 184 
Vertex 185 distance 36
0 211 79 342 302 424 185 
Vertex 186 distance 27
0 211 79 186 
Vertex 187 distance 23
0 211 621 481 176 560 62 187 
Vertex 188 distance 15
0 209 188 
Vertex 189 distance 33
0 209 533 11 486 189 
Vertex 190 distance 34
0 211 621 255 150 68 369 137 190 
Vertex 191 distance 38
0 211 621 255 311 335 530 191 
Vertex 192 distance 32
0 211 621 481 407 163 200 26 282 192 
Vertex 193 distance 35
0 209 533 11 1 254 359 43 193 
Vertex 194 distance 27
0 211 621 255 150 68 369 194 
Vertex 195 distance 31
0 211 621 511 517 316 195 
Vertex 196 distance 24
0 211 621 511 630 140 367 624 196 
Vertex 197 distance 15
0 211 621 511 197 
Vertex 198 distance 29
0 211 621 511 630 84 198 
Vertex 199 distance 30
0 209 13 199 
Vertex 200 distance 15
0 211 621 481 407 163 200 
Vertex 201 distance 31
0 209 533 11 1 250 25 201 
Vertex 202 distance 27
0 211 621 481 176 522 202 
Vertex 203 distance 41
0 211 621 245 177 228 203 
Vertex 204 distance 34
0 211 621 481 407 204 
Vertex 205 distance 38
0 211 621 511 630 140 388 339 524 612 205 
Vertex 206 distance 24
0 211 621 511 630 84 206 
Vertex 207 distance 23
0 209 533 11 486 207 
Vertex 208 distance 17
0 211 621 255 150 208 
Vertex 209 distance 12
0 209 
Vertex 210 distance 38
0 211 621 511 197 236 434 30 465 210 
Vertex 211 distance 6
0 211 
Vertex 212 distance 34
0 209 533 232 212 
Vertex 213 distance 24
0 211 79 75 374 213 
Vertex 214 distance 24
0 211 621 255 214 
Vertex 215 distance 23
0 211 621 511 517 607 215 
Vertex 216 distance 20
0 211 621 511 507 216 
Vertex 217 distance 19
0 211 621 481 407 163 217 
Vertex 218 distance 20
0 211 621 481 176 146 218 
Vertex 219 distance 33
0 211 621 255 499 162 479 458 219 
Vertex 220 distance 25
0 211 454 220 
Vertex 221 distance 13
0 211 221 
Vertex 222 distance 21
0 211 621 511 268 222 
Vertex 223 distance 25
0 211 621 255 150 400 223 
Vertex 224 distance 27
0 211 454 224 
Vertex 225 distance 25
0 211 621 481 176 560 225 
Vertex 226 distance 32
0 211 79 75 129 226 
Vertex 227 distance 21
0 211 621 481 176 227 
Vertex 228 distance 22
0 211 621 245 177 228 
Vertex 229 distance 23
0 211 79 75 229 
Vertex 230 distance 28
0 211 79 186 230 
Vertex 231 distance 24
0 209 533 232 231 
Vertex 232 distance 21
0 209 533 232 
Vertex 233 distance 24
0 211 621 255 311 233 
Vertex 234 distance 20
0 211 621 511 197 236 234 
Vertex 235 distance 24
0 211 621 511 197 236 235 
Vertex 236 distance 18
0 211 621 511 197 236 
Vertex 237 distance 34
0 211 621 511 197 287 437 237 
Vertex 238 distance 29
0 211 428 604 238 
Vertex 239 distance 25
0 211 79 75 129 239 
Vertex 240 distance 29
0 211 621 481 176 146 3 468 240 
Vertex 241 distance 31
0 211 621 481 176 560 225 241 
Vertex 242 distance 42
0 211 621 511 517 607 215 358 293 242 
Vertex 243 distance 30
0 211 621 481 176 146 341 370 243 
Vertex 244 distance 29
0 211 621 511 197 287 244 
Vertex 245 distance 18
0 211 621 245 
Vertex 246 distance 31
0 211 621 481 176 560 62 95 361 565 246 
Vertex 247 distance 28
0 211 79 325 247 
Vertex 248 distance 25
0 211 621 511 630 248 
Vertex 249 distance 30
0 211 621 481 407 163 200 483 249 
Vertex 250 distance 19
0 209 533 11 1 250 
Vertex 251 distance 25
0 211 621 511 197 236 235 251 
Vertex 252 distance 32
0 209 534 252 
Vertex 253 distance 31
0 209 533 11 1 254 359 43 253 
Vertex 254 distance 22
0 209 533 11 1 254 
Vertex 255 distance 14
0 211 621 255 
Vertex 256 distance 32
0 211 621 255 311 335 80 427 256 
Vertex 257 distance 35
0 211 621 481 176 560 62 95 257 
Vertex 258 distance 31
0 209 188 584 258 
Vertex 259 distance 38
0 211 79 342 302 424 185 259 
Vertex 260 distance 25
0 211 621 481 260 
Vertex 261 distance 55
0 211 221 261 
Vertex 262 distance 40
0 209 533 232 573 262 
Vertex 263 distance 36
0 211 454 220 263 
Vertex 264 distance 31
0 211 621 634 145 264 
Vertex 265 distance 34
0 209 533 11 1 37 475 171 265 
Vertex 266 distance 28
0 211 621 511 517 607 215 266 
Vertex 267 distance 26
0 211 621 481 407 163 71 267 
Vertex 268 distance 16
0 211 621 511 268 
Vertex 269 distance 30
0 211 621 481 176 146 218 72 269 
Vertex 270 distance 31
0 211 621 481 176 560 62 459 592 386 153 270 
Vertex 271 distance 17
0 211 621 511 197 271 
Vertex 272 distance 34
0 211 621 255 311 272 
Vertex 273 distance 26
0 211 621 511 517 607 215 273 
Vertex 274 distance 27
0 211 621 481 407 163 200 26 274 
Vertex 275 distance 37
0 211 621 511 366 539 275 
Vertex 276 distance 26
0 211 621 634 448 276 
Vertex 277 distance 24
0 211 277 
Vertex 278 distance 36
0 209 533 11 1 250 25 278 
Vertex 279 distance 43
0 211 79 75 229 125 419 279 
Vertex 280 distance 42
0 211 621 481 407 163 200 26 282 555 280 
Vertex 281 distance 25
0 211 621 481 407 281 
Vertex 282 distance 31
0 211 621 481 407 163 200 26 282 
Vertex 283 distance 33
0 211 621 323 283 
Vertex 284 distance 31
0 211 621 511 630 140 388 339 524 372 284 
Vertex 285 distance 32
0 209 533 11 1 250 25 285 
Vertex 286 distance 25
0 211 621 511 366 539 286 
Vertex 287 distance 23
0 211 621 511 197 287 
Vertex 288 distance 37
0 209 533 11 1 184 288 
Vertex 289 distance 32
0 211 621 511 197 287 244 289 
Vertex 290 distance 35
0 211 621 255 311 335 347 149 290 
Vertex 291 distance 23
0 211 621 255 311 291 
Vertex 292 distance 31
0 211 621 481 407 163 217 355 292 
Vertex 293 distance 26
0 211 621 511 517 607 215 358 293 
Vertex 294 distance 24
0 211 621 481 49 294 
Vertex 295 distance 30
0 211 621 481 317 295 
Vertex 296 distance 34
0 211 79 75 229 296 
Vertex 297 distance 21
0 211 79 540 297 
Vertex 298 distance 20
0 209 533 11 1 298 
Vertex 299 distance 36
0 209 533 11 1 37 538 299 
Vertex 300 distance 29
0 211 621 481 407 163 200 26 300 
Vertex 301 distance 33
0 211 621 481 407 163 200 301 
Vertex 302 distance 26
0 211 79 342 302 
Vertex 303 distance 36
0 211 621 481 317 303 
Vertex 304 distance 35
0 211 221 490 631 304 
Vertex 305 distance 34
0 211 79 186 305 
Vertex 306 distance 21
0 211 621 255 499 343 447 523 306 
Vertex 307 distance 36
0 211 621 481 176 227 52 307 
Vertex 308 distance 29
0 211 79 540 440 314 308 
Vertex 309 distance 37
0 211 79 75 374 213 312 544 309 
Vertex 310 distance 31
0 211 621 511 630 140 388 339 524 310 
Vertex 311 distance 15
0 211 621 255 311 
Vertex 312 distance 26
0 211 79 75 374 213 312 
Vertex 313 distance 28
0 211 79 342 302 313 
Vertex 314 distance 25
0 211 79 540 440 314 
Vertex 315 distance 28
0 211 79 315 
Vertex 316 distance 26
0 211 621 511 517 316 
Vertex 317 distance 17
0 211 621 481 317 
Vertex 318 distance 32
0 211 79 540 440 314 308 318 
Vertex 319 distance 28
0 209 533 232 231 319 
Vertex 320 distance 27
0 209 188 33 31 23 320 
Vertex 321 distance 26
0 211 621 481 176 146 341 482 321 
Vertex 322 distance 29
0 211 621 481 176 560 62 322 
Vertex 323 distance 25
0 211 621 323 
Vertex 324 distance 20
0 211 621 255 311 335 80 324 
Vertex 325 distance 23
0 211 79 325 
Vertex 326 distance 36
0 211 621 481 176 560 62 392 326 
Vertex 327 distance 35
0 211 621 481 407 40 327 
Vertex 328 distance 36
0 211 621 481 176 560 62 95 361 565 246 328 
Vertex 329 distance 49
0 209 590 480 329 
Vertex 330 distance 33
0 211 221 490 631 330 
Vertex 331 distance 39
0 211 621 511 630 632 331 
Vertex 332 distance 27
0 211 621 481 176 522 332 
Vertex 333 distance 37
0 211 79 75 229 125 333 
Vertex 334 distance 23
0 211 621 255 150 208 616 183 334 
Vertex 335 distance 16
0 211 621 255 311 335 
Vertex 336 distance 27
0 211 621 255 150 208 616 183 336 
Vertex 337 distance 29
0 211 621 481 176 227 337 
Vertex 338 distance 34
0 209 188 584 338 
Vertex 339 distance 18
0 211 621 511 630 140 388 339 
Vertex 340 distance 27
0 211 428 29 340 
Vertex 341 distance 22
0 211 621 481 176 146 341 
Vertex 342 distance 20
0 211 79 342 
Vertex 343 distance 17
0 211 621 255 499 343 
Vertex 344 distance 37
0 211 621 511 630 140 388 339 524 344 
Vertex 345 distance 22
0 211 221 345 
Vertex 346 distance 37
0 211 621 481 407 163 200 26 282 346 
Vertex 347 distance 21
0 211 621 255 311 335 347 
Vertex 348 distance 34
0 211 621 511 630 632 348 
Vertex 349 distance 25
0 211 621 481 176 146 218 633 349 
Vertex 350 distance 33
0 211 621 511 197 271 350 
Vertex 351 distance 23
0 211 79 99 351 
Vertex 352 distance 28
0 211 621 511 366 352 
Vertex 353 distance 28
0 211 621 255 499 162 479 485 353 
Vertex 354 distance 27
0 209 354 
Vertex 355 distance 22
0 211 621 481 407 163 217 355 
Vertex 356 distance 28
0 211 621 255 311 335 530 356 
Vertex 357 distance 29
0 209 533 232 231 422 357 
Vertex 358 distance 25
0 211 621 511 517 607 215 358 
Vertex 359 distance 26
0 209 533 11 1 254 359 
Vertex 360 distance 33
0 209 533 11 1 254 359 360 
Vertex 361 distance 26
0 211 621 481 176 560 62 95 361 
Vertex 362 distance 31
0 211 621 255 499 162 479 433 362 
Vertex 363 distance 29
0 211 79 540 297 363 
Vertex 364 distance 28
0 211 621 481 176 146 218 618 364 
Vertex 365 distance 23
0 211 79 540 365 
Vertex 366 distance 13
0 211 621 511 366 
Vertex 367 distance 18
0 211 621 511 630 140 367 
Vertex 368 distance 28
0 211 621 481 407 163 71 368 
Vertex 369 distance 25
0 211 621 255 150 68 369 
Vertex 370 distance 27
0 211 621 481 176 146 341 370 
Vertex 371 distance 39
0 211 79 455 371 
Vertex 372 distance 23
0 211 621 511 630 140 388 339 524 372 
Vertex 373 distance 33
0 211 79 75 374 213 312 57 373 
Vertex 374 distance 23
0 211 79 75 374 
Vertex 375 distance 35
0 209 188 510 375 
Vertex 376 distance 33
0 211 79 75 129 239 376 
Vertex 377 distance 33
0 209 533 11 486 207 377 
Vertex 378 distance 30
0 211 79 455 168 378 
Vertex 379 distance 23
0 211 221 490 379 
Vertex 380 distance 36
0 211 79 75 129 239 380 
Vertex 381 distance 35
0 211 621 511 630 140 388 339 524 383 597 381 
Vertex 382 distance 37
0 211 621 255 499 343 447 523 575 69 382 
Vertex 383 distance 25
0 211 621 511 630 140 388 339 524 383 
Vertex 384 distance 21
0 211 621 594 384 
Vertex 385 distance 34
0 209 533 11 385 
Vertex 386 distance 25
0 211 621 481 176 560 62 459 592 386 
Vertex 387 distance 40
0 211 621 481 176 560 62 95 361 36 387 
Vertex 388 distance 17
0 211 621 511 630 140 388 
Vertex 389 distance 37
0 211 621 481 176 146 341 370 389 
Vertex 390 distance 26
0 211 621 511 197 390 
Vertex 391 distance 23
0 211 79 99 391 
Vertex 392 distance 23
0 211 621 481 176 560 62 392 
Vertex 393 distance 28
0 211 621 511 517 316 393 
Vertex 394 distance 33
0 209 533 11 1 37 475 171 637 394 
Vertex 395 distance 33
0 211 621 511 517 603 395 
Vertex 396 distance 38
0 211 621 255 311 335 396 
Vertex 397 distance 40
0 211 621 245 177 228 397 
Vertex 398 distance 25
0 211 621 255 150 208 398 
Vertex 399 distance 35
0 211 79 540 365 399 
Vertex 400 distance 24
0 211 621 255 150 400 
Vertex 401 distance 32
0 211 621 511 630 140 388 339 524 612 401 
Vertex 402 distance 27
0 211 621 511 197 287 402 
Vertex 403 distance 27
0 211 79 99 403 
Vertex 404 distance 50
0 211 621 481 176 227 337 404 
Vertex 405 distance 29
0 209 533 11 1 254 405 
Vertex 406 distance 36
0 211 79 75 129 239 418 406 
Vertex 407 distance 11
0 211 621 481 407 
Vertex 408 distance 29
0 211 621 481 317 408 
Vertex 409 distance 35
0 211 621 255 311 291 409 
Vertex 410 distance 29
0 209 533 11 1 250 410 
Vertex 411 distance 36
0 211 621 255 499 343 411 
Vertex 412 distance 36
0 209 188 510 375 412 
Vertex 413 distance 30
0 211 79 75 374 213 413 
Vertex 414 distance 37
0 211 621 511 517 169 414 
Vertex 415 distance 21
0 211 79 75 129 415 
Vertex 416 distance 33
0 211 621 481 176 560 62 95 143 416 
Vertex 417 distance 37
0 211 621 511 630 140 388 339 524 372 284 417 
Vertex 418 distance 31
0 211 79 75 129 239 418 
Vertex 419 distance 30
0 211 79 75 229 125 419 
Vertex 420 distance 28
0 211 488 420 
Vertex 421 distance 35
0 211 79 75 374 213 312 57 373 421 
Vertex 422 distance 25
0 209 533 232 231 422 
Vertex 423 distance 25
0 211 621 481 407 423 
Vertex 424 distance 29
0 211 79 342 302 424 
Vertex 425 distance 35
0 211 621 481 176 560 62 459 592 425 
Vertex 426 distance 38
0 211 621 481 407 163 426 
Vertex 427 distance 27
0 211 621 255 311 335 80 427 
Vertex 428 distance 16
0 211 428 
Vertex 429 distance 38
0 211 79 99 403 429 
Vertex 430 distance 29
0 211 621 255 311 291 430 
Vertex 431 distance 34
0 209 533 11 1 250 25 285 431 
Vertex 432 distance 24
0 211 621 432 
Vertex 433 distance 22
0 211 621 255 499 162 479 433 
Vertex 434 distance 26
0 211 621 511 197 236 434 
Vertex 435 distance 31
0 211 221 490 631 435 
Vertex 436 distance 26
0 211 621 255 150 208 616 183 334 436 
Vertex 437 distance 32
0 211 621 511 197 287 437 
Vertex 438 distance 35
0 211 621 255 499 343 447 564 438 
Vertex 439 distance 43
0 211 621 594 90 543 439 
Vertex 440 distance 21
0 211 79 540 440 
Vertex 441 distance 33
0 211 621 511 507 216 441 
Vertex 442 distance 37
0 211 621 481 176 227 52 442 
Vertex 443 distance 22
0 211 621 255 150 68 443 
Vertex 444 distance 29
0 211 79 540 440 314 444 
Vertex 445 distance 27
0 211 621 481 176 560 62 459 592 386 445 
Vertex 446 distance 30
0 211 621 481 176 560 62 392 446 
Vertex 447 distance 19
0 211 621 255 499 343 447 
Vertex 448 distance 24
0 211 621 634 448 
Vertex 449 distance 36
0 211 621 511 197 287 449 
Vertex 450 distance 26
0 211 454 220 450 
Vertex 451 distance 35
0 211 79 75 451 
Vertex 452 distance 30
0 211 621 511 630 140 388 339 491 73 452 
Vertex 453 distance 28
0 211 79 99 403 453 
Vertex 454 distance 22
0 211 454 
Vertex 455 distance 24
0 211 79 455 
Vertex 456 distance 32
0 211 621 245 177 456 
Vertex 457 distance 28
0 211 621 481 407 163 217 355 20 457 
Vertex 458 distance 28
0 211 621 255 499 162 479 458 
Vertex 459 distance 21
0 211 621 481 176 560 62 459 
Vertex 460 distance 41
0 211 621 481 407 163 200 614 460 
Vertex 461 distance 31
0 211 621 255 150 68 461 
Vertex 462 distance 26
0 211 621 245 177 228 462 
Vertex 463 distance 31
0 211 621 255 499 343 447 463 
Vertex 464 distance 40
0 211 621 481 407 163 200 51 464 
Vertex 465 distance 34
0 211 621 511 197 236 434 30 465 
Vertex 466 distance 32
0 211 621 245 177 466 
Vertex 467 distance 31
0 211 621 481 176 560 62 459 592 386 445 606 467 
Vertex 468 distance 22
0 211 621 481 176 146 3 468 
Vertex 469 distance 27
0 211 621 481 176 227 469 
Vertex 470 distance 16
0 470 
Vertex 471 distance 30
0 211 621 245 177 228 471 
Vertex 472 distance 42
0 211 79 75 129 239 376 472 
Vertex 473 distance 29
0 211 621 432 473 
Vertex 474 distance 33
0 211 428 29 509 519 613 54 619 474 
Vertex 475 distance 26
0 209 533 11 1 37 475 
Vertex 476 distance 36
0 211 621 481 176 560 62 628 160 476 
Vertex 477 distance 36
0 211 621 511 197 287 437 237 477 
Vertex 478 distance 32
0 209 13 478 
Vertex 479 distance 20
0 211 621 255 499 162 479 
Vertex 480 distance 27
0 209 590 480 
Vertex 481 distance 9
0 211 621 481 
Vertex 482 distance 25
0 211 621 481 176 146 341 482 
Vertex 483 distance 22
0 211 621 481 407 163 200 483 
Vertex 484 distance 29
0 211 621 255 499 162 479 433 24 484 
Vertex 485 distance 26
0 211 621 255 499 162 479 485 
Vertex 486 distance 22
0 209 533 11 486 
Vertex 487 distance 18
0 211 621 511 630 140 388 487 
Vertex 488 distance 22
0 211 488 
Vertex 489 distance 39
0 211 621 481 176 146 218 618 132 589 489 
Vertex 490 distance 18
0 211 221 490 
Vertex 491 distance 20
0 211 621 511 630 140 388 339 491 
Vertex 492 distance 24
0 211 621 245 177 228 492 
Vertex 493 distance 50
0 211 621 511 630 140 388 339 491 73 452 493 
Vertex 494 distance 28
0 211 621 511 630 140 388 339 491 181 494 
Vertex 495 distance 40
0 211 621 255 499 343 447 523 495 
Vertex 496 distance 30
0 211 621 511 630 140 388 339 491 56 520 74 496 
Vertex 497 distance 32
0 211 621 481 176 146 218 72 497 
Vertex 498 distance 34
0 211 621 323 283 498 
Vertex 499 distance 15
0 211 621 255 499 
Vertex 500 distance 27
0 211 79 551 500 
Vertex 501 distance 32
0 211 621 511 517 501 
Vertex 502 distance 35
0 209 188 584 258 502 
Vertex 503 distance 31
0 211 621 511 366 539 503 
Vertex 504 distance 26
0 209 533 11 1 37 538 504 
Vertex 505 distance 31
0 209 188 33 505 
Vertex 506 distance 22
0 211 621 481 176 506 
Vertex 507 distance 11
0 211 621 511 507 
Vertex 508 distance 36
0 211 621 481 49 294 508 
Vertex 509 distance 25
0 211 428 29 509 
Vertex 510 distance 29
0 209 188 510 
Vertex 511 distance 8
0 211 621 511 
Vertex 512 distance 24
0 211 79 540 512 
Vertex 513 distance 31
0 211 621 255 311 513 
Vertex 514 distance 38
0 211 621 481 407 163 71 368 514 
Vertex 515 distance 35
0 209 533 28 515 
Vertex 516 distance 32
0 211 621 481 176 227 469 635 516 
Vertex 517 distance 15
0 211 621 511 517 
Vertex 518 distance 40
0 211 621 481 563 518 
Vertex 519 distance 26
0 211 428 29 509 519 
Vertex 520 distance 27
0 211 621 511 630 140 388 339 491 56 520 
Vertex 521 distance 36
0 211 621 511 197 236 602 521 
Vertex 522 distance 21
0 211 621 481 176 522 
Vertex 523 distance 20
0 211 621 255 499 343 447 523 
Vertex 524 distance 22
0 211 621 511 630 140 388 339 524 
Vertex 525 distance 21
0 211 621 511 197 236 234 525 
Vertex 526 distance 30
0 211 621 594 90 65 526 
Vertex 527 distance 37
0 211 79 540 365 399 527 
Vertex 528 distance 29
0 209 590 480 528 
Vertex 529 distance 41
0 211 79 75 451 529 
Vertex 530 distance 19
0 211 621 255 311 335 530 
Vertex 531 distance 38
0 209 533 11 1 298 60 531 
Vertex 532 distance 33
0 209 533 11 1 37 475 133 532 
Vertex 533 distance 13
0 209 533 
Vertex 534 distance 22
0 209 534 
Vertex 535 distance 25
0 535 
Vertex 536 distance 23
0 211 79 540 297 536 
Vertex 537 distance 19
0 211 537 
Vertex 538 distance 21
0 209 533 11 1 37 538 
Vertex 539 distance 22
0 211 621 511 366 539 
Vertex 540 distance 20
0 211 79 540 
Vertex 541 distance 27
0 211 621 255 311 335 80 541 
Vertex 542 distance 44
0 211 621 481 176 560 62 392 326 542 
Vertex 543 distance 42
0 211 621 594 90 543 
Vertex 544 distance 34
0 211 79 75 374 213 312 544 
Vertex 545 distance 31
0 211 621 511 630 140 388 339 524 372 545 
Vertex 546 distance 40
0 211 621 511 366 539 546 
Vertex 547 distance 28
0 209 533 11 486 547 
Vertex 548 distance 30
0 211 621 511 630 140 388 339 491 56 548 
Vertex 549 distance 31
0 211 621 255 499 343 447 523 575 69 549 
Vertex 550 distance 39
0 211 621 432 550 
Vertex 551 distance 22
0 211 79 551 
Vertex 552 distance 35
0 211 621 511 197 236 234 525 601 552 
Vertex 553 distance 34
0 211 621 255 553 
Vertex 554 distance 33
0 211 621 481 176 560 554 
Vertex 555 distance 32
0 211 621 481 407 163 200 26 282 555 
Vertex 556 distance 34
0 211 79 325 556 
Vertex 557 distance 32
0 211 428 29 509 519 613 557 
Vertex 558 distance 35
0 211 621 481 176 560 225 558 
Vertex 559 distance 26
0 211 79 99 351 559 
Vertex 560 distance 16
0 211 621 481 176 560 
Vertex 561 distance 26
0 211 621 255 150 68 443 561 
Vertex 562 distance 36
0 211 621 255 311 291 409 562 
Vertex 563 distance 29
0 211 621 481 563 
Vertex 564 distance 31
0 211 621 255 499 343 447 564 
Vertex 565 distance 29
0 211 621 481 176 560 62 95 361 565 
Vertex 566 distance 34
0 211 621 255 311 513 566 
Vertex 567 distance 25
0 211 79 540 297 536 567 
Vertex 568 distance 25
0 211 621 255 311 335 347 568 
Vertex 569 distance 24
0 211 621 511 630 140 167 569 
Vertex 570 distance 38
0 211 621 481 176 227 52 442 570 
Vertex 571 distance 31
0 211 79 551 571 
Vertex 572 distance 40
0 211 79 455 168 378 572 
Vertex 573 distance 27
0 209 533 232 573 
Vertex 574 distance 31
0 209 533 11 1 37 475 133 574 
Vertex 575 distance 26
0 211 621 255 499 343 447 523 575 
Vertex 576 distance 39
0 211 621 245 177 228 462 576 
Vertex 577 distance 40
0 211 621 481 176 227 52 307 577 
Vertex 578 distance 33
0 211 621 255 499 343 447 523 575 69 578 
Vertex 579 distance 28
0 211 621 245 177 579 
Vertex 580 distance 26
0 211 621 255 311 233 580 
Vertex 581 distance 41
0 209 533 11 1 37 581 
Vertex 582 distance 26
0 209 534 582 
Vertex 583 distance 31
0 211 621 481 407 163 200 483 583 
Vertex 584 distance 22
0 209 188 584 
Vertex 585 distance 38
0 209 188 33 31 19 585 
Vertex 586 distance 43
0 211 621 511 197 287 244 586 
Vertex 587 distance 29
0 211 221 490 379 587 
Vertex 588 distance 27
0 209 188 588 
Vertex 589 distance 27
0 211 621 481 176 146 218 618 132 589 
Vertex 590 distance 15
0 209 590 
Vertex 591 distance 33
0 211 621 511 630 84 206 591 
Vertex 592 distance 22
0 211 621 481 176 560 62 459 592 
Vertex 593 distance 35
0 211 621 481 176 560 62 459 592 386 593 
Vertex 594 distance 18
0 211 621 594 
Vertex 595 distance 26
0 211 621 481 49 294 595 
Vertex 596 distance 17
0 211 621 255 596 
Vertex 597 distance 28
0 211 621 511 630 140 388 339 524 383 597 
Vertex 598 distance 32
0 211 221 490 598 
Vertex 599 distance 27
0 535 599 
Vertex 600 distance 29
0 211 621 255 499 343 447 523 306 600 
Vertex 601 distance 24
0 211 621 511 197 236 234 525 601 
Vertex 602 distance 34
0 211 621 511 197 236 602 
Vertex 603 distance 23
0 211 621 511 517 603 
Vertex 604 distance 28
0 211 428 604 
Vertex 605 distance 33
0 209 533 232 231 115 605 
Vertex 606 distance 29
0 211 621 481 176 560 62 459 592 386 445 606 
Vertex 607 distance 21
0 211 621 511 517 607 
Vertex 608 distance 29
0 211 621 481 176 146 218 608 
Vertex 609 distance 25
0 211 621 255 499 162 479 433 609 
Vertex 610 distance 35
0 211 79 455 168 378 610 
Vertex 611 distance 32
0 211 621 255 499 343 447 564 611 
Vertex 612 distance 30
0 211 621 511 630 140 388 339 524 612 
Vertex 613 distance 27
0 211 428 29 509 519 613 
Vertex 614 distance 27
0 211 621 481 407 163 200 614 
Vertex 615 distance 32
0 211 621 255 150 68 369 55 615 
Vertex 616 distance 19
0 211 621 255 150 208 616 
Vertex 617 distance 32
0 211 79 75 229 617 
Vertex 618 distance 24
0 211 621 481 176 146 218 618 
Vertex 619 distance 31
0 211 428 29 509 519 613 54 619 
Vertex 620 distance 24
0 211 79 75 229 620 
Vertex 621 distance 7
0 211 621 
Vertex 622 distance 26
0 211 79 75 229 620 622 
Vertex 623 distance 33
0 211 621 481 407 163 217 355 63 623 
Vertex 624 distance 22
0 211 621 511 630 140 367 624 
Vertex 625 distance 35
0 211 428 29 509 519 613 54 619 474 625 
Vertex 626 distance 28
0 211 621 481 176 146 341 482 626 
Vertex 627 distance 37
0 211 79 540 440 314 444 627 
Vertex 628 distance 26
0 211 621 481 176 560 62 628 
Vertex 629 distance 29
0 211 79 551 83 629 
Vertex 630 distance 11
0 211 621 511 630 
Vertex 631 distance 22
0 211 221 490 631 
Vertex 632 distance 31
0 211 621 511 630 632 
Vertex 633 distance 24
0 211 621 481 176 146 218 633 
Vertex 634 distance 16
0 211 621 634 
Vertex 635 distance 29
0 211 621 481 176 227 469 635 
Vertex 636 distance 22
0 211 621 255 499 343 447 523 306 636 
Vertex 637 distance 29
0 209 533 11 1 37 475 171 637 
Vertex 638 distance 39
0 211 79 551 48 638 
Vertex 639 distance 27
0 211 79 540 512 639 
