Vertex 0 distance 0
0 0 
Vertex 1 distance 42
0 17 499 409 87 100 1 
Vertex 2 distance 44
0 517 381 44 43 2 
Vertex 3 distance 22
0 17 577 207 3 
Vertex 4 distance 37
0 17 203 505 65 549 197 408 524 4 
Vertex 5 distance 21
0 17 577 202 119 23 5 
Vertex 6 distance 32
0 17 577 422 365 288 520 565 501 22 6 
Vertex 7 distance 26
0 17 499 409 7 
Vertex 8 distance 33
0 17 577 202 119 23 5 349 491 8 
Vertex 9 distance 41
0 17 203 505 631 136 544 9 
Vertex 10 distance 19
0 487 10 
Vertex 11 distance 42
0 17 203 263 625 11 
Vertex 12 distance 25
0 17 116 558 309 534 12 
Vertex 13 distance 30
0 17 577 202 119 13 
Vertex 14 distance 36
0 17 203 505 65 627 243 41 14 
Vertex 15 distance 24
0 17 577 422 365 288 15 
Vertex 16 distance 32
0 17 16 
Vertex 17 distance 4
0 17 
Vertex 18 distance 23
0 17 577 207 18 
Vertex 19 distance 37
0 17 577 422 365 299 588 521 19 
Vertex 20 distance 17
0 17 434 20 
Vertex 21 distance 37
0 517 381 66 543 49 21 
Vertex 22 distance 31
0 17 577 422 365 288 520 565 501 22 
Vertex 23 distance 20
0 17 577 202 119 23 
Vertex 24 distance 40
0 17 577 422 365 288 520 565 501 68 561 24 
Vertex 25 distance 35
0 17 203 263 429 25 
Vertex 26 distance 34
0 17 577 202 119 23 5 481 26 
Vertex 27 distance 37
0 17 116 306 27 
Vertex 28 distance 30
0 17 203 505 631 28 
Vertex 29 distance 23
0 17 29 
Vertex 30 distance 38
0 17 116 558 309 534 30 
Vertex 31 distance 27
0 17 499 31 
Vertex 32 distance 48
0 17 577 422 32 
Vertex 33 distance 29
0 17 116 558 138 346 33 
Vertex 34 distance 27
0 17 116 558 418 34 
Vertex 35 distance 29
0 487 529 620 431 35 
Vertex 36 distance 30
0 17 29 587 224 36 
Vertex 37 distance 33
0 17 577 422 365 37 
Vertex 38 distance 28
0 517 38 
Vertex 39 distance 27
0 487 10 443 185 39 
Vertex 40 distance 40
0 17 203 505 65 369 449 40 
Vertex 41 distance 24
0 17 203 505 65 627 243 41 
Vertex 42 distance 38
0 487 10 443 472 423 42 
Vertex 43 distance 33
0 517 381 44 43 
Vertex 44 distance 28
0 517 381 44 
Vertex 45 distance 23
0 17 203 505 568 45 
Vertex 46 distance 34
0 17 577 422 365 57 483 46 
Vertex 47 distance 33
0 17 577 202 119 23 5 349 491 47 
Vertex 48 distance 37
0 490 217 583 48 
Vertex 49 distance 33
0 517 381 66 543 49 
Vertex 50 distance 33
0 17 577 422 365 288 269 50 
Vertex 51 distance 33
0 17 29 587 51 
Vertex 52 distance 24
0 17 116 558 52 
Vertex 53 distance 47
0 17 577 422 365 299 588 144 212 53 
Vertex 54 distance 45
0 487 10 54 
Vertex 55 distance 43
0 17 577 422 365 288 269 105 55 
Vertex 56 distance 39
0 17 116 558 138 346 151 488 242 56 
Vertex 57 distance 19
0 17 577 422 365 57 
Vertex 58 distance 47
0 17 116 558 138 346 58 
Vertex 59 distance 32
0 17 116 558 138 200 59 
Vertex 60 distance 19
0 17 577 422 365 288 60 
Vertex 61 distance 27
0 17 203 505 65 627 334 61 
Vertex 62 distance 36
0 17 203 505 65 62 
Vertex 63 distance 37
0 487 10 443 185 339 579 63 
Vertex 64 distance 37
0 17 577 207 18 613 64 
Vertex 65 distance 20
0 17 203 505 65 
Vertex 66 distance 28
0 517 381 66 
Vertex 67 distance 37
0 17 577 422 365 288 454 79 67 
Vertex 68 distance 28
0 17 577 422 365 288 520 565 501 68 
Vertex 69 distance 37
0 17 29 69 
Vertex 70 distance 38
0 487 10 443 185 39 157 70 
Vertex 71 distance 47
0 17 577 422 365 288 60 336 83 485 71 
Vertex 72 distance 29
0 17 203 505 65 627 72 
Vertex 73 distance 34
0 17 577 422 365 288 15 73 
Vertex 74 distance 40
0 517 381 44 43 74 
Vertex 75 distance 33
0 17 577 422 365 288 520 565 75 
Vertex 76 distance 27
0 17 577 422 365 288 15 76 
Vertex 77 distance 36
0 17 577 202 110 77 
Vertex 78 distance 40
0 78 
Vertex 79 distance 36
0 17 577 422 365 288 454 79 
Vertex 80 distance 35
0 17 203 505 65 627 243 41 371 80 
Vertex 81 distance 34
0 17 577 422 365 288 81 
Vertex 82 distance 23
0 487 10 82 
Vertex 83 distance 25
0 17 577 422 365 288 60 336 83 
Vertex 84 distance 20
0 487 10 84 
Vertex 85 distance 49
0 17 29 416 85 
Vertex 86 distance 36
0 487 10 123 602 179 86 
Vertex 87 distance 20
0 17 499 409 87 
Vertex 88 distance 41
0 17 203 505 568 129 88 
Vertex 89 distance 27
0 17 434 89 
Vertex 90 distance 33
0 17 577 207 18 613 102 90 
Vertex 91 distance 31
0 17 577 422 365 288 520 258 303 91 
Vertex 92 distance 34
0 17 203 505 568 92 
Vertex 93 distance 36
0 17 203 505 568 45 222 221 93 
Vertex 94 distance 33
0 17 577 422 365 288 15 94 
Vertex 95 distance 34
0 17 116 306 95 
Vertex 96 distance 45
0 17 577 422 365 288 60 336 83 96 
Vertex 97 distance 34
0 17 577 202 119 23 5 97 
Vertex 98 distance 37
0 487 529 620 421 98 
Vertex 99 distance 20
0 17 99 
Vertex 100 distance 32
0 17 499 409 87 100 
Vertex 101 distance 41
0 17 203 505 65 369 320 101 
Vertex 102 distance 29
0 17 577 207 18 613 102 
Vertex 103 distance 33
0 487 529 620 399 103 
Vertex 104 distance 40
0 17 577 422 365 299 588 144 212 358 104 
Vertex 105 distance 32
0 17 577 422 365 288 269 105 
Vertex 106 distance 38
0 490 217 308 467 106 
Vertex 107 distance 39
0 17 577 422 365 288 520 258 504 107 
Vertex 108 distance 17
0 17 577 422 108 
Vertex 109 distance 25
0 487 10 84 109 
Vertex 110 distance 34
0 17 577 202 110 
Vertex 111 distance 35
0 17 116 306 95 111 
Vertex 112 distance 41
0 17 577 422 365 299 588 144 212 358 618 112 
Vertex 113 distance 39
0 17 577 422 229 478 113 
Vertex 114 distance 36
0 17 499 607 114 
Vertex 115 distance 30
0 17 116 558 138 346 151 488 115 
Vertex 116 distance 14
0 17 116 
Vertex 117 distance 27
0 17 117 
Vertex 118 distance 54
0 17 577 202 609 249 446 605 118 
Vertex 119 distance 13
0 17 577 202 119 
Vertex 120 distance 42
0 17 203 505 65 120 
Vertex 121 distance 40
0 17 577 422 365 288 305 204 121 
Vertex 122 distance 35
0 17 577 422 365 288 15 73 122 
Vertex 123 distance 23
0 487 10 123 
Vertex 124 distance 32
0 17 499 31 124 
Vertex 125 distance 31
0 17 203 505 65 627 334 271 125 
Vertex 126 distance 33
0 17 577 422 365 288 520 565 501 22 6 126 
Vertex 127 distance 30
0 517 38 127 
Vertex 128 distance 39
0 17 203 505 65 549 197 408 524 241 128 
Vertex 129 distance 32
0 17 203 505 568 129 
Vertex 130 distance 41
0 17 203 505 65 627 334 271 125 572 130 
Vertex 131 distance 36
0 17 577 422 365 288 60 131 
Vertex 132 distance 37
0 17 577 202 119 132 
Vertex 133 distance 35
0 133 
Vertex 134 distance 34
0 487 10 82 155 235 134 
Vertex 135 distance 29
0 487 529 135 
Vertex 136 distance 31
0 17 203 505 631 136 
Vertex 137 distance 35
0 17 434 89 427 137 
Vertex 138 distance 17
0 17 116 558 138 
Vertex 139 distance 39
0 17 203 505 65 549 386 523 139 
Vertex 140 distance 29
0 17 577 207 3 484 140 
Vertex 141 distance 37
0 17 577 207 18 613 186 141 
Vertex 142 distance 32
0 17 577 422 365 288 520 565 142 
Vertex 143 distance 37
0 17 434 89 143 
Vertex 144 distance 27
0 17 577 422 365 299 588 144 
Vertex 145 distance 34
0 17 577 145 
Vertex 146 distance 31
0 17 203 505 65 549 146 
Vertex 147 distance 35
0 17 116 558 418 34 147 
Vertex 148 distance 36
0 17 577 422 365 299 148 
Vertex 149 distance 39
0 17 434 89 143 149 
Vertex 150 distance 37
0 17 577 422 365 288 60 336 532 150 
Vertex 151 distance 25
0 17 116 558 138 346 151 
Vertex 152 distance 27
0 17 203 505 65 152 
Vertex 153 distance 26
0 17 99 153 
Vertex 154 distance 40
0 487 630 596 154 
Vertex 155 distance 27
0 487 10 82 155 
Vertex 156 distance 40
0 487 10 443 185 39 157 156 
Vertex 157 distance 32
0 487 10 443 185 39 157 
Vertex 158 distance 36
0 17 577 422 365 299 588 521 604 158 
Vertex 159 distance 36
0 517 381 66 543 49 159 
Vertex 160 distance 36
0 17 29 406 468 160 
Vertex 161 distance 29
0 17 116 558 52 161 
Vertex 162 distance 31
0 17 116 558 309 162 
Vertex 163 distance 44
0 17 577 422 365 288 15 76 553 373 163 
Vertex 164 distance 32
0 17 577 422 365 288 520 164 
Vertex 165 distance 31
0 17 577 422 365 288 60 336 465 165 
Vertex 166 distance 27
0 17 203 505 166 
Vertex 167 distance 32
0 17 577 422 365 288 60 336 83 167 
Vertex 168 distance 46
0 17 577 422 365 299 168 
Vertex 169 distance 33
0 17 577 422 365 288 520 258 303 374 169 
Vertex 170 distance 21
0 17 203 170 
Vertex 171 distance 29
0 17 116 558 309 199 531 171 
Vertex 172 distance 36
0 17 434 89 427 137 172 
Vertex 173 distance 36
0 17 577 422 365 288 454 379 173 
Vertex 174 distance 37
0 17 203 505 631 174 
Vertex 175 distance 35
0 487 529 620 431 35 175 
Vertex 176 distance 38
0 17 577 207 18 403 176 
Vertex 177 distance 38
0 517 38 127 177 
Vertex 178 distance 24
0 17 577 422 365 288 178 
Vertex 179 distance 31
0 487 10 123 602 179 
Vertex 180 distance 37
0 17 203 505 568 180 
Vertex 181 distance 45
0 17 577 181 
Vertex 182 distance 37
0 490 217 583 182 
Vertex 183 distance 34
0 17 29 406 183 
Vertex 184 distance 43
0 487 10 632 571 184 
Vertex 185 distance 23
0 487 10 443 185 
Vertex 186 distance 30
0 17 577 207 18 613 186 
Vertex 187 distance 43
0 17 203 505 631 136 544 187 
Vertex 188 distance 43
0 17 577 422 365 288 60 336 465 540 279 188 
Vertex 189 distance 35
0 17 577 202 609 249 189 
Vertex 190 distance 42
0 17 577 422 365 288 60 336 83 167 190 
Vertex 191 distance 37
0 17 203 505 65 549 197 338 191 
Vertex 192 distance 32
0 487 10 82 155 235 192 
Vertex 193 distance 46
0 487 529 620 401 333 458 193 
Vertex 194 distance 44
0 17 203 505 65 627 243 194 
Vertex 195 distance 31
0 17 499 409 301 195 
Vertex 196 distance 32
0 17 116 558 138 346 151 488 242 196 
Vertex 197 distance 29
0 17 203 505 65 549 197 
Vertex 198 distance 42
0 17 577 422 365 299 588 144 212 358 618 112 198 
Vertex 199 distance 20
0 17 116 558 309 199 
Vertex 200 distance 26
0 17 116 558 138 200 
Vertex 201 distance 43
0 17 116 558 341 492 290 201 
Vertex 202 distance 12
0 17 577 202 
Vertex 203 distance 16
0 17 203 
Vertex 204 distance 30
0 17 577 422 365 288 305 204 
Vertex 205 distance 31
0 17 203 417 205 
Vertex 206 distance 31
0 17 577 202 119 23 5 349 546 206 
Vertex 207 distance 15
0 17 577 207 
Vertex 208 distance 43
0 17 577 422 365 288 454 455 208 
Vertex 209 distance 32
0 17 203 505 209 
Vertex 210 distance 35
0 17 577 202 119 23 5 349 491 210 
Vertex 211 distance 41
0 17 577 422 365 288 520 327 211 
Vertex 212 distance 31
0 17 577 422 365 299 588 144 212 
Vertex 213 distance 37
0 17 116 558 341 498 362 213 
Vertex 214 distance 43
0 517 381 66 214 
Vertex 215 distance 31
0 17 577 422 365 288 60 336 225 215 
Vertex 216 distance 34
0 17 577 207 216 
Vertex 217 distance 27
0 490 217 
Vertex 218 distance 36
0 17 577 207 18 218 
Vertex 219 distance 35
0 17 203 505 65 627 243 41 510 430 219 
Vertex 220 distance 33
0 17 116 558 418 438 220 
Vertex 221 distance 32
0 17 203 505 568 45 222 221 
Vertex 222 distance 29
0 17 203 505 568 45 222 
Vertex 223 distance 32
0 490 230 223 
Vertex 224 distance 27
0 17 29 587 224 
Vertex 225 distance 23
0 17 577 422 365 288 60 336 225 
Vertex 226 distance 45
0 17 203 505 65 627 334 271 125 572 608 226 
Vertex 227 distance 30
0 17 577 207 18 613 102 227 
Vertex 228 distance 36
0 17 577 422 365 288 60 336 465 540 228 
Vertex 229 distance 21
0 17 577 422 229 
Vertex 230 distance 26
0 490 230 
Vertex 231 distance 36
0 17 499 409 301 556 231 
Vertex 232 distance 37
0 17 499 282 232 
Vertex 233 distance 36
0 17 116 306 390 233 
Vertex 234 distance 33
0 17 577 422 365 288 520 565 501 234 
Vertex 235 distance 28
0 487 10 82 155 235 
Vertex 236 distance 38
0 17 203 505 65 627 243 41 236 
Vertex 237 distance 45
0 17 577 207 360 486 461 237 
Vertex 238 distance 35
0 17 99 238 
Vertex 239 distance 49
0 17 577 422 365 57 426 239 
Vertex 240 distance 44
0 17 577 422 365 288 240 
Vertex 241 distance 33
0 17 203 505 65 549 197 408 524 241 
Vertex 242 distance 29
0 17 116 558 138 346 151 488 242 
Vertex 243 distance 23
0 17 203 505 65 627 243 
Vertex 244 distance 34
0 17 116 558 309 199 531 171 244 
Vertex 245 distance 42
0 17 577 202 609 249 446 569 245 
Vertex 246 distance 44
0 17 116 558 341 246 
Vertex 247 distance 37
0 17 499 409 7 302 247 
Vertex 248 distance 30
0 517 381 66 248 
Vertex 249 distance 22
0 17 577 202 609 249 
Vertex 250 distance 36
0 17 116 558 138 295 315 250 
Vertex 251 distance 37
0 487 10 84 109 251 
Vertex 252 distance 32
0 17 117 252 
Vertex 253 distance 47
0 17 577 422 365 299 253 
Vertex 254 distance 31
0 17 116 558 138 346 254 
Vertex 255 distance 35
0 17 116 306 390 255 
Vertex 256 distance 31
0 17 499 278 256 
Vertex 257 distance 37
0 17 577 422 365 288 454 379 173 257 
Vertex 258 distance 26
0 17 577 422 365 288 520 258 
Vertex 259 distance 40
0 17 116 558 341 492 290 502 259 
Vertex 260 distance 32
0 17 116 558 309 534 447 260 
Vertex 261 distance 33
0 487 10 261 
Vertex 262 distance 49
0 517 381 66 543 262 
Vertex 263 distance 17
0 17 203 263 
Vertex 264 distance 32
0 487 10 123 602 179 264 
Vertex 265 distance 41
0 17 577 202 119 23 5 481 397 265 
Vertex 266 distance 35
0 17 499 31 266 
Vertex 267 distance 39
0 487 529 353 400 267 
Vertex 268 distance 45
0 17 434 89 268 
Vertex 269 distance 26
0 17 577 422 365 288 269 
Vertex 270 distance 33
0 17 116 558 418 270 
Vertex 271 distance 27
0 17 203 505 65 627 334 271 
Vertex 272 distance 36
0 17 434 272 
Vertex 273 distance 41
0 17 577 202 119 23 5 349 491 47 273 
Vertex 274 distance 33
0 17 577 422 365 288 520 565 501 68 561 603 274 
Vertex 275 distance 27
0 17 116 558 402 275 
Vertex 276 distance 31
0 17 577 202 119 23 5 349 491 276 
Vertex 277 distance 39
0 17 577 422 365 288 520 258 303 91 277 
Vertex 278 distance 19
0 17 499 278 
Vertex 279 distance 42
0 17 577 422 365 288 60 336 465 540 279 
Vertex 280 distance 39
0 17 116 558 138 280 
Vertex 281 distance 51
0 17 116 558 418 34 147 281 
Vertex 282 distance 32
0 17 499 282 
Vertex 283 distance 38
0 17 577 207 3 484 140 283 
Vertex 284 distance 32
0 17 577 422 365 299 588 521 284 
Vertex 285 distance 38
0 17 577 202 119 23 5 481 397 285 
Vertex 286 distance 36
0 17 29 587 224 36 286 
Vertex 287 distance 36
0 17 203 505 209 395 287 
Vertex 288 distance 16
0 17 577 422 365 288 
Vertex 289 distance 35
0 17 203 505 568 509 289 
Vertex 290 distance 31
0 17 116 558 341 492 290 
Vertex 291 distance 30
0 487 10 82 155 235 291 
Vertex 292 distance 41
0 17 203 505 65 549 197 408 524 292 
Vertex 293 distance 42
0 17 99 293 
Vertex 294 distance 35
0 17 116 294 
Vertex 295 distance 32
0 17 116 558 138 295 
Vertex 296 distance 30
0 17 499 296 
Vertex 297 distance 30
0 17 116 558 402 275 297 
Vertex 298 distance 32
0 17 577 207 3 484 298 
Vertex 299 distance 21
0 17 577 422 365 299 
Vertex 300 distance 39
0 17 577 422 365 288 305 204 300 
Vertex 301 distance 27
0 17 499 409 301 
Vertex 302 distance 27
0 17 499 409 7 302 
Vertex 303 distance 28
0 17 577 422 365 288 520 258 303 
Vertex 304 distance 41
0 17 577 422 365 288 454 379 173 304 
Vertex 305 distance 26
0 17 577 422 365 288 305 
Vertex 306 distance 17
0 17 116 306 
Vertex 307 distance 33
0 17 116 307 
Vertex 308 distance 28
0 490 217 308 
Vertex 309 distance 19
0 17 116 558 309 
Vertex 310 distance 31
0 17 203 505 316 614 310 
Vertex 311 distance 34
0 17 203 505 316 614 310 311 
Vertex 312 distance 39
0 517 381 66 312 
Vertex 313 distance 40
0 17 203 505 313 
Vertex 314 distance 35
0 17 499 409 301 314 
Vertex 315 distance 35
0 17 116 558 138 295 315 
Vertex 316 distance 28
0 17 203 505 316 
Vertex 317 distance 30
0 17 203 505 65 627 317 
Vertex 318 distance 36
0 17 203 505 65 627 72 318 
Vertex 319 distance 40
0 17 577 422 365 299 588 521 284 319 
Vertex 320 distance 37
0 17 203 505 65 369 320 
Vertex 321 distance 45
0 17 116 558 138 346 151 452 536 321 
Vertex 322 distance 24
0 17 577 422 229 322 
Vertex 323 distance 24
0 17 203 505 568 509 323 
Vertex 324 distance 34
0 17 116 558 341 324 
Vertex 325 distance 28
0 17 577 422 365 288 305 325 
Vertex 326 distance 33
0 17 203 505 568 45 326 
Vertex 327 distance 40
0 17 577 422 365 288 520 327 
Vertex 328 distance 35
0 17 203 505 65 627 243 41 371 328 
Vertex 329 distance 35
0 17 116 558 309 199 329 
Vertex 330 distance 43
0 17 116 558 138 346 151 488 330 
Vertex 331 distance 32
0 487 10 443 331 
Vertex 332 distance 29
0 17 29 587 224 332 
Vertex 333 distance 33
0 487 529 620 401 333 
Vertex 334 distance 23
0 17 203 505 65 627 334 
Vertex 335 distance 35
0 487 10 82 155 235 335 
Vertex 336 distance 21
0 17 577 422 365 288 60 336 
Vertex 337 distance 37
0 17 577 202 110 77 337 
Vertex 338 distance 34
0 17 203 505 65 549 197 338 
Vertex 339 distance 28
0 487 10 443 185 339 
Vertex 340 distance 35
0 487 529 620 466 340 
Vertex 341 distance 22
0 17 116 558 341 
Vertex 342 distance 30
0 17 116 558 309 534 447 342 
Vertex 343 distance 35
0 487 10 443 472 343 
Vertex 344 distance 30
0 17 116 558 52 161 344 
Vertex 345 distance 45
0 17 116 558 138 346 151 488 242 196 345 
Vertex 346 distance 24
0 17 116 558 138 346 
Vertex 347 distance 32
0 17 499 347 
Vertex 348 distance 31
0 17 203 505 568 45 372 606 348 
Vertex 349 distance 27
0 17 577 202 119 23 5 349 
Vertex 350 distance 34
0 17 116 558 341 350 
Vertex 351 distance 45
0 17 577 422 365 288 60 336 465 540 351 
Vertex 352 distance 37
0 17 29 587 224 36 286 352 
Vertex 353 distance 31
0 487 529 353 
Vertex 354 distance 37
0 17 499 607 114 354 
Vertex 355 distance 50
0 78 355 
Vertex 356 distance 37
0 17 117 252 356 
Vertex 357 distance 26
0 17 116 558 309 534 357 
Vertex 358 distance 34
0 17 577 422 365 299 588 144 212 358 
Vertex 359 distance 34
0 17 116 558 138 346 33 359 
Vertex 360 distance 26
0 17 577 207 360 
Vertex 361 distance 38
0 487 529 620 431 35 175 361 
Vertex 362 distance 32
0 17 116 558 341 498 362 
Vertex 363 distance 35
0 17 116 558 341 324 363 
Vertex 364 distance 39
0 487 529 364 
Vertex 365 distance 13
0 17 577 422 365 
Vertex 366 distance 46
0 17 577 422 229 322 366 
Vertex 367 distance 35
0 487 529 620 401 367 
Vertex 368 distance 39
0 517 38 127 177 368 
Vertex 369 distance 29
0 17 203 505 65 369 
Vertex 370 distance 39
0 17 203 505 65 627 243 41 370 
Vertex 371 distance 31
0 17 203 505 65 627 243 41 371 
Vertex 372 distance 25
0 17 203 505 568 45 372 
Vertex 373 distance 39
0 17 577 422 365 288 15 76 553 373 
Vertex 374 distance 32
0 17 577 422 365 288 520 258 303 374 
Vertex 375 distance 45
0 17 577 422 365 288 60 336 83 167 375 
Vertex 376 distance 33
0 17 116 558 138 295 376 
Vertex 377 distance 34
0 17 203 505 65 627 377 
Vertex 378 distance 33
0 17 116 558 418 438 378 
Vertex 379 distance 30
0 17 577 422 365 288 454 379 
Vertex 380 distance 26
0 17 29 380 
Vertex 381 distance 27
0 517 381 
Vertex 382 distance 37
0 517 381 66 543 49 159 382 
Vertex 383 distance 36
0 17 116 558 138 346 151 383 
Vertex 384 distance 43
0 17 577 422 365 57 479 384 
Vertex 385 distance 37
0 487 10 84 385 
Vertex 386 distance 25
0 17 203 505 65 549 386 
Vertex 387 distance 40
0 17 577 422 365 299 588 521 387 
Vertex 388 distance 35
0 17 203 505 65 627 377 388 
Vertex 389 distance 38
0 17 577 207 18 403 389 
Vertex 390 distance 31
0 17 116 306 390 
Vertex 391 distance 39
0 17 577 422 229 513 391 
Vertex 392 distance 27
0 17 577 422 365 288 269 392 
Vertex 393 distance 41
0 17 577 422 365 299 588 521 393 
Vertex 394 distance 44
0 17 577 422 365 288 15 73 394 
Vertex 395 distance 35
0 17 203 505 209 395 
Vertex 396 distance 38
0 17 203 505 568 45 326 396 
Vertex 397 distance 33
0 17 577 202 119 23 5 481 397 
Vertex 398 distance 34
0 17 116 558 309 534 447 342 469 398 
Vertex 399 distance 28
0 487 529 620 399 
Vertex 400 distance 35
0 487 529 353 400 
Vertex 401 distance 28
0 487 529 620 401 
Vertex 402 distance 26
0 17 116 558 402 
Vertex 403 distance 32
0 17 577 207 18 403 
Vertex 404 distance 35
0 17 29 380 404 
Vertex 405 distance 45
0 17 116 558 402 275 405 
Vertex 406 distance 28
0 17 29 406 
Vertex 407 distance 33
0 17 577 422 365 288 60 336 465 407 
Vertex 408 distance 30
0 17 203 505 65 549 197 408 
Vertex 409 distance 19
0 17 499 409 
Vertex 410 distance 31
0 17 116 558 138 346 151 488 410 
Vertex 411 distance 29
0 17 577 422 365 288 15 76 411 
Vertex 412 distance 26
0 17 577 202 119 23 412 
Vertex 413 distance 38
0 17 203 505 568 45 222 413 
Vertex 414 distance 36
0 487 10 443 185 39 414 
Vertex 415 distance 36
0 17 577 422 365 288 269 392 415 
Vertex 416 distance 36
0 17 29 416 
Vertex 417 distance 26
0 17 203 417 
Vertex 418 distance 26
0 17 116 558 418 
Vertex 419 distance 41
0 17 29 587 545 419 
Vertex 420 distance 35
0 17 577 422 108 420 
Vertex 421 distance 35
0 487 529 620 421 
Vertex 422 distance 10
0 17 577 422 
Vertex 423 distance 33
0 487 10 443 472 423 
Vertex 424 distance 35
0 17 116 558 138 346 151 488 424 
Vertex 425 distance 37
0 17 499 409 301 195 425 
Vertex 426 distance 29
0 17 577 422 365 57 426 
Vertex 427 distance 32
0 17 434 89 427 
Vertex 428 distance 42
0 490 217 583 48 428 
Vertex 429 distance 29
0 17 203 263 429 
Vertex 430 distance 33
0 17 203 505 65 627 243 41 510 430 
Vertex 431 distance 27
0 487 529 620 431 
Vertex 432 distance 39
0 17 29 406 468 432 
Vertex 433 distance 48
0 17 577 422 365 299 588 521 19 433 
Vertex 434 distance 10
0 17 434 
Vertex 435 distance 39
0 17 116 306 95 435 
Vertex 436 distance 27
0 17 434 436 
Vertex 437 distance 38
0 487 10 123 602 437 
Vertex 438 distance 32
0 17 116 558 418 438 
Vertex 439 distance 28
0 17 203 505 65 627 243 439 
Vertex 440 distance 33
0 17 577 422 365 288 520 565 501 68 561 603 440 
Vertex 441 distance 42
0 17 577 202 119 23 5 441 
Vertex 442 distance 36
0 17 29 380 404 442 
Vertex 443 distance 21
0 487 10 443 
Vertex 444 distance 43
0 517 38 127 444 
Vertex 445 distance 30
0 17 29 587 224 332 445 
Vertex 446 distance 30
0 17 577 202 609 249 446 
Vertex 447 distance 29
0 17 116 558 309 534 447 
Vertex 448 distance 33
0 17 203 505 65 369 449 448 
Vertex 449 distance 31
0 17 203 505 65 369 449 
Vertex 450 distance 32
0 17 203 505 65 549 197 408 524 450 
Vertex 451 distance 26
0 17 203 505 65 627 243 451 
Vertex 452 distance 33
0 17 116 558 138 346 151 452 
Vertex 453 distance 32
0 17 117 453 
Vertex 454 distance 27
0 17 577 422 365 288 454 
Vertex 455 distance 28
0 17 577 422 365 288 454 455 
Vertex 456 distance 38
0 17 499 409 87 456 
Vertex 457 distance 40
0 17 577 422 365 288 60 336 465 540 228 457 
Vertex 458 distance 35
0 487 529 620 401 333 458 
Vertex 459 distance 46
0 17 116 558 341 246 459 
Vertex 460 distance 29
0 490 217 308 460 
Vertex 461 distance 41
0 17 577 207 360 486 461 
Vertex 462 distance 36
0 17 203 263 429 25 462 
Vertex 463 distance 36
0 17 577 422 365 288 520 565 501 22 6 126 463 
Vertex 464 distance 33
0 17 577 422 365 299 588 144 212 464 
Vertex 465 distance 26
0 17 577 422 365 288 60 336 465 
Vertex 466 distance 32
0 487 529 620 466 
Vertex 467 distance 37
0 490 217 308 467 
Vertex 468 distance 34
0 17 29 406 468 
Vertex 469 distance 32
0 17 116 558 309 534 447 342 469 
Vertex 470 distance 42
0 517 381 66 543 49 21 578 470 
Vertex 471 distance 32
0 487 10 84 109 471 
Vertex 472 distance 24
0 487 10 443 472 
Vertex 473 distance 43
0 17 116 558 138 200 611 473 
Vertex 474 distance 32
0 17 203 263 474 
Vertex 475 distance 40
0 17 577 422 365 288 15 76 553 559 475 
Vertex 476 distance 34
0 17 203 505 65 549 386 523 476 
Vertex 477 distance 27
0 487 529 620 477 
Vertex 478 distance 31
0 17 577 422 229 478 
Vertex 479 distance 29
0 17 577 422 365 57 479 
Vertex 480 distance 50
0 17 116 558 138 280 480 
Vertex 481 distance 26
0 17 577 202 119 23 5 481 
Vertex 482 distance 26
0 17 434 482 
Vertex 483 distance 33
0 17 577 422 365 57 483 
Vertex 484 distance 23
0 17 577 207 3 484 
Vertex 485 distance 28
0 17 577 422 365 288 60 336 83 485 
Vertex 486 distance 34
0 17 577 207 360 486 
Vertex 487 distance 17
0 487 
Vertex 488 distance 28
0 17 116 558 138 346 151 488 
Vertex 489 distance 36
0 17 116 558 341 489 
Vertex 490 distance 25
0 490 
Vertex 491 distance 29
0 17 577 202 119 23 5 349 491 
Vertex 492 distance 27
0 17 116 558 341 492 
Vertex 493 distance 36
0 17 577 202 119 23 5 481 397 493 
Vertex 494 distance 35
0 17 116 558 309 534 12 494 
Vertex 495 distance 30
0 17 577 422 365 288 60 336 495 
Vertex 496 distance 39
0 17 203 505 65 152 496 
Vertex 497 distance 40
0 17 116 558 309 199 531 171 244 497 
Vertex 498 distance 29
0 17 116 558 341 498 
Vertex 499 distance 18
0 17 499 
Vertex 500 distance 34
0 17 116 558 309 534 12 500 
Vertex 501 distance 24
0 17 577 422 365 288 520 565 501 
Vertex 502 distance 36
0 17 116 558 341 492 290 502 
Vertex 503 distance 37
0 17 577 422 365 299 588 144 212 358 503 
Vertex 504 distance 35
0 17 577 422 365 288 520 258 504 
Vertex 505 distance 18
0 17 203 505 
Vertex 506 distance 36
0 17 203 263 474 506 
Vertex 507 distance 45
0 17 577 422 365 288 507 
Vertex 508 distance 38
0 17 499 607 508 
Vertex 509 distance 22
0 17 203 505 568 509 
Vertex 510 distance 32
0 17 203 505 65 627 243 41 510 
Vertex 511 distance 42
0 17 577 422 365 288 60 336 83 566 511 
Vertex 512 distance 26
0 17 499 409 87 512 
Vertex 513 distance 31
0 17 577 422 229 513 
Vertex 514 distance 30
0 17 577 422 365 288 15 514 
Vertex 515 distance 31
0 17 203 505 65 515 
Vertex 516 distance 31
0 517 381 516 
Vertex 517 distance 16
0 517 
Vertex 518 distance 33
0 17 577 422 365 288 520 634 518 
Vertex 519 distance 38
0 487 529 620 431 554 519 
Vertex 520 distance 18
0 17 577 422 365 288 520 
Vertex 521 distance 27
0 17 577 422 365 299 588 521 
Vertex 522 distance 32
0 17 116 558 418 34 522 
Vertex 523 distance 33
0 17 203 505 65 549 386 523 
Vertex 524 distance 31
0 17 203 505 65 549 197 408 524 
Vertex 525 distance 33
0 17 577 422 365 288 269 525 
Vertex 526 distance 46
0 17 577 422 365 288 15 76 553 624 526 
Vertex 527 distance 30
0 17 577 422 365 288 178 527 
Vertex 528 distance 38
0 17 116 558 138 295 315 250 528 
Vertex 529 distance 22
0 487 529 
Vertex 530 distance 40
0 17 203 505 65 627 334 271 125 572 530 
Vertex 531 distance 25
0 17 116 558 309 199 531 
Vertex 532 distance 27
0 17 577 422 365 288 60 336 532 
Vertex 533 distance 33
0 17 203 505 65 549 146 533 
Vertex 534 distance 20
0 17 116 558 309 534 
Vertex 535 distance 30
0 17 577 422 365 288 60 336 225 535 
Vertex 536 distance 39
0 17 116 558 138 346 151 452 536 
Vertex 537 distance 55
0 17 499 537 
Vertex 538 distance 48
0 17 577 422 365 288 60 336 83 566 538 
Vertex 539 distance 42
0 17 203 263 429 25 539 
Vertex 540 distance 28
0 17 577 422 365 288 60 336 465 540 
Vertex 541 distance 44
0 17 577 422 365 288 60 131 541 
Vertex 542 distance 39
0 487 10 443 331 542 
Vertex 543 distance 30
0 517 381 66 543 
Vertex 544 distance 37
0 17 203 505 631 136 544 
Vertex 545 distance 39
0 17 29 587 545 
Vertex 546 distance 29
0 17 577 202 119 23 5 349 546 
Vertex 547 distance 42
0 487 529 620 401 333 458 547 
Vertex 548 distance 40
0 487 529 548 
Vertex 549 distance 23
0 17 203 505 65 549 
Vertex 550 distance 36
0 17 203 505 65 549 197 338 550 
Vertex 551 distance 28
0 17 577 422 365 288 60 336 551 
Vertex 552 distance 33
0 17 577 422 365 288 454 455 552 
Vertex 553 distance 32
0 17 577 422 365 288 15 76 553 
Vertex 554 distance 31
0 487 529 620 431 554 
Vertex 555 distance 35
0 17 203 505 65 627 555 
Vertex 556 distance 28
0 17 499 409 301 556 
Vertex 557 distance 37
0 17 577 422 365 288 60 336 557 
Vertex 558 distance 16
0 17 116 558 
Vertex 559 distance 35
0 17 577 422 365 288 15 76 553 559 
Vertex 560 distance 41
0 487 593 560 
Vertex 561 distance 29
0 17 577 422 365 288 520 565 501 68 561 
Vertex 562 distance 37
0 487 529 620 401 367 562 
Vertex 563 distance 26
0 17 577 422 365 288 520 634 563 
Vertex 564 distance 38
0 17 203 505 65 549 197 408 564 
Vertex 565 distance 23
0 17 577 422 365 288 520 565 
Vertex 566 distance 34
0 17 577 422 365 288 60 336 83 566 
Vertex 567 distance 31
0 17 29 587 224 332 445 567 
Vertex 568 distance 21
0 17 203 505 568 
Vertex 569 distance 36
0 17 577 202 609 249 446 569 
Vertex 570 distance 42
0 17 203 505 65 627 243 570 
Vertex 571 distance 38
0 487 10 632 571 
Vertex 572 distance 33
0 17 203 505 65 627 334 271 125 572 
Vertex 573 distance 37
0 487 529 620 466 573 
Vertex 574 distance 41
0 17 577 422 365 288 60 336 225 574 
Vertex 575 distance 38
0 17 203 505 65 627 243 41 14 575 
Vertex 576 distance 34
0 17 203 505 65 627 243 584 576 
Vertex 577 distance 9
0 17 577 
Vertex 578 distance 40
0 517 381 66 543 49 21 578 
Vertex 579 distance 35
0 487 10 443 185 339 579 
Vertex 580 distance 34
0 17 577 422 365 288 454 455 552 580 
Vertex 581 distance 36
0 17 434 581 
Vertex 582 distance 35
0 17 99 582 
Vertex 583 distance 32
0 490 217 583 
Vertex 584 distance 29
0 17 203 505 65 627 243 584 
Vertex 585 distance 37
0 17 577 422 365 299 588 521 604 585 
Vertex 586 distance 43
0 17 577 422 365 288 454 379 173 257 586 
Vertex 587 distance 24
0 17 29 587 
Vertex 588 distance 25
0 17 577 422 365 299 588 
Vertex 589 distance 41
0 17 577 422 229 478 589 
Vertex 590 distance 41
0 17 434 89 143 149 590 
Vertex 591 distance 33
0 17 577 422 365 591 
Vertex 592 distance 50
0 17 116 558 418 438 592 
Vertex 593 distance 34
0 487 593 
Vertex 594 distance 37
0 17 116 558 52 161 344 594 
Vertex 595 distance 34
0 17 117 595 
Vertex 596 distance 33
0 487 630 596 
Vertex 597 distance 45
0 17 203 505 568 45 372 597 
Vertex 598 distance 43
0 17 577 422 365 288 520 258 504 107 598 
Vertex 599 distance 35
0 17 577 422 365 288 60 336 465 407 599 
Vertex 600 distance 36
0 17 203 505 65 549 386 600 
Vertex 601 distance 43
0 17 577 422 365 57 479 601 
Vertex 602 distance 24
0 487 10 123 602 
Vertex 603 distance 32
0 17 577 422 365 288 520 565 501 68 561 603 
Vertex 604 distance 32
0 17 577 422 365 299 588 521 604 
Vertex 605 distance 39
0 17 577 202 609 249 446 605 
Vertex 606 distance 26
0 17 203 505 568 45 372 606 
Vertex 607 distance 25
0 17 499 607 
Vertex 608 distance 42
0 17 203 505 65 627 334 271 125 572 608 
Vertex 609 distance 19
0 17 577 202 609 
Vertex 610 distance 34
0 17 203 505 316 614 310 610 
Vertex 611 distance 28
0 17 116 558 138 200 611 
Vertex 612 distance 47
0 17 116 558 341 350 612 
Vertex 613 distance 28
0 17 577 207 18 613 
Vertex 614 distance 29
0 17 203 505 316 614 
Vertex 615 distance 48
0 487 10 443 472 343 629 615 
Vertex 616 distance 34
0 17 577 422 365 299 588 616 
Vertex 617 distance 40
0 17 116 306 95 617 
Vertex 618 distance 37
0 17 577 422 365 299 588 144 212 358 618 
Vertex 619 distance 39
0 487 630 596 619 
Vertex 620 distance 23
0 487 529 620 
Vertex 621 distance 48
0 17 577 422 365 288 60 336 465 407 599 621 
Vertex 622 distance 38
0 487 10 82 622 
Vertex 623 distance 27
0 17 116 558 309 534 623 
Vertex 624 distance 33
0 17 577 422 365 288 15 76 553 624 
Vertex 625 distance 37
0 17 203 263 625 
Vertex 626 distance 33
0 17 577 202 119 23 412 626 
Vertex 627 distance 22
0 17 203 505 65 627 
Vertex 628 distance 33
0 17 116 558 138 346 33 639 628 
Vertex 629 distance 40
0 487 10 443 472 343 629 
Vertex 630 distance 28
0 487 630 
Vertex 631 distance 27
0 17 203 505 631 
Vertex 632 distance 27
0 487 10 632 
Vertex 633 distance 39
0 17 203 505 65 369 449 633 
Vertex 634 distance 21
0 17 577 422 365 288 520 634 
Vertex 635 distance 33
0 17 577 422 365 288 305 204 635 
Vertex 636 distance 33
0 490 230 223 636 
Vertex 637 distance 48
0 17 203 505 65 549 197 338 191 637 
Vertex 638 distance 36
0 17 577 422 365 288 520 565 501 68 561 603 440 638 
Vertex 639 distance 31
0 17 116 558 138 346 33 639 
