Vertex 0 distance 0
0 0 
Vertex 1 distance 13
0 274 452 223 186 1 
Vertex 2 distance 21
0 274 452 134 148 404 2 
Vertex 3 distance 15
0 274 452 91 3 
Vertex 4 distance 17
0 274 452 624 155 483 4 
Vertex 5 distance 16
0 274 452 206 122 5 
Vertex 6 distance 15
0 274 452 624 155 483 6 
Vertex 7 distance 6
0 292 7 
Vertex 8 distance 19
0 292 7 548 597 39 296 369 8 
Vertex 9 distance 21
0 274 452 624 276 303 182 9 
Vertex 10 distance 19
0 274 437 344 165 10 
Vertex 11 distance 16
0 274 452 223 186 1 73 11 
Vertex 12 distance 23
0 292 7 392 294 558 152 174 12 
Vertex 13 distance 18
0 274 525 298 191 465 13 
Vertex 14 distance 26
0 274 452 134 148 164 14 
Vertex 15 distance 23
0 274 452 363 617 350 115 84 23 196 15 
Vertex 16 distance 19
0 274 452 91 159 287 340 16 
Vertex 17 distance 15
0 274 437 344 65 17 
Vertex 18 distance 23
0 274 452 91 159 329 18 
Vertex 19 distance 20
0 274 452 206 627 330 19 
Vertex 20 distance 16
0 274 525 583 544 20 
Vertex 21 distance 16
0 407 215 390 247 22 21 
Vertex 22 distance 12
0 407 215 390 247 22 
Vertex 23 distance 17
0 274 452 363 617 350 115 84 23 
Vertex 24 distance 18
0 274 452 91 24 
Vertex 25 distance 20
0 274 452 363 114 486 25 
Vertex 26 distance 16
0 274 437 344 26 
Vertex 27 distance 20
0 274 452 134 148 404 634 27 
Vertex 28 distance 18
0 364 160 28 
Vertex 29 distance 19
0 274 58 335 308 320 29 
Vertex 30 distance 17
0 274 525 581 30 
Vertex 31 distance 18
0 292 7 548 597 55 31 
Vertex 32 distance 15
0 274 452 134 148 32 
Vertex 33 distance 21
0 274 452 363 541 306 559 580 618 33 
Vertex 34 distance 17
0 274 452 134 119 422 34 
Vertex 35 distance 22
0 274 525 237 262 593 279 494 35 
Vertex 36 distance 21
0 274 452 459 337 36 
Vertex 37 distance 17
0 274 525 403 204 37 
Vertex 38 distance 17
0 274 452 459 337 81 38 
Vertex 39 distance 14
0 292 7 548 597 39 
Vertex 40 distance 20
0 274 452 91 159 517 40 
Vertex 41 distance 24
0 292 7 548 597 39 326 130 41 
Vertex 42 distance 20
0 292 7 548 597 39 382 387 42 
Vertex 43 distance 18
0 407 215 390 79 314 43 
Vertex 44 distance 23
0 292 576 44 
Vertex 45 distance 26
0 274 452 363 541 540 45 
Vertex 46 distance 18
0 274 525 298 191 465 46 
Vertex 47 distance 21
0 292 7 548 597 39 382 387 47 
Vertex 48 distance 17
0 292 7 531 485 48 
Vertex 49 distance 22
0 274 452 134 148 32 49 
Vertex 50 distance 13
0 274 452 624 155 483 50 
Vertex 51 distance 19
0 364 366 51 
Vertex 52 distance 18
0 274 452 624 495 52 
Vertex 53 distance 20
0 292 7 153 389 53 
Vertex 54 distance 14
0 274 525 581 54 
Vertex 55 distance 14
0 292 7 548 597 55 
Vertex 56 distance 18
0 274 437 139 440 56 
Vertex 57 distance 23
0 274 452 459 89 57 
Vertex 58 distance 9
0 274 58 
Vertex 59 distance 19
0 364 224 59 
Vertex 60 distance 17
0 274 437 139 444 60 
Vertex 61 distance 20
0 274 437 344 165 343 530 61 
Vertex 62 distance 21
0 364 68 62 
Vertex 63 distance 13
0 292 7 153 377 63 
Vertex 64 distance 20
0 274 525 403 204 64 
Vertex 65 distance 13
0 274 437 344 65 
Vertex 66 distance 15
0 274 437 344 66 
Vertex 67 distance 15
0 274 67 
Vertex 68 distance 13
0 364 68 
Vertex 69 distance 16
0 274 452 134 148 69 
Vertex 70 distance 23
0 292 7 548 597 39 326 70 
Vertex 71 distance 22
0 274 452 91 159 129 302 71 
Vertex 72 distance 21
0 274 452 459 337 136 72 
Vertex 73 distance 14
0 274 452 223 186 1 73 
Vertex 74 distance 20
0 274 525 583 544 284 74 
Vertex 75 distance 16
0 274 452 363 617 350 115 84 75 
Vertex 76 distance 22
0 274 452 459 89 433 76 
Vertex 77 distance 13
0 274 452 134 77 
Vertex 78 distance 22
0 274 452 91 159 329 406 441 375 429 78 
Vertex 79 distance 12
0 407 215 390 79 
Vertex 80 distance 17
0 274 452 91 159 329 230 80 
Vertex 81 distance 16
0 274 452 459 337 81 
Vertex 82 distance 16
0 274 525 581 54 475 82 
Vertex 83 distance 15
0 274 452 363 617 350 115 84 83 
Vertex 84 distance 12
0 274 452 363 617 350 115 84 
Vertex 85 distance 17
0 274 452 91 159 287 340 85 
Vertex 86 distance 19
0 274 452 134 119 632 170 86 
Vertex 87 distance 21
0 274 58 335 87 
Vertex 88 distance 22
0 274 452 363 541 430 264 610 88 
Vertex 89 distance 10
0 274 452 459 89 
Vertex 90 distance 15
0 90 
Vertex 91 distance 8
0 274 452 91 
Vertex 92 distance 17
0 274 452 624 276 92 
Vertex 93 distance 17
0 274 452 363 617 350 93 
Vertex 94 distance 17
0 274 452 363 617 350 115 84 94 
Vertex 95 distance 15
0 292 7 95 
Vertex 96 distance 17
0 274 452 624 155 483 367 397 96 
Vertex 97 distance 22
0 292 7 392 294 226 574 97 
Vertex 98 distance 17
0 274 452 134 148 309 98 
Vertex 99 distance 20
0 274 452 91 159 329 334 99 
Vertex 100 distance 10
0 274 100 
Vertex 101 distance 17
0 274 525 298 199 246 101 
Vertex 102 distance 22
0 274 452 91 159 329 406 441 355 102 
Vertex 103 distance 22
0 364 103 
Vertex 104 distance 22
0 90 239 104 
Vertex 105 distance 16
0 274 452 134 148 549 105 
Vertex 106 distance 18
0 274 452 624 155 483 6 394 106 
Vertex 107 distance 18
0 274 452 363 541 306 107 
Vertex 108 distance 29
0 274 452 363 565 478 108 
Vertex 109 distance 17
0 274 452 91 159 329 406 109 
Vertex 110 distance 15
0 292 7 153 377 63 110 
Vertex 111 distance 19
0 274 452 91 159 329 406 109 307 111 
Vertex 112 distance 12
0 407 215 464 112 
Vertex 113 distance 16
0 274 437 113 
Vertex 114 distance 11
0 274 452 363 114 
Vertex 115 distance 11
0 274 452 363 617 350 115 
Vertex 116 distance 14
0 274 452 363 617 350 115 84 564 116 
Vertex 117 distance 19
0 274 58 335 117 
Vertex 118 distance 18
0 133 118 
Vertex 119 distance 13
0 274 452 134 119 
Vertex 120 distance 21
0 274 452 363 617 350 120 
Vertex 121 distance 6
0 292 121 
Vertex 122 distance 13
0 274 452 206 122 
Vertex 123 distance 21
0 274 452 363 541 306 107 123 
Vertex 124 distance 18
0 274 452 91 159 329 334 235 124 
Vertex 125 distance 18
0 274 452 459 89 433 193 125 
Vertex 126 distance 18
0 274 525 237 262 434 126 
Vertex 127 distance 19
0 274 525 403 204 37 573 127 
Vertex 128 distance 22
0 274 525 583 128 
Vertex 129 distance 14
0 274 452 91 159 129 
Vertex 130 distance 22
0 292 7 548 597 39 326 130 
Vertex 131 distance 13
0 407 131 
Vertex 132 distance 25
0 274 452 134 148 549 132 
Vertex 133 distance 16
0 133 
Vertex 134 distance 8
0 274 452 134 
Vertex 135 distance 23
0 407 135 
Vertex 136 distance 16
0 274 452 459 337 136 
Vertex 137 distance 18
0 274 437 344 137 
Vertex 138 distance 22
0 407 215 390 247 22 496 138 
Vertex 139 distance 12
0 274 437 139 
Vertex 140 distance 22
0 274 525 581 30 140 
Vertex 141 distance 21
0 274 525 298 199 141 
Vertex 142 distance 21
0 292 214 190 566 142 
Vertex 143 distance 18
0 274 525 581 54 143 
Vertex 144 distance 18
0 274 452 624 155 483 6 394 144 
Vertex 145 distance 21
0 274 452 91 159 329 334 415 145 
Vertex 146 distance 16
0 292 7 153 146 
Vertex 147 distance 22
0 274 452 223 186 456 176 147 
Vertex 148 distance 10
0 274 452 134 148 
Vertex 149 distance 20
0 274 525 298 457 628 149 
Vertex 150 distance 18
0 274 452 91 159 329 334 235 150 
Vertex 151 distance 23
0 292 7 548 597 39 326 130 151 
Vertex 152 distance 18
0 292 7 392 294 558 152 
Vertex 153 distance 7
0 292 7 153 
Vertex 154 distance 16
0 274 525 403 527 154 
Vertex 155 distance 11
0 274 452 624 155 
Vertex 156 distance 19
0 274 452 459 89 433 193 125 156 
Vertex 157 distance 20
0 292 7 531 157 
Vertex 158 distance 15
0 274 452 459 158 
Vertex 159 distance 9
0 274 452 91 159 
Vertex 160 distance 15
0 364 160 
Vertex 161 distance 18
0 274 546 161 
Vertex 162 distance 24
0 407 215 390 247 22 21 162 
Vertex 163 distance 18
0 274 525 403 527 163 
Vertex 164 distance 11
0 274 452 134 148 164 
Vertex 165 distance 14
0 274 437 344 165 
Vertex 166 distance 15
0 274 437 344 166 
Vertex 167 distance 21
0 274 58 335 308 167 
Vertex 168 distance 18
0 274 452 134 119 632 168 
Vertex 169 distance 15
0 292 7 169 
Vertex 170 distance 18
0 274 452 134 119 632 170 
Vertex 171 distance 16
0 407 131 360 180 171 
Vertex 172 distance 18
0 133 172 
Vertex 173 distance 17
0 292 7 153 377 63 110 173 
Vertex 174 distance 20
0 292 7 392 294 558 152 174 
Vertex 175 distance 20
0 274 437 344 65 202 175 
Vertex 176 distance 18
0 274 452 223 186 456 176 
Vertex 177 distance 23
0 274 452 624 276 92 177 
Vertex 178 distance 17
0 274 437 344 65 178 
Vertex 179 distance 16
0 274 452 363 617 179 
Vertex 180 distance 15
0 407 131 360 180 
Vertex 181 distance 16
0 274 67 181 
Vertex 182 distance 19
0 274 452 624 276 303 182 
Vertex 183 distance 25
0 274 452 363 617 350 115 84 94 183 
Vertex 184 distance 15
0 274 452 91 159 329 184 
Vertex 185 distance 14
0 274 437 218 185 
Vertex 186 distance 12
0 274 452 223 186 
Vertex 187 distance 22
0 274 452 134 119 632 168 187 
Vertex 188 distance 21
0 274 58 335 308 320 29 188 
Vertex 189 distance 20
0 274 525 403 204 37 189 
Vertex 190 distance 13
0 292 214 190 
Vertex 191 distance 15
0 274 525 298 191 
Vertex 192 distance 26
0 274 452 363 541 376 192 
Vertex 193 distance 13
0 274 452 459 89 433 193 
Vertex 194 distance 18
0 274 525 581 54 475 194 
Vertex 195 distance 22
0 274 452 363 617 350 115 84 75 195 
Vertex 196 distance 21
0 274 452 363 617 350 115 84 23 196 
Vertex 197 distance 18
0 292 7 531 485 48 197 
Vertex 198 distance 19
0 274 452 459 198 
Vertex 199 distance 11
0 274 525 298 199 
Vertex 200 distance 13
0 274 437 139 200 
Vertex 201 distance 16
0 274 452 223 186 456 201 
Vertex 202 distance 17
0 274 437 344 65 202 
Vertex 203 distance 18
0 364 68 203 
Vertex 204 distance 14
0 274 525 403 204 
Vertex 205 distance 22
0 292 7 548 313 205 
Vertex 206 distance 8
0 274 452 206 
Vertex 207 distance 20
0 274 525 581 54 475 207 
Vertex 208 distance 24
0 225 208 
Vertex 209 distance 16
0 274 452 134 148 528 209 
Vertex 210 distance 15
0 274 452 624 155 483 210 
Vertex 211 distance 19
0 274 452 624 495 52 211 
Vertex 212 distance 17
0 274 452 459 89 212 
Vertex 213 distance 16
0 274 452 363 617 350 115 213 
Vertex 214 distance 10
0 292 214 
Vertex 215 distance 7
0 407 215 
Vertex 216 distance 14
0 274 452 363 541 216 
Vertex 217 distance 21
0 274 452 223 186 399 217 
Vertex 218 distance 13
0 274 437 218 
Vertex 219 distance 23
0 292 7 531 485 48 197 219 
Vertex 220 distance 17
0 274 452 91 3 220 
Vertex 221 distance 18
0 274 452 134 148 164 221 
Vertex 222 distance 15
0 274 437 218 222 
Vertex 223 distance 8
0 274 452 223 
Vertex 224 distance 15
0 364 224 
Vertex 225 distance 15
0 225 
Vertex 226 distance 15
0 292 7 392 294 226 
Vertex 227 distance 18
0 274 452 459 227 
Vertex 228 distance 23
0 274 452 363 541 430 264 610 228 
Vertex 229 distance 18
0 274 452 624 495 229 
Vertex 230 distance 16
0 274 452 91 159 329 230 
Vertex 231 distance 21
0 274 452 91 159 329 406 241 231 
Vertex 232 distance 20
0 274 452 91 159 287 232 
Vertex 233 distance 21
0 292 7 153 389 233 
Vertex 234 distance 18
0 274 452 223 186 426 234 
Vertex 235 distance 16
0 274 452 91 159 329 334 235 
Vertex 236 distance 17
0 274 525 237 262 434 236 
Vertex 237 distance 12
0 274 525 237 
Vertex 238 distance 21
0 274 452 624 155 483 6 394 106 238 
Vertex 239 distance 19
0 90 239 
Vertex 240 distance 19
0 274 525 298 191 465 46 240 
Vertex 241 distance 15
0 274 452 91 159 329 406 241 
Vertex 242 distance 25
0 274 452 91 159 242 
Vertex 243 distance 22
0 274 437 218 391 243 
Vertex 244 distance 16
0 274 452 459 337 244 
Vertex 245 distance 14
0 274 452 363 541 306 245 
Vertex 246 distance 13
0 274 525 298 199 246 
Vertex 247 distance 10
0 407 215 390 247 
Vertex 248 distance 21
0 248 
Vertex 249 distance 21
0 274 525 581 54 475 194 249 
Vertex 250 distance 20
0 274 437 344 65 17 424 250 
Vertex 251 distance 20
0 274 452 459 198 251 
Vertex 252 distance 18
0 407 215 464 252 
Vertex 253 distance 18
0 274 452 624 155 483 50 354 253 
Vertex 254 distance 20
0 274 452 624 155 483 4 254 
Vertex 255 distance 23
0 274 452 134 148 69 626 567 255 
Vertex 256 distance 18
0 274 437 139 200 256 
Vertex 257 distance 17
0 274 452 459 158 257 
Vertex 258 distance 23
0 274 525 298 457 451 258 
Vertex 259 distance 15
0 274 452 134 77 259 
Vertex 260 distance 24
0 274 452 459 89 260 
Vertex 261 distance 23
0 364 68 336 609 261 
Vertex 262 distance 14
0 274 525 237 262 
Vertex 263 distance 18
0 274 525 237 262 593 263 
Vertex 264 distance 14
0 274 452 363 541 430 264 
Vertex 265 distance 22
0 292 7 548 597 39 619 265 
Vertex 266 distance 22
0 274 452 586 606 537 270 266 
Vertex 267 distance 15
0 364 267 
Vertex 268 distance 16
0 274 452 134 119 422 268 
Vertex 269 distance 19
0 274 525 237 262 434 126 269 
Vertex 270 distance 20
0 274 452 586 606 537 270 
Vertex 271 distance 21
0 274 452 91 271 
Vertex 272 distance 17
0 274 452 91 159 329 272 
Vertex 273 distance 23
0 292 7 153 273 
Vertex 274 distance 4
0 274 
Vertex 275 distance 23
0 407 215 464 349 563 275 
Vertex 276 distance 15
0 274 452 624 276 
Vertex 277 distance 21
0 274 452 134 148 32 277 
Vertex 278 distance 19
0 364 160 278 
Vertex 279 distance 18
0 274 525 237 262 593 279 
Vertex 280 distance 18
0 274 452 206 627 461 280 
Vertex 281 distance 12
0 274 452 624 281 
Vertex 282 distance 17
0 274 437 218 282 
Vertex 283 distance 17
0 274 452 363 617 350 115 283 
Vertex 284 distance 19
0 274 525 583 544 284 
Vertex 285 distance 20
0 292 7 548 597 39 296 369 285 
Vertex 286 distance 24
0 274 452 134 148 69 286 
Vertex 287 distance 13
0 274 452 91 159 287 
Vertex 288 distance 21
0 274 452 223 186 1 492 288 
Vertex 289 distance 21
0 274 452 624 155 483 50 595 293 289 
Vertex 290 distance 9
0 274 437 290 
Vertex 291 distance 21
0 274 452 134 148 69 626 291 
Vertex 292 distance 1
0 292 
Vertex 293 distance 18
0 274 452 624 155 483 50 595 293 
Vertex 294 distance 12
0 292 7 392 294 
Vertex 295 distance 18
0 274 452 134 148 309 534 421 295 
Vertex 296 distance 17
0 292 7 548 597 39 296 
Vertex 297 distance 23
0 274 452 91 159 329 230 297 
Vertex 298 distance 10
0 274 525 298 
Vertex 299 distance 20
0 274 452 91 432 299 
Vertex 300 distance 15
0 292 7 153 300 
Vertex 301 distance 22
0 274 525 403 204 37 301 
Vertex 302 distance 20
0 274 452 91 159 129 302 
Vertex 303 distance 18
0 274 452 624 276 303 
Vertex 304 distance 23
0 274 452 223 186 1 73 449 304 
Vertex 305 distance 17
0 274 525 583 305 
Vertex 306 distance 13
0 274 452 363 541 306 
Vertex 307 distance 18
0 274 452 91 159 329 406 109 307 
Vertex 308 distance 15
0 274 58 335 308 
Vertex 309 distance 13
0 274 452 134 148 309 
Vertex 310 distance 23
0 274 452 134 119 422 310 
Vertex 311 distance 15
0 274 58 381 311 
Vertex 312 distance 20
0 407 215 390 79 314 312 
Vertex 313 distance 20
0 292 7 548 313 
Vertex 314 distance 14
0 407 215 390 79 314 
Vertex 315 distance 18
0 274 437 344 65 202 315 
Vertex 316 distance 28
0 274 452 223 370 372 316 
Vertex 317 distance 16
0 274 452 459 89 317 
Vertex 318 distance 17
0 274 452 624 495 318 
Vertex 319 distance 20
0 274 525 581 30 319 
Vertex 320 distance 17
0 274 58 335 308 320 
Vertex 321 distance 25
0 274 67 321 
Vertex 322 distance 22
0 274 452 91 159 329 406 441 501 322 
Vertex 323 distance 19
0 274 437 218 222 323 
Vertex 324 distance 25
0 274 452 223 186 456 176 324 
Vertex 325 distance 15
0 292 7 153 325 
Vertex 326 distance 16
0 292 7 548 597 39 326 
Vertex 327 distance 16
0 274 525 237 262 327 
Vertex 328 distance 17
0 292 328 
Vertex 329 distance 12
0 274 452 91 159 329 
Vertex 330 distance 18
0 274 452 206 627 330 
Vertex 331 distance 12
0 274 452 363 114 331 
Vertex 332 distance 24
0 274 452 363 541 430 264 610 88 332 
Vertex 333 distance 18
0 274 437 139 200 333 
Vertex 334 distance 13
0 274 452 91 159 329 334 
Vertex 335 distance 11
0 274 58 335 
Vertex 336 distance 15
0 364 68 336 
Vertex 337 distance 15
0 274 452 459 337 
Vertex 338 distance 16
0 274 452 338 
Vertex 339 distance 18
0 292 7 548 597 39 382 638 339 
Vertex 340 distance 14
0 274 452 91 159 287 340 
Vertex 341 distance 23
0 274 437 344 65 202 315 341 
Vertex 342 distance 19
0 274 525 581 54 556 342 
Vertex 343 distance 15
0 274 437 344 165 343 
Vertex 344 distance 12
0 274 437 344 
Vertex 345 distance 26
0 274 437 344 65 17 424 250 345 
Vertex 346 distance 15
0 274 452 91 159 287 346 
Vertex 347 distance 17
0 274 525 581 54 347 
Vertex 348 distance 22
0 274 452 459 337 348 
Vertex 349 distance 15
0 407 215 464 349 
Vertex 350 distance 9
0 274 452 363 617 350 
Vertex 351 distance 22
0 274 452 134 119 351 
Vertex 352 distance 24
0 274 500 352 
Vertex 353 distance 20
0 292 7 548 597 39 619 353 
Vertex 354 distance 17
0 274 452 624 155 483 50 354 
Vertex 355 distance 20
0 274 452 91 159 329 406 441 355 
Vertex 356 distance 16
0 274 67 356 
Vertex 357 distance 14
0 274 437 290 607 357 
Vertex 358 distance 17
0 274 452 91 3 358 
Vertex 359 distance 20
0 274 452 91 159 329 406 241 359 
Vertex 360 distance 14
0 407 131 360 
Vertex 361 distance 19
0 274 452 91 159 329 230 361 
Vertex 362 distance 23
0 274 525 237 262 434 126 362 
Vertex 363 distance 7
0 274 452 363 
Vertex 364 distance 7
0 364 
Vertex 365 distance 19
0 274 452 223 370 365 
Vertex 366 distance 16
0 364 366 
Vertex 367 distance 13
0 274 452 624 155 483 367 
Vertex 368 distance 19
0 274 452 91 159 368 
Vertex 369 distance 18
0 292 7 548 597 39 296 369 
Vertex 370 distance 13
0 274 452 223 370 
Vertex 371 distance 14
0 407 215 390 79 371 
Vertex 372 distance 14
0 274 452 223 370 372 
Vertex 373 distance 12
0 274 452 624 373 
Vertex 374 distance 25
0 274 452 459 337 136 374 
Vertex 375 distance 18
0 274 452 91 159 329 406 441 375 
Vertex 376 distance 14
0 274 452 363 541 376 
Vertex 377 distance 11
0 292 7 153 377 
Vertex 378 distance 22
0 274 452 134 148 404 2 378 
Vertex 379 distance 21
0 274 452 624 155 483 210 379 
Vertex 380 distance 20
0 274 452 363 541 306 380 
Vertex 381 distance 14
0 274 58 381 
Vertex 382 distance 15
0 292 7 548 597 39 382 
Vertex 383 distance 15
0 274 452 363 617 350 598 383 
Vertex 384 distance 24
0 274 525 403 527 154 384 
Vertex 385 distance 13
0 274 452 624 281 385 
Vertex 386 distance 21
0 274 452 459 89 433 193 386 
Vertex 387 distance 17
0 292 7 548 597 39 382 387 
Vertex 388 distance 17
0 407 215 464 349 388 
Vertex 389 distance 18
0 292 7 153 389 
Vertex 390 distance 9
0 407 215 390 
Vertex 391 distance 17
0 274 437 218 391 
Vertex 392 distance 9
0 292 7 392 
Vertex 393 distance 15
0 274 452 363 617 393 
Vertex 394 distance 16
0 274 452 624 155 483 6 394 
Vertex 395 distance 18
0 274 452 459 89 212 395 
Vertex 396 distance 21
0 274 525 237 262 434 126 396 
Vertex 397 distance 16
0 274 452 624 155 483 367 397 
Vertex 398 distance 20
0 274 525 583 305 398 
Vertex 399 distance 14
0 274 452 223 186 399 
Vertex 400 distance 28
0 274 452 91 159 329 184 596 400 
Vertex 401 distance 22
0 274 452 134 148 549 533 469 401 
Vertex 402 distance 16
0 407 131 360 402 
Vertex 403 distance 13
0 274 525 403 
Vertex 404 distance 17
0 274 452 134 148 404 
Vertex 405 distance 17
0 274 437 344 165 343 530 405 
Vertex 406 distance 13
0 274 452 91 159 329 406 
Vertex 407 distance 4
0 407 
Vertex 408 distance 22
0 274 452 134 148 32 408 
Vertex 409 distance 19
0 274 437 218 222 409 
Vertex 410 distance 19
0 274 452 624 155 483 50 595 410 
Vertex 411 distance 22
0 364 68 62 411 
Vertex 412 distance 10
0 274 437 290 412 
Vertex 413 distance 18
0 274 452 459 89 433 413 
Vertex 414 distance 19
0 274 452 134 148 549 533 414 
Vertex 415 distance 18
0 274 452 91 159 329 334 415 
Vertex 416 distance 20
0 274 452 134 77 416 
Vertex 417 distance 21
0 274 452 459 337 136 417 
Vertex 418 distance 14
0 364 418 
Vertex 419 distance 17
0 274 525 298 199 246 419 
Vertex 420 distance 19
0 274 437 344 65 529 420 
Vertex 421 distance 17
0 274 452 134 148 309 534 421 
Vertex 422 distance 14
0 274 452 134 119 422 
Vertex 423 distance 21
0 292 7 531 423 
Vertex 424 distance 18
0 274 437 344 65 17 424 
Vertex 425 distance 18
0 274 437 218 222 425 
Vertex 426 distance 15
0 274 452 223 186 426 
Vertex 427 distance 26
0 274 525 581 54 636 427 
Vertex 428 distance 15
0 364 418 428 
Vertex 429 distance 19
0 274 452 91 159 329 406 441 375 429 
Vertex 430 distance 12
0 274 452 363 541 430 
Vertex 431 distance 24
0 274 525 403 431 
Vertex 432 distance 18
0 274 452 91 432 
Vertex 433 distance 12
0 274 452 459 89 433 
Vertex 434 distance 15
0 274 525 237 262 434 
Vertex 435 distance 17
0 274 452 223 186 456 435 
Vertex 436 distance 19
0 274 525 583 544 436 
Vertex 437 distance 7
0 274 437 
Vertex 438 distance 16
0 274 525 237 438 
Vertex 439 distance 19
0 274 525 298 191 637 439 
Vertex 440 distance 13
0 274 437 139 440 
Vertex 441 distance 15
0 274 452 91 159 329 406 441 
Vertex 442 distance 21
0 90 442 
Vertex 443 distance 16
0 274 452 363 541 430 264 443 
Vertex 444 distance 16
0 274 437 139 444 
Vertex 445 distance 18
0 274 525 237 262 593 445 
Vertex 446 distance 20
0 274 452 223 370 365 446 
Vertex 447 distance 17
0 447 
Vertex 448 distance 14
0 292 7 548 597 448 
Vertex 449 distance 15
0 274 452 223 186 1 73 449 
Vertex 450 distance 24
0 292 7 392 294 558 152 174 450 
Vertex 451 distance 20
0 274 525 298 457 451 
Vertex 452 distance 5
0 274 452 
Vertex 453 distance 16
0 274 437 344 66 453 
Vertex 454 distance 28
0 292 7 548 597 448 623 454 
Vertex 455 distance 24
0 274 525 237 262 434 455 
Vertex 456 distance 15
0 274 452 223 186 456 
Vertex 457 distance 14
0 274 525 298 457 
Vertex 458 distance 20
0 274 452 459 337 81 38 568 458 
Vertex 459 distance 9
0 274 452 459 
Vertex 460 distance 22
0 274 500 460 
Vertex 461 distance 16
0 274 452 206 627 461 
Vertex 462 distance 22
0 274 452 624 155 483 50 595 410 462 
Vertex 463 distance 23
0 292 7 548 463 
Vertex 464 distance 11
0 407 215 464 
Vertex 465 distance 16
0 274 525 298 191 465 
Vertex 466 distance 17
0 274 452 134 148 69 466 
Vertex 467 distance 16
0 364 467 
Vertex 468 distance 20
0 274 452 134 119 632 170 86 468 
Vertex 469 distance 21
0 274 452 134 148 549 533 469 
Vertex 470 distance 20
0 274 452 91 3 470 
Vertex 471 distance 21
0 292 7 392 471 
Vertex 472 distance 25
0 274 437 218 222 425 472 
Vertex 473 distance 20
0 133 172 473 
Vertex 474 distance 22
0 274 452 91 3 220 474 
Vertex 475 distance 15
0 274 525 581 54 475 
Vertex 476 distance 21
0 274 452 91 432 476 
Vertex 477 distance 16
0 292 7 531 485 477 
Vertex 478 distance 18
0 274 452 363 565 478 
Vertex 479 distance 22
0 274 452 91 159 329 406 479 
Vertex 480 distance 15
0 407 215 464 112 480 
Vertex 481 distance 17
0 407 215 464 349 481 
Vertex 482 distance 19
0 274 452 134 148 309 534 421 295 482 
Vertex 483 distance 12
0 274 452 624 155 483 
Vertex 484 distance 20
0 364 68 336 609 484 
Vertex 485 distance 15
0 292 7 531 485 
Vertex 486 distance 16
0 274 452 363 114 486 
Vertex 487 distance 19
0 364 366 520 487 
Vertex 488 distance 16
0 292 576 488 
Vertex 489 distance 24
0 274 452 91 159 329 406 441 375 429 78 489 
Vertex 490 distance 20
0 274 452 459 89 212 490 
Vertex 491 distance 17
0 274 452 624 155 491 
Vertex 492 distance 15
0 274 452 223 186 1 492 
Vertex 493 distance 17
0 274 525 403 493 
Vertex 494 distance 20
0 274 525 237 262 593 279 494 
Vertex 495 distance 16
0 274 452 624 495 
Vertex 496 distance 17
0 407 215 390 247 22 496 
Vertex 497 distance 20
0 274 525 581 54 556 497 
Vertex 498 distance 17
0 274 67 356 498 
Vertex 499 distance 26
0 274 452 134 148 69 626 499 
Vertex 500 distance 19
0 274 500 
Vertex 501 distance 16
0 274 452 91 159 329 406 441 501 
Vertex 502 distance 16
0 274 452 223 512 502 
Vertex 503 distance 14
0 274 437 503 
Vertex 504 distance 20
0 274 437 344 66 453 504 
Vertex 505 distance 18
0 274 452 134 148 69 466 505 
Vertex 506 distance 20
0 274 525 581 54 347 506 
Vertex 507 distance 19
0 447 507 
Vertex 508 distance 20
0 364 68 508 
Vertex 509 distance 16
0 274 452 624 155 483 509 
Vertex 510 distance 21
0 274 452 363 114 331 510 
Vertex 511 distance 16
0 274 525 298 199 511 
Vertex 512 distance 14
0 274 452 223 512 
Vertex 513 distance 21
0 274 452 624 155 483 6 394 513 
Vertex 514 distance 22
0 274 452 91 271 514 
Vertex 515 distance 16
0 274 525 583 515 
Vertex 516 distance 20
0 292 7 548 597 39 296 369 516 
Vertex 517 distance 14
0 274 452 91 159 517 
Vertex 518 distance 16
0 274 452 363 518 
Vertex 519 distance 18
0 274 452 363 541 216 519 
Vertex 520 distance 18
0 364 366 520 
Vertex 521 distance 21
0 292 7 95 521 
Vertex 522 distance 25
0 274 452 363 541 430 264 522 
Vertex 523 distance 21
0 274 437 503 523 
Vertex 524 distance 22
0 274 452 624 155 483 367 397 524 
Vertex 525 distance 8
0 274 525 
Vertex 526 distance 22
0 292 7 548 597 55 526 
Vertex 527 distance 15
0 274 525 403 527 
Vertex 528 distance 13
0 274 452 134 148 528 
Vertex 529 distance 17
0 274 437 344 65 529 
Vertex 530 distance 16
0 274 437 344 165 343 530 
Vertex 531 distance 13
0 292 7 531 
Vertex 532 distance 16
0 292 7 169 532 
Vertex 533 distance 16
0 274 452 134 148 549 533 
Vertex 534 distance 15
0 274 452 134 148 309 534 
Vertex 535 distance 19
0 274 437 218 282 535 
Vertex 536 distance 26
0 274 546 161 536 
Vertex 537 distance 16
0 274 452 586 606 537 
Vertex 538 distance 20
0 274 452 586 606 537 538 
Vertex 539 distance 14
0 292 7 548 597 539 
Vertex 540 distance 16
0 274 452 363 541 540 
Vertex 541 distance 10
0 274 452 363 541 
Vertex 542 distance 18
0 274 452 459 337 244 542 
Vertex 543 distance 19
0 543 
Vertex 544 distance 12
0 274 525 583 544 
Vertex 545 distance 29
0 292 576 488 545 
Vertex 546 distance 14
0 274 546 
Vertex 547 distance 20
0 274 452 91 159 129 547 
Vertex 548 distance 10
0 292 7 548 
Vertex 549 distance 15
0 274 452 134 148 549 
Vertex 550 distance 21
0 274 452 459 89 212 395 550 
Vertex 551 distance 22
0 292 7 548 597 539 551 
Vertex 552 distance 20
0 274 67 356 498 552 
Vertex 553 distance 20
0 274 452 624 155 483 367 553 
Vertex 554 distance 15
0 274 452 624 155 483 554 
Vertex 555 distance 16
0 274 452 624 155 555 
Vertex 556 distance 16
0 274 525 581 54 556 
Vertex 557 distance 17
0 274 452 586 606 537 557 
Vertex 558 distance 17
0 292 7 392 294 558 
Vertex 559 distance 15
0 274 452 363 541 306 559 
Vertex 560 distance 27
0 292 7 392 294 558 152 560 
Vertex 561 distance 18
0 274 452 134 148 404 561 
Vertex 562 distance 18
0 274 452 459 158 562 
Vertex 563 distance 16
0 407 215 464 349 563 
Vertex 564 distance 13
0 274 452 363 617 350 115 84 564 
Vertex 565 distance 15
0 274 452 363 565 
Vertex 566 distance 18
0 292 214 190 566 
Vertex 567 distance 20
0 274 452 134 148 69 626 567 
Vertex 568 distance 18
0 274 452 459 337 81 38 568 
Vertex 569 distance 19
0 292 7 392 569 
Vertex 570 distance 17
0 274 452 363 114 486 570 
Vertex 571 distance 19
0 364 68 203 571 
Vertex 572 distance 16
0 274 452 91 159 329 184 572 
Vertex 573 distance 18
0 274 525 403 204 37 573 
Vertex 574 distance 18
0 292 7 392 294 226 574 
Vertex 575 distance 18
0 274 452 624 276 575 
Vertex 576 distance 13
0 292 576 
Vertex 577 distance 19
0 292 7 153 577 
Vertex 578 distance 19
0 274 452 459 89 212 578 
Vertex 579 distance 20
0 274 437 344 65 17 591 579 
Vertex 580 distance 17
0 274 452 363 541 306 559 580 
Vertex 581 distance 9
0 274 525 581 
Vertex 582 distance 20
0 274 525 583 582 
Vertex 583 distance 10
0 274 525 583 
Vertex 584 distance 20
0 292 7 548 597 539 608 584 
Vertex 585 distance 21
0 274 452 134 148 549 585 
Vertex 586 distance 13
0 274 452 586 
Vertex 587 distance 20
0 274 525 581 54 556 587 
Vertex 588 distance 19
0 274 452 363 617 350 115 84 588 
Vertex 589 distance 19
0 274 437 344 165 343 530 589 
Vertex 590 distance 24
0 274 452 91 159 329 406 109 307 590 
Vertex 591 distance 17
0 274 437 344 65 17 591 
Vertex 592 distance 20
0 274 452 624 495 592 
Vertex 593 distance 15
0 274 525 237 262 593 
Vertex 594 distance 16
0 274 525 594 
Vertex 595 distance 14
0 274 452 624 155 483 50 595 
Vertex 596 distance 18
0 274 452 91 159 329 184 596 
Vertex 597 distance 12
0 292 7 548 597 
Vertex 598 distance 13
0 274 452 363 617 350 598 
Vertex 599 distance 24
0 274 452 91 599 
Vertex 600 distance 21
0 274 525 581 30 600 
Vertex 601 distance 19
0 364 601 
Vertex 602 distance 18
0 274 452 624 373 602 
Vertex 603 distance 27
0 274 452 134 119 632 603 
Vertex 604 distance 13
0 274 437 290 604 
Vertex 605 distance 18
0 274 452 134 148 69 466 605 
Vertex 606 distance 15
0 274 452 586 606 
Vertex 607 distance 12
0 274 437 290 607 
Vertex 608 distance 19
0 292 7 548 597 539 608 
Vertex 609 distance 18
0 364 68 336 609 
Vertex 610 distance 17
0 274 452 363 541 430 264 610 
Vertex 611 distance 18
0 364 68 336 611 
Vertex 612 distance 25
0 274 452 363 617 179 612 
Vertex 613 distance 21
0 274 437 344 65 202 613 
Vertex 614 distance 21
0 274 525 581 54 556 497 614 
Vertex 615 distance 19
0 292 7 548 597 39 326 615 
Vertex 616 distance 20
0 274 452 223 186 456 435 616 
Vertex 617 distance 8
0 274 452 363 617 
Vertex 618 distance 19
0 274 452 363 541 306 559 580 618 
Vertex 619 distance 17
0 292 7 548 597 39 619 
Vertex 620 distance 22
0 407 215 464 349 388 620 
Vertex 621 distance 19
0 274 452 223 621 
Vertex 622 distance 17
0 274 452 459 337 622 
Vertex 623 distance 17
0 292 7 548 597 448 623 
Vertex 624 distance 10
0 274 452 624 
Vertex 625 distance 19
0 274 452 134 119 632 625 
Vertex 626 distance 19
0 274 452 134 148 69 626 
Vertex 627 distance 14
0 274 452 206 627 
Vertex 628 distance 18
0 274 525 298 457 628 
Vertex 629 distance 25
0 274 452 459 337 244 542 629 
Vertex 630 distance 17
0 274 452 91 159 517 630 
Vertex 631 distance 18
0 292 7 153 377 631 
Vertex 632 distance 17
0 274 452 134 119 632 
Vertex 633 distance 18
0 292 7 392 294 558 633 
Vertex 634 distance 19
0 274 452 134 148 404 634 
Vertex 635 distance 17
0 364 160 635 
Vertex 636 distance 16
0 274 525 581 54 636 
Vertex 637 distance 16
0 274 525 298 191 637 
Vertex 638 distance 17
0 292 7 548 597 39 382 638 
Vertex 639 distance 21
0 274 452 624 155 483 6 394 144 639 
