Vertex 0 distance 0
0 0 
Vertex 1 distance 55
0 265 134 396 617 253 385 604 1 
Vertex 2 distance 19
0 265 134 616 2 
Vertex 3 distance 32
0 265 592 231 162 3 
Vertex 4 distance 44
0 265 537 181 4 
Vertex 5 distance 19
0 265 134 286 5 
Vertex 6 distance 32
0 265 134 169 526 313 531 348 33 320 6 
Vertex 7 distance 34
0 265 134 616 536 342 270 7 
Vertex 8 distance 51
0 80 428 579 372 8 
Vertex 9 distance 35
0 265 134 169 322 518 9 
Vertex 10 distance 27
0 265 134 169 224 493 10 
Vertex 11 distance 35
0 265 592 373 62 362 125 11 
Vertex 12 distance 25
0 265 134 24 298 121 12 
Vertex 13 distance 50
0 265 592 231 411 13 
Vertex 14 distance 34
0 265 134 169 526 313 531 14 
Vertex 15 distance 33
0 265 592 231 266 15 
Vertex 16 distance 16
0 265 134 396 16 
Vertex 17 distance 34
0 265 134 169 526 313 531 348 17 
Vertex 18 distance 35
0 265 134 616 536 18 
Vertex 19 distance 35
0 265 134 616 536 342 19 
Vertex 20 distance 25
0 435 546 20 
Vertex 21 distance 37
0 123 442 21 
Vertex 22 distance 31
0 265 134 24 22 
Vertex 23 distance 31
0 265 134 24 298 443 271 23 
Vertex 24 distance 8
0 265 134 24 
Vertex 25 distance 35
0 265 592 231 162 154 25 
Vertex 26 distance 39
0 265 592 231 162 26 
Vertex 27 distance 26
0 265 134 396 617 358 27 
Vertex 28 distance 42
0 265 592 231 162 627 135 309 28 
Vertex 29 distance 32
0 265 134 396 617 358 392 29 
Vertex 30 distance 37
0 435 538 509 77 395 30 
Vertex 31 distance 58
0 265 592 373 62 31 
Vertex 32 distance 27
0 265 537 32 
Vertex 33 distance 26
0 265 134 169 526 313 531 348 33 
Vertex 34 distance 32
0 265 537 181 360 586 34 
Vertex 35 distance 22
0 265 134 169 35 
Vertex 36 distance 37
0 265 592 231 162 97 487 185 173 36 
Vertex 37 distance 28
0 265 134 24 298 121 126 37 
Vertex 38 distance 41
0 265 592 587 524 38 
Vertex 39 distance 32
0 265 491 39 
Vertex 40 distance 28
0 265 592 231 266 114 563 335 40 
Vertex 41 distance 38
0 354 225 275 41 
Vertex 42 distance 34
0 265 134 514 547 277 544 42 
Vertex 43 distance 21
0 265 134 286 43 
Vertex 44 distance 43
0 265 134 396 617 358 392 333 473 85 44 
Vertex 45 distance 28
0 265 134 396 617 267 207 45 
Vertex 46 distance 32
0 265 134 169 35 533 46 
Vertex 47 distance 40
0 265 537 181 625 189 113 47 
Vertex 48 distance 30
0 265 592 587 585 572 48 
Vertex 49 distance 22
0 265 134 616 2 49 
Vertex 50 distance 29
0 265 134 286 477 429 50 
Vertex 51 distance 30
0 265 134 67 101 136 51 
Vertex 52 distance 38
0 265 592 587 585 258 589 539 52 
Vertex 53 distance 33
0 435 538 404 53 
Vertex 54 distance 29
0 265 134 286 43 54 
Vertex 55 distance 22
0 265 134 286 5 55 
Vertex 56 distance 36
0 265 134 286 43 54 56 
Vertex 57 distance 18
0 265 134 169 526 430 57 
Vertex 58 distance 42
0 265 592 231 411 629 124 413 58 
Vertex 59 distance 30
0 365 369 287 502 59 
Vertex 60 distance 24
0 354 60 
Vertex 61 distance 35
0 265 134 616 536 342 61 
Vertex 62 distance 23
0 265 592 373 62 
Vertex 63 distance 31
0 265 134 286 5 63 
Vertex 64 distance 30
0 435 276 282 64 
Vertex 65 distance 45
0 265 134 169 526 430 222 237 268 516 414 65 
Vertex 66 distance 27
0 265 134 451 66 
Vertex 67 distance 16
0 265 134 67 
Vertex 68 distance 34
0 265 134 169 251 68 
Vertex 69 distance 28
0 435 546 69 
Vertex 70 distance 34
0 265 134 169 526 430 222 237 84 70 
Vertex 71 distance 43
0 498 426 387 71 
Vertex 72 distance 43
0 265 537 88 204 72 
Vertex 73 distance 31
0 265 134 169 526 430 222 237 73 
Vertex 74 distance 26
0 435 538 248 74 
Vertex 75 distance 39
0 435 538 248 280 75 
Vertex 76 distance 23
0 265 134 169 526 313 76 
Vertex 77 distance 26
0 435 538 509 77 
Vertex 78 distance 31
0 265 134 169 347 314 78 
Vertex 79 distance 43
0 435 546 20 522 79 
Vertex 80 distance 16
0 80 
Vertex 81 distance 26
0 265 592 587 585 81 
Vertex 82 distance 38
0 265 134 169 35 241 166 82 
Vertex 83 distance 31
0 265 134 169 526 430 222 83 
Vertex 84 distance 33
0 265 134 169 526 430 222 237 84 
Vertex 85 distance 31
0 265 134 396 617 358 392 333 473 85 
Vertex 86 distance 29
0 435 538 509 86 
Vertex 87 distance 33
0 265 134 169 526 313 531 146 87 
Vertex 88 distance 20
0 265 537 88 
Vertex 89 distance 33
0 265 134 169 526 111 273 576 89 
Vertex 90 distance 42
0 265 134 169 35 533 46 90 
Vertex 91 distance 40
0 265 134 169 526 430 359 91 
Vertex 92 distance 29
0 265 134 24 298 443 92 
Vertex 93 distance 40
0 265 592 231 266 114 563 117 93 
Vertex 94 distance 27
0 265 592 587 585 297 94 
Vertex 95 distance 33
0 265 592 587 585 572 255 95 
Vertex 96 distance 42
0 265 134 396 138 353 351 331 628 96 
Vertex 97 distance 27
0 265 592 231 162 97 
Vertex 98 distance 33
0 265 134 573 378 98 
Vertex 99 distance 26
0 265 134 396 16 99 
Vertex 100 distance 37
0 265 134 24 145 100 
Vertex 101 distance 21
0 265 134 67 101 
Vertex 102 distance 29
0 265 134 169 322 102 
Vertex 103 distance 43
0 435 546 20 522 103 
Vertex 104 distance 55
0 265 134 396 617 267 132 104 
Vertex 105 distance 60
0 265 134 169 251 425 469 105 
Vertex 106 distance 41
0 265 134 24 298 119 106 
Vertex 107 distance 30
0 265 592 587 585 561 107 
Vertex 108 distance 37
0 265 134 169 347 314 78 108 
Vertex 109 distance 36
0 265 134 169 526 430 222 237 84 109 
Vertex 110 distance 36
0 265 592 373 62 110 
Vertex 111 distance 23
0 265 134 169 526 111 
Vertex 112 distance 28
0 265 288 112 
Vertex 113 distance 33
0 265 537 181 625 189 113 
Vertex 114 distance 22
0 265 592 231 266 114 
Vertex 115 distance 41
0 265 592 587 585 258 589 539 115 
Vertex 116 distance 34
0 366 116 
Vertex 117 distance 35
0 265 592 231 266 114 563 117 
Vertex 118 distance 36
0 435 546 262 409 118 
Vertex 119 distance 26
0 265 134 24 298 119 
Vertex 120 distance 34
0 265 134 24 298 121 120 
Vertex 121 distance 24
0 265 134 24 298 121 
Vertex 122 distance 24
0 265 134 169 347 122 
Vertex 123 distance 17
0 123 
Vertex 124 distance 28
0 265 592 231 411 629 124 
Vertex 125 distance 30
0 265 592 373 62 362 125 
Vertex 126 distance 25
0 265 134 24 298 121 126 
Vertex 127 distance 35
0 265 592 587 585 489 127 
Vertex 128 distance 30
0 265 592 231 266 114 128 
Vertex 129 distance 39
0 265 134 24 298 121 506 129 
Vertex 130 distance 34
0 354 530 278 130 
Vertex 131 distance 31
0 265 592 231 131 
Vertex 132 distance 24
0 265 134 396 617 267 132 
Vertex 133 distance 34
0 265 134 169 224 272 397 133 
Vertex 134 distance 7
0 265 134 
Vertex 135 distance 33
0 265 592 231 162 627 135 
Vertex 136 distance 28
0 265 134 67 101 136 
Vertex 137 distance 30
0 435 546 137 
Vertex 138 distance 21
0 265 134 396 138 
Vertex 139 distance 42
0 265 134 396 617 267 370 439 139 
Vertex 140 distance 42
0 265 592 231 162 97 528 140 
Vertex 141 distance 40
0 80 503 141 
Vertex 142 distance 36
0 265 134 67 101 417 235 142 
Vertex 143 distance 19
0 265 134 396 143 
Vertex 144 distance 30
0 265 537 32 144 
Vertex 145 distance 27
0 265 134 24 145 
Vertex 146 distance 28
0 265 134 169 526 313 531 146 
Vertex 147 distance 34
0 265 134 396 617 358 392 333 147 
Vertex 148 distance 30
0 265 134 169 251 367 148 
Vertex 149 distance 37
0 265 134 396 617 253 385 604 444 149 
Vertex 150 distance 26
0 265 592 587 524 150 
Vertex 151 distance 32
0 265 134 514 547 277 544 151 
Vertex 152 distance 28
0 265 134 169 526 152 
Vertex 153 distance 31
0 354 225 275 182 153 
Vertex 154 distance 31
0 265 592 231 162 154 
Vertex 155 distance 29
0 265 134 169 251 155 
Vertex 156 distance 34
0 265 592 373 62 362 571 156 
Vertex 157 distance 35
0 265 134 67 101 157 
Vertex 158 distance 33
0 498 553 371 158 
Vertex 159 distance 33
0 265 134 169 526 430 159 
Vertex 160 distance 29
0 354 60 160 
Vertex 161 distance 30
0 265 134 396 617 253 385 161 
Vertex 162 distance 21
0 265 592 231 162 
Vertex 163 distance 38
0 265 592 231 162 627 163 
Vertex 164 distance 35
0 80 389 600 164 
Vertex 165 distance 35
0 265 592 231 266 114 563 330 165 
Vertex 166 distance 37
0 265 134 169 35 241 166 
Vertex 167 distance 37
0 123 167 
Vertex 168 distance 54
0 265 134 286 168 
Vertex 169 distance 11
0 265 134 169 
Vertex 170 distance 19
0 265 134 286 170 
Vertex 171 distance 26
0 435 276 171 
Vertex 172 distance 45
0 265 134 24 298 247 172 
Vertex 173 distance 34
0 265 592 231 162 97 487 185 173 
Vertex 174 distance 41
0 265 134 396 617 358 392 333 473 85 174 
Vertex 175 distance 34
0 265 592 231 162 3 175 
Vertex 176 distance 29
0 265 592 231 162 627 176 
Vertex 177 distance 49
0 265 134 169 526 430 177 
Vertex 178 distance 31
0 265 134 169 526 313 531 348 33 320 178 
Vertex 179 distance 33
0 265 134 616 536 342 179 
Vertex 180 distance 24
0 498 180 
Vertex 181 distance 18
0 265 537 181 
Vertex 182 distance 29
0 354 225 275 182 
Vertex 183 distance 27
0 80 529 183 
Vertex 184 distance 42
0 265 134 169 224 578 184 
Vertex 185 distance 32
0 265 592 231 162 97 487 185 
Vertex 186 distance 32
0 265 134 396 186 
Vertex 187 distance 34
0 265 134 169 526 430 607 187 
Vertex 188 distance 37
0 435 546 552 188 
Vertex 189 distance 23
0 265 537 181 625 189 
Vertex 190 distance 26
0 265 592 373 62 190 
Vertex 191 distance 32
0 265 592 587 585 297 94 191 
Vertex 192 distance 37
0 265 134 169 224 493 192 
Vertex 193 distance 25
0 265 134 396 138 193 
Vertex 194 distance 34
0 265 134 169 224 272 194 
Vertex 195 distance 28
0 265 134 169 322 195 
Vertex 196 distance 37
0 265 134 67 101 417 577 196 
Vertex 197 distance 29
0 197 
Vertex 198 distance 37
0 123 603 198 
Vertex 199 distance 28
0 265 134 451 66 199 
Vertex 200 distance 38
0 265 537 310 461 200 
Vertex 201 distance 39
0 265 134 169 251 569 201 
Vertex 202 distance 39
0 265 134 169 347 497 588 202 
Vertex 203 distance 26
0 265 592 231 266 114 203 
Vertex 204 distance 32
0 265 537 88 204 
Vertex 205 distance 41
0 265 134 616 536 18 205 
Vertex 206 distance 35
0 265 134 169 35 241 456 211 206 
Vertex 207 distance 24
0 265 134 396 617 267 207 
Vertex 208 distance 38
0 123 603 198 208 
Vertex 209 distance 35
0 265 134 24 298 121 506 209 
Vertex 210 distance 28
0 265 134 396 138 210 
Vertex 211 distance 31
0 265 134 169 35 241 456 211 
Vertex 212 distance 27
0 354 212 
Vertex 213 distance 39
0 265 134 169 526 313 531 452 213 
Vertex 214 distance 31
0 265 537 181 214 
Vertex 215 distance 27
0 265 537 181 625 189 215 
Vertex 216 distance 31
0 265 134 24 216 
Vertex 217 distance 41
0 265 592 587 585 572 48 217 
Vertex 218 distance 35
0 435 276 455 218 
Vertex 219 distance 42
0 265 134 616 536 342 61 219 
Vertex 220 distance 37
0 265 134 169 526 313 531 348 33 635 220 
Vertex 221 distance 36
0 265 592 587 524 318 550 390 221 
Vertex 222 distance 23
0 265 134 169 526 430 222 
Vertex 223 distance 36
0 265 134 67 101 136 223 
Vertex 224 distance 15
0 265 134 169 224 
Vertex 225 distance 23
0 354 225 
Vertex 226 distance 27
0 265 134 24 298 121 12 226 
Vertex 227 distance 33
0 265 134 396 617 358 392 333 227 
Vertex 228 distance 37
0 354 225 228 
Vertex 229 distance 43
0 123 603 269 229 
Vertex 230 distance 32
0 265 134 67 101 417 230 
Vertex 231 distance 18
0 265 592 231 
Vertex 232 distance 37
0 123 442 232 
Vertex 233 distance 16
0 435 233 
Vertex 234 distance 34
0 265 592 231 266 114 234 
Vertex 235 distance 34
0 265 134 67 101 417 235 
Vertex 236 distance 32
0 265 134 396 239 236 
Vertex 237 distance 25
0 265 134 169 526 430 222 237 
Vertex 238 distance 32
0 265 134 169 526 430 359 238 
Vertex 239 distance 20
0 265 134 396 239 
Vertex 240 distance 37
0 265 592 231 162 97 487 240 
Vertex 241 distance 26
0 265 134 169 35 241 
Vertex 242 distance 41
0 265 134 169 224 493 507 242 
Vertex 243 distance 27
0 265 134 67 243 
Vertex 244 distance 34
0 265 134 169 526 313 531 244 
Vertex 245 distance 38
0 265 288 112 485 416 245 
Vertex 246 distance 34
0 246 
Vertex 247 distance 22
0 265 134 24 298 247 
Vertex 248 distance 24
0 435 538 248 
Vertex 249 distance 41
0 265 537 181 625 189 215 639 249 
Vertex 250 distance 31
0 265 592 231 266 114 563 335 40 250 
Vertex 251 distance 16
0 265 134 169 251 
Vertex 252 distance 29
0 435 523 252 
Vertex 253 distance 21
0 265 134 396 617 253 
Vertex 254 distance 34
0 265 592 231 266 114 563 254 
Vertex 255 distance 23
0 265 592 587 585 572 255 
Vertex 256 distance 35
0 265 592 231 162 97 487 256 
Vertex 257 distance 41
0 498 257 
Vertex 258 distance 28
0 265 592 587 585 258 
Vertex 259 distance 38
0 265 134 286 477 429 50 259 
Vertex 260 distance 33
0 265 592 587 585 297 260 
Vertex 261 distance 28
0 265 134 396 143 418 261 
Vertex 262 distance 25
0 435 546 262 
Vertex 263 distance 23
0 265 537 310 557 263 
Vertex 264 distance 25
0 265 134 24 298 121 264 
Vertex 265 distance 1
0 265 
Vertex 266 distance 20
0 265 592 231 266 
Vertex 267 distance 22
0 265 134 396 617 267 
Vertex 268 distance 32
0 265 134 169 526 430 222 237 268 
Vertex 269 distance 31
0 123 603 269 
Vertex 270 distance 28
0 265 134 616 536 342 270 
Vertex 271 distance 29
0 265 134 24 298 443 271 
Vertex 272 distance 22
0 265 134 169 224 272 
Vertex 273 distance 29
0 265 134 169 526 111 273 
Vertex 274 distance 41
0 265 134 396 138 193 274 
Vertex 275 distance 24
0 354 225 275 
Vertex 276 distance 17
0 435 276 
Vertex 277 distance 26
0 265 134 514 547 277 
Vertex 278 distance 33
0 354 530 278 
Vertex 279 distance 30
0 265 134 286 477 429 279 
Vertex 280 distance 26
0 435 538 248 280 
Vertex 281 distance 34
0 265 134 451 66 540 281 
Vertex 282 distance 29
0 435 276 282 
Vertex 283 distance 36
0 265 491 484 283 
Vertex 284 distance 28
0 265 592 587 585 297 284 
Vertex 285 distance 38
0 265 134 169 347 497 588 285 
Vertex 286 distance 16
0 265 134 286 
Vertex 287 distance 26
0 365 369 287 
Vertex 288 distance 17
0 265 288 
Vertex 289 distance 33
0 354 225 275 289 
Vertex 290 distance 25
0 265 592 587 524 290 
Vertex 291 distance 27
0 265 134 616 2 49 291 
Vertex 292 distance 36
0 265 134 67 101 157 292 
Vertex 293 distance 32
0 265 592 231 266 114 293 
Vertex 294 distance 45
0 265 134 169 526 430 607 302 294 
Vertex 295 distance 39
0 265 134 286 477 429 50 259 295 
Vertex 296 distance 41
0 265 134 169 526 511 296 
Vertex 297 distance 26
0 265 592 587 585 297 
Vertex 298 distance 18
0 265 134 24 298 
Vertex 299 distance 38
0 265 592 373 62 362 125 11 299 
Vertex 300 distance 35
0 265 537 520 300 
Vertex 301 distance 28
0 265 592 373 62 362 571 301 
Vertex 302 distance 34
0 265 134 169 526 430 607 302 
Vertex 303 distance 33
0 265 537 310 557 303 
Vertex 304 distance 33
0 265 134 169 251 367 304 
Vertex 305 distance 31
0 265 134 169 526 430 222 237 305 
Vertex 306 distance 22
0 265 134 286 170 306 
Vertex 307 distance 44
0 265 537 181 360 586 307 
Vertex 308 distance 36
0 265 537 181 360 586 34 308 
Vertex 309 distance 38
0 265 592 231 162 627 135 309 
Vertex 310 distance 16
0 265 537 310 
Vertex 311 distance 30
0 265 134 169 251 425 469 311 
Vertex 312 distance 42
0 265 592 231 162 97 487 185 173 36 312 
Vertex 313 distance 21
0 265 134 169 526 313 
Vertex 314 distance 28
0 265 134 169 347 314 
Vertex 315 distance 35
0 265 134 169 347 315 
Vertex 316 distance 27
0 265 134 396 16 316 
Vertex 317 distance 34
0 366 448 317 
Vertex 318 distance 29
0 265 592 587 524 318 
Vertex 319 distance 26
0 265 592 587 524 319 
Vertex 320 distance 27
0 265 134 169 526 313 531 348 33 320 
Vertex 321 distance 36
0 265 134 396 617 358 392 333 473 85 321 
Vertex 322 distance 22
0 265 134 169 322 
Vertex 323 distance 47
0 265 134 169 526 430 222 237 460 323 
Vertex 324 distance 17
0 265 324 
Vertex 325 distance 33
0 265 134 67 101 417 230 325 
Vertex 326 distance 35
0 265 134 573 326 
Vertex 327 distance 38
0 265 134 286 170 327 
Vertex 328 distance 33
0 435 538 509 77 395 328 
Vertex 329 distance 26
0 265 134 169 35 329 
Vertex 330 distance 31
0 265 592 231 266 114 563 330 
Vertex 331 distance 35
0 265 134 396 138 353 351 331 
Vertex 332 distance 25
0 265 134 396 239 332 
Vertex 333 distance 27
0 265 134 396 617 358 392 333 
Vertex 334 distance 29
0 265 134 169 224 493 334 
Vertex 335 distance 27
0 265 592 231 266 114 563 335 
Vertex 336 distance 24
0 265 134 514 547 336 
Vertex 337 distance 38
0 265 134 573 337 
Vertex 338 distance 35
0 265 324 338 
Vertex 339 distance 38
0 265 134 169 224 493 10 339 
Vertex 340 distance 39
0 265 134 169 224 340 
Vertex 341 distance 32
0 265 134 396 617 253 385 604 444 384 341 
Vertex 342 distance 26
0 265 134 616 536 342 
Vertex 343 distance 36
0 265 134 169 526 111 343 
Vertex 344 distance 27
0 265 134 616 344 
Vertex 345 distance 30
0 265 134 169 251 425 469 453 345 
Vertex 346 distance 26
0 265 592 587 585 346 
Vertex 347 distance 22
0 265 134 169 347 
Vertex 348 distance 24
0 265 134 169 526 313 531 348 
Vertex 349 distance 34
0 265 134 24 298 119 349 
Vertex 350 distance 29
0 265 134 396 239 332 350 
Vertex 351 distance 32
0 265 134 396 138 353 351 
Vertex 352 distance 36
0 246 352 
Vertex 353 distance 23
0 265 134 396 138 353 
Vertex 354 distance 19
0 354 
Vertex 355 distance 44
0 265 134 396 138 193 274 355 
Vertex 356 distance 36
0 265 134 169 251 425 469 453 345 386 356 
Vertex 357 distance 44
0 265 592 231 266 357 
Vertex 358 distance 21
0 265 134 396 617 358 
Vertex 359 distance 30
0 265 134 169 526 430 359 
Vertex 360 distance 24
0 265 537 181 360 
Vertex 361 distance 34
0 265 592 587 585 346 361 
Vertex 362 distance 25
0 265 592 373 62 362 
Vertex 363 distance 29
0 435 276 363 
Vertex 364 distance 31
0 265 134 396 617 253 385 604 364 
Vertex 365 distance 17
0 365 
Vertex 366 distance 30
0 366 
Vertex 367 distance 29
0 265 134 169 251 367 
Vertex 368 distance 35
0 265 592 587 585 258 589 539 368 
Vertex 369 distance 23
0 365 369 
Vertex 370 distance 24
0 265 134 396 617 267 370 
Vertex 371 distance 31
0 498 553 371 
Vertex 372 distance 43
0 80 428 579 372 
Vertex 373 distance 18
0 265 592 373 
Vertex 374 distance 45
0 265 537 181 625 374 
Vertex 375 distance 36
0 265 592 587 524 318 375 
Vertex 376 distance 33
0 265 134 169 35 622 376 
Vertex 377 distance 29
0 265 134 573 377 
Vertex 378 distance 32
0 265 134 573 378 
Vertex 379 distance 37
0 265 134 396 617 267 207 45 379 
Vertex 380 distance 48
0 265 592 587 585 346 361 380 
Vertex 381 distance 36
0 265 134 396 16 381 
Vertex 382 distance 34
0 435 523 382 
Vertex 383 distance 37
0 80 529 183 383 
Vertex 384 distance 31
0 265 134 396 617 253 385 604 444 384 
Vertex 385 distance 23
0 265 134 396 617 253 385 
Vertex 386 distance 31
0 265 134 169 251 425 469 453 345 386 
Vertex 387 distance 32
0 498 426 387 
Vertex 388 distance 31
0 265 134 396 617 267 388 
Vertex 389 distance 29
0 80 389 
Vertex 390 distance 32
0 265 592 587 524 318 550 390 
Vertex 391 distance 34
0 265 134 169 391 
Vertex 392 distance 25
0 265 134 396 617 358 392 
Vertex 393 distance 27
0 265 134 396 617 393 
Vertex 394 distance 32
0 265 134 169 526 430 222 237 394 
Vertex 395 distance 27
0 435 538 509 77 395 
Vertex 396 distance 15
0 265 134 396 
Vertex 397 distance 23
0 265 134 169 224 272 397 
Vertex 398 distance 28
0 265 592 231 266 114 203 398 
Vertex 399 distance 28
0 265 134 514 547 399 
Vertex 400 distance 42
0 265 134 169 526 430 607 564 400 
Vertex 401 distance 31
0 265 592 373 62 401 
Vertex 402 distance 43
0 265 134 286 5 55 402 
Vertex 403 distance 50
0 265 537 310 461 200 403 
Vertex 404 distance 26
0 435 538 404 
Vertex 405 distance 33
0 366 448 405 
Vertex 406 distance 31
0 265 134 169 526 313 76 406 
Vertex 407 distance 30
0 265 134 169 526 430 222 407 
Vertex 408 distance 36
0 265 592 231 162 627 135 408 
Vertex 409 distance 31
0 435 546 262 409 
Vertex 410 distance 34
0 265 134 169 224 493 410 
Vertex 411 distance 21
0 265 592 231 411 
Vertex 412 distance 36
0 265 134 169 35 241 456 412 
Vertex 413 distance 37
0 265 592 231 411 629 124 413 
Vertex 414 distance 37
0 265 134 169 526 430 222 237 268 516 414 
Vertex 415 distance 31
0 265 134 169 224 272 548 415 
Vertex 416 distance 37
0 265 288 112 485 416 
Vertex 417 distance 24
0 265 134 67 101 417 
Vertex 418 distance 21
0 265 134 396 143 418 
Vertex 419 distance 40
0 265 134 169 251 367 304 419 
Vertex 420 distance 36
0 265 592 231 266 114 563 254 420 
Vertex 421 distance 42
0 265 537 181 360 505 421 
Vertex 422 distance 29
0 265 134 286 422 
Vertex 423 distance 40
0 265 134 396 617 267 207 45 379 423 
Vertex 424 distance 28
0 265 134 396 617 253 385 424 
Vertex 425 distance 22
0 265 134 169 251 425 
Vertex 426 distance 31
0 498 426 
Vertex 427 distance 36
0 265 134 169 391 427 
Vertex 428 distance 25
0 80 428 
Vertex 429 distance 22
0 265 134 286 477 429 
Vertex 430 distance 17
0 265 134 169 526 430 
Vertex 431 distance 32
0 354 225 474 431 
Vertex 432 distance 38
0 265 491 39 432 
Vertex 433 distance 37
0 265 134 169 35 241 456 211 433 
Vertex 434 distance 24
0 265 134 169 224 272 397 434 
Vertex 435 distance 10
0 435 
Vertex 436 distance 35
0 265 592 231 162 97 487 185 436 
Vertex 437 distance 36
0 265 134 514 547 277 544 42 437 
Vertex 438 distance 41
0 265 491 438 
Vertex 439 distance 29
0 265 134 396 617 267 370 439 
Vertex 440 distance 40
0 354 225 275 289 440 
Vertex 441 distance 28
0 265 592 231 162 441 
Vertex 442 distance 28
0 123 442 
Vertex 443 distance 25
0 265 134 24 298 443 
Vertex 444 distance 28
0 265 134 396 617 253 385 604 444 
Vertex 445 distance 33
0 265 134 286 422 445 
Vertex 446 distance 36
0 265 134 169 526 152 446 
Vertex 447 distance 40
0 265 134 286 422 447 
Vertex 448 distance 32
0 366 448 
Vertex 449 distance 37
0 265 134 286 477 568 449 
Vertex 450 distance 35
0 265 537 181 625 189 450 
Vertex 451 distance 23
0 265 134 451 
Vertex 452 distance 23
0 265 134 169 526 313 531 452 
Vertex 453 distance 28
0 265 134 169 251 425 469 453 
Vertex 454 distance 37
0 265 537 310 557 263 454 
Vertex 455 distance 32
0 435 276 455 
Vertex 456 distance 28
0 265 134 169 35 241 456 
Vertex 457 distance 37
0 265 134 169 526 430 457 
Vertex 458 distance 25
0 265 134 286 5 55 458 
Vertex 459 distance 35
0 265 134 616 536 342 459 
Vertex 460 distance 28
0 265 134 169 526 430 222 237 460 
Vertex 461 distance 30
0 265 537 310 461 
Vertex 462 distance 37
0 435 276 455 462 
Vertex 463 distance 33
0 265 134 396 186 463 
Vertex 464 distance 29
0 265 134 396 138 353 464 
Vertex 465 distance 30
0 265 134 169 35 622 465 
Vertex 466 distance 25
0 265 134 451 466 
Vertex 467 distance 32
0 365 369 467 
Vertex 468 distance 37
0 265 134 169 526 313 531 14 468 
Vertex 469 distance 27
0 265 134 169 251 425 469 
Vertex 470 distance 28
0 265 324 470 
Vertex 471 distance 33
0 265 134 169 251 425 478 471 
Vertex 472 distance 32
0 265 592 231 472 
Vertex 473 distance 30
0 265 134 396 617 358 392 333 473 
Vertex 474 distance 29
0 354 225 474 
Vertex 475 distance 30
0 265 134 286 477 475 
Vertex 476 distance 41
0 265 592 231 476 
Vertex 477 distance 21
0 265 134 286 477 
Vertex 478 distance 28
0 265 134 169 251 425 478 
Vertex 479 distance 44
0 123 603 479 
Vertex 480 distance 29
0 265 134 169 526 313 531 480 
Vertex 481 distance 27
0 435 546 20 481 
Vertex 482 distance 42
0 265 134 396 617 267 482 
Vertex 483 distance 31
0 265 134 169 526 111 483 
Vertex 484 distance 32
0 265 491 484 
Vertex 485 distance 31
0 265 288 112 485 
Vertex 486 distance 35
0 265 134 169 224 272 486 
Vertex 487 distance 31
0 265 592 231 162 97 487 
Vertex 488 distance 34
0 435 546 488 
Vertex 489 distance 23
0 265 592 587 585 489 
Vertex 490 distance 32
0 197 490 
Vertex 491 distance 23
0 265 491 
Vertex 492 distance 34
0 265 592 373 492 
Vertex 493 distance 22
0 265 134 169 224 493 
Vertex 494 distance 31
0 435 538 248 74 494 
Vertex 495 distance 36
0 265 134 169 526 111 273 576 495 
Vertex 496 distance 38
0 265 134 396 138 353 464 496 
Vertex 497 distance 26
0 265 134 169 347 497 
Vertex 498 distance 23
0 498 
Vertex 499 distance 42
0 435 546 552 188 499 
Vertex 500 distance 37
0 354 225 474 500 
Vertex 501 distance 30
0 265 134 396 617 358 392 501 
Vertex 502 distance 27
0 365 369 287 502 
Vertex 503 distance 25
0 80 503 
Vertex 504 distance 37
0 265 134 169 224 272 486 504 
Vertex 505 distance 28
0 265 537 181 360 505 
Vertex 506 distance 31
0 265 134 24 298 121 506 
Vertex 507 distance 38
0 265 134 169 224 493 507 
Vertex 508 distance 28
0 265 134 169 224 493 508 
Vertex 509 distance 23
0 435 538 509 
Vertex 510 distance 40
0 265 134 514 547 510 
Vertex 511 distance 25
0 265 134 169 526 511 
Vertex 512 distance 31
0 265 134 169 512 
Vertex 513 distance 31
0 265 134 286 5 55 458 513 
Vertex 514 distance 17
0 265 134 514 
Vertex 515 distance 28
0 354 225 515 
Vertex 516 distance 33
0 265 134 169 526 430 222 237 268 516 
Vertex 517 distance 41
0 265 592 373 492 517 
Vertex 518 distance 30
0 265 134 169 322 518 
Vertex 519 distance 32
0 80 428 519 
Vertex 520 distance 29
0 265 537 520 
Vertex 521 distance 33
0 265 134 169 526 430 222 521 
Vertex 522 distance 40
0 435 546 20 522 
Vertex 523 distance 20
0 435 523 
Vertex 524 distance 18
0 265 592 587 524 
Vertex 525 distance 35
0 265 134 169 526 111 483 525 
Vertex 526 distance 16
0 265 134 169 526 
Vertex 527 distance 40
0 265 592 231 131 527 
Vertex 528 distance 32
0 265 592 231 162 97 528 
Vertex 529 distance 23
0 80 529 
Vertex 530 distance 30
0 354 530 
Vertex 531 distance 22
0 265 134 169 526 313 531 
Vertex 532 distance 36
0 354 530 278 130 532 
Vertex 533 distance 27
0 265 134 169 35 533 
Vertex 534 distance 34
0 265 592 587 585 297 260 534 
Vertex 535 distance 38
0 265 592 587 524 535 
Vertex 536 distance 25
0 265 134 616 536 
Vertex 537 distance 10
0 265 537 
Vertex 538 distance 18
0 435 538 
Vertex 539 distance 32
0 265 592 587 585 258 589 539 
Vertex 540 distance 32
0 265 134 451 66 540 
Vertex 541 distance 46
0 265 134 169 224 493 10 339 541 
Vertex 542 distance 30
0 265 134 169 347 497 542 
Vertex 543 distance 34
0 265 134 573 378 98 543 
Vertex 544 distance 30
0 265 134 514 547 277 544 
Vertex 545 distance 30
0 265 592 373 545 
Vertex 546 distance 21
0 435 546 
Vertex 547 distance 22
0 265 134 514 547 
Vertex 548 distance 24
0 265 134 169 224 272 548 
Vertex 549 distance 51
0 80 529 183 383 549 
Vertex 550 distance 31
0 265 592 587 524 318 550 
Vertex 551 distance 26
0 265 288 551 
Vertex 552 distance 25
0 435 546 552 
Vertex 553 distance 29
0 498 553 
Vertex 554 distance 37
0 265 592 231 411 629 124 554 
Vertex 555 distance 35
0 265 134 67 101 417 235 555 
Vertex 556 distance 36
0 265 537 181 360 556 
Vertex 557 distance 19
0 265 537 310 557 
Vertex 558 distance 40
0 354 225 515 558 
Vertex 559 distance 29
0 265 134 169 224 559 
Vertex 560 distance 26
0 265 537 560 
Vertex 561 distance 29
0 265 592 587 585 561 
Vertex 562 distance 32
0 265 134 169 526 430 607 564 562 
Vertex 563 distance 25
0 265 592 231 266 114 563 
Vertex 564 distance 31
0 265 134 169 526 430 607 564 
Vertex 565 distance 35
0 265 134 24 298 121 506 565 
Vertex 566 distance 43
0 265 134 514 547 510 566 
Vertex 567 distance 45
0 265 134 67 101 417 230 325 567 
Vertex 568 distance 32
0 265 134 286 477 568 
Vertex 569 distance 28
0 265 134 169 251 569 
Vertex 570 distance 27
0 265 134 169 224 570 
Vertex 571 distance 26
0 265 592 373 62 362 571 
Vertex 572 distance 22
0 265 592 587 585 572 
Vertex 573 distance 28
0 265 134 573 
Vertex 574 distance 26
0 265 134 169 526 313 531 348 574 
Vertex 575 distance 35
0 435 538 404 53 575 
Vertex 576 distance 31
0 265 134 169 526 111 273 576 
Vertex 577 distance 28
0 265 134 67 101 417 577 
Vertex 578 distance 26
0 265 134 169 224 578 
Vertex 579 distance 37
0 80 428 579 
Vertex 580 distance 38
0 265 134 169 526 430 222 237 580 
Vertex 581 distance 37
0 265 134 396 581 
Vertex 582 distance 36
0 265 592 582 
Vertex 583 distance 32
0 435 276 363 583 
Vertex 584 distance 34
0 265 592 587 585 489 584 
Vertex 585 distance 21
0 265 592 587 585 
Vertex 586 distance 29
0 265 537 181 360 586 
Vertex 587 distance 17
0 265 592 587 
Vertex 588 distance 30
0 265 134 169 347 497 588 
Vertex 589 distance 29
0 265 592 587 585 258 589 
Vertex 590 distance 35
0 265 134 396 138 353 590 
Vertex 591 distance 40
0 265 592 587 524 318 550 591 
Vertex 592 distance 14
0 265 592 
Vertex 593 distance 33
0 435 538 248 74 593 
Vertex 594 distance 34
0 265 592 231 162 97 487 185 594 
Vertex 595 distance 30
0 265 592 587 585 258 589 595 
Vertex 596 distance 24
0 265 134 286 5 55 596 
Vertex 597 distance 33
0 265 491 484 597 
Vertex 598 distance 35
0 435 538 509 77 395 328 598 
Vertex 599 distance 36
0 265 134 169 347 122 599 
Vertex 600 distance 30
0 80 389 600 
Vertex 601 distance 33
0 265 491 484 601 
Vertex 602 distance 38
0 265 134 451 66 540 602 
Vertex 603 distance 30
0 123 603 
Vertex 604 distance 27
0 265 134 396 617 253 385 604 
Vertex 605 distance 46
0 265 134 396 138 193 274 605 
Vertex 606 distance 30
0 265 134 396 617 267 606 
Vertex 607 distance 18
0 265 134 169 526 430 607 
Vertex 608 distance 35
0 265 592 587 585 561 608 
Vertex 609 distance 30
0 365 369 287 609 
Vertex 610 distance 41
0 265 491 484 597 610 
Vertex 611 distance 33
0 435 523 611 
Vertex 612 distance 38
0 265 134 396 617 253 385 604 444 612 
Vertex 613 distance 29
0 265 592 587 585 258 613 
Vertex 614 distance 35
0 265 134 514 547 277 614 
Vertex 615 distance 43
0 435 538 509 77 395 615 
Vertex 616 distance 16
0 265 134 616 
Vertex 617 distance 20
0 265 134 396 617 
Vertex 618 distance 32
0 265 134 286 477 429 50 618 
Vertex 619 distance 34
0 265 134 24 298 619 
Vertex 620 distance 43
0 265 134 286 477 620 
Vertex 621 distance 41
0 123 621 
Vertex 622 distance 29
0 265 134 169 35 622 
Vertex 623 distance 37
0 435 276 282 64 623 
Vertex 624 distance 35
0 265 592 587 585 258 589 595 624 
Vertex 625 distance 21
0 265 537 181 625 
Vertex 626 distance 40
0 265 134 169 526 313 531 244 626 
Vertex 627 distance 25
0 265 592 231 162 627 
Vertex 628 distance 37
0 265 134 396 138 353 351 331 628 
Vertex 629 distance 24
0 265 592 231 411 629 
Vertex 630 distance 42
0 354 225 275 182 630 
Vertex 631 distance 30
0 265 134 169 224 272 397 631 
Vertex 632 distance 46
0 265 134 67 243 632 
Vertex 633 distance 37
0 265 134 67 101 417 235 142 633 
Vertex 634 distance 34
0 265 134 396 239 634 
Vertex 635 distance 33
0 265 134 169 526 313 531 348 33 635 
Vertex 636 distance 39
0 265 134 169 35 636 
Vertex 637 distance 31
0 123 442 637 
Vertex 638 distance 32
0 265 134 67 243 638 
Vertex 639 distance 30
0 265 537 181 625 189 215 639 
