Vertex 0 distance 0
0 0 
Vertex 1 distance 36
0 632 406 165 597 189 237 315 480 453 1 
Vertex 2 distance 34
0 632 406 165 67 560 2 
Vertex 3 distance 35
0 60 229 50 283 89 326 564 32 3 
Vertex 4 distance 27
0 632 406 165 597 189 237 166 4 
Vertex 5 distance 36
0 509 625 30 439 5 
Vertex 6 distance 30
0 632 308 152 435 6 
Vertex 7 distance 50
0 509 625 429 173 325 217 204 172 54 451 7 
Vertex 8 distance 28
0 509 113 57 275 8 
Vertex 9 distance 31
0 509 305 290 9 
Vertex 10 distance 37
0 141 624 618 486 10 
Vertex 11 distance 32
0 632 406 165 232 11 
Vertex 12 distance 57
0 141 520 400 519 187 528 69 56 12 
Vertex 13 distance 30
0 60 577 295 635 539 13 
Vertex 14 distance 26
0 141 624 14 
Vertex 15 distance 37
0 141 381 501 15 
Vertex 16 distance 30
0 632 406 165 566 16 
Vertex 17 distance 30
0 141 381 444 17 
Vertex 18 distance 24
0 18 
Vertex 19 distance 54
0 509 625 30 260 19 
Vertex 20 distance 48
0 141 624 618 486 10 20 
Vertex 21 distance 38
0 500 410 248 319 21 
Vertex 22 distance 30
0 141 381 444 496 22 
Vertex 23 distance 31
0 632 406 165 597 189 237 315 480 23 
Vertex 24 distance 39
0 60 229 50 283 413 24 
Vertex 25 distance 28
0 632 308 374 25 
Vertex 26 distance 30
0 509 113 57 431 26 
Vertex 27 distance 12
0 632 406 165 27 
Vertex 28 distance 24
0 632 406 165 27 28 
Vertex 29 distance 29
0 632 176 29 
Vertex 30 distance 22
0 509 625 30 
Vertex 31 distance 34
0 509 625 373 175 434 298 278 328 31 
Vertex 32 distance 33
0 60 229 50 283 89 326 564 32 
Vertex 33 distance 45
0 632 308 374 142 265 132 33 
Vertex 34 distance 44
0 509 405 452 34 
Vertex 35 distance 27
0 141 525 35 
Vertex 36 distance 36
0 632 308 41 36 
Vertex 37 distance 42
0 509 625 201 42 37 
Vertex 38 distance 28
0 632 406 165 38 
Vertex 39 distance 42
0 60 229 50 283 89 326 39 
Vertex 40 distance 40
0 632 406 165 27 259 40 
Vertex 41 distance 32
0 632 308 41 
Vertex 42 distance 25
0 509 625 201 42 
Vertex 43 distance 32
0 509 305 290 9 43 
Vertex 44 distance 32
0 141 520 340 306 391 44 
Vertex 45 distance 30
0 60 229 341 45 
Vertex 46 distance 24
0 632 46 
Vertex 47 distance 44
0 632 308 374 142 265 388 82 411 610 47 
Vertex 48 distance 40
0 632 406 165 232 222 48 
Vertex 49 distance 33
0 141 520 400 519 187 528 69 146 49 
Vertex 50 distance 17
0 60 229 50 
Vertex 51 distance 48
0 141 520 400 519 187 528 604 51 
Vertex 52 distance 31
0 141 381 444 77 52 
Vertex 53 distance 27
0 500 200 53 
Vertex 54 distance 34
0 509 625 429 173 325 217 204 172 54 
Vertex 55 distance 33
0 632 406 165 27 28 598 297 55 
Vertex 56 distance 39
0 141 520 400 519 187 528 69 56 
Vertex 57 distance 23
0 509 113 57 
Vertex 58 distance 39
0 632 406 165 232 11 58 
Vertex 59 distance 30
0 141 624 14 59 
Vertex 60 distance 10
0 60 
Vertex 61 distance 38
0 632 221 390 61 
Vertex 62 distance 34
0 632 406 165 597 62 
Vertex 63 distance 35
0 141 520 400 519 187 528 63 
Vertex 64 distance 31
0 60 577 64 
Vertex 65 distance 37
0 632 65 
Vertex 66 distance 34
0 141 520 236 66 
Vertex 67 distance 13
0 632 406 165 67 
Vertex 68 distance 32
0 141 381 68 
Vertex 69 distance 29
0 141 520 400 519 187 528 69 
Vertex 70 distance 32
0 509 625 429 608 70 
Vertex 71 distance 45
0 632 176 433 71 
Vertex 72 distance 30
0 60 229 609 72 
Vertex 73 distance 35
0 632 221 390 73 
Vertex 74 distance 23
0 509 625 373 74 
Vertex 75 distance 37
0 509 625 30 75 
Vertex 76 distance 33
0 509 625 373 346 361 76 
Vertex 77 distance 26
0 141 381 444 77 
Vertex 78 distance 34
0 141 381 68 78 
Vertex 79 distance 45
0 509 305 79 
Vertex 80 distance 32
0 632 176 365 80 
Vertex 81 distance 36
0 18 81 
Vertex 82 distance 26
0 632 308 374 142 265 388 82 
Vertex 83 distance 43
0 509 625 429 173 186 532 358 83 
Vertex 84 distance 32
0 509 625 373 175 84 
Vertex 85 distance 24
0 60 229 50 283 85 
Vertex 86 distance 30
0 141 469 86 
Vertex 87 distance 26
0 632 308 374 142 87 
Vertex 88 distance 40
0 509 625 429 173 325 217 204 310 550 88 
Vertex 89 distance 23
0 60 229 50 283 89 
Vertex 90 distance 34
0 509 625 373 175 84 90 
Vertex 91 distance 21
0 632 308 374 91 
Vertex 92 distance 33
0 632 406 165 27 92 
Vertex 93 distance 32
0 141 520 191 541 314 617 93 
Vertex 94 distance 48
0 632 46 622 94 
Vertex 95 distance 37
0 141 469 600 95 
Vertex 96 distance 24
0 141 520 340 96 
Vertex 97 distance 42
0 60 229 50 283 89 326 564 32 3 97 
Vertex 98 distance 38
0 18 98 
Vertex 99 distance 27
0 60 229 467 99 
Vertex 100 distance 42
0 509 113 57 403 378 585 100 
Vertex 101 distance 23
0 141 520 321 616 101 
Vertex 102 distance 35
0 509 305 198 122 102 
Vertex 103 distance 38
0 632 308 374 91 633 533 103 
Vertex 104 distance 38
0 141 520 400 104 
Vertex 105 distance 35
0 141 624 131 105 
Vertex 106 distance 39
0 18 81 106 
Vertex 107 distance 27
0 60 229 50 107 
Vertex 108 distance 29
0 60 229 467 591 108 
Vertex 109 distance 34
0 60 229 467 99 227 109 
Vertex 110 distance 43
0 509 625 368 421 619 387 110 
Vertex 111 distance 36
0 141 520 400 493 225 111 
Vertex 112 distance 35
0 509 625 373 112 
Vertex 113 distance 20
0 509 113 
Vertex 114 distance 39
0 141 520 400 493 225 114 
Vertex 115 distance 33
0 509 625 373 346 386 344 115 
Vertex 116 distance 30
0 632 406 165 566 309 116 
Vertex 117 distance 29
0 60 577 117 
Vertex 118 distance 30
0 632 308 374 25 209 118 
Vertex 119 distance 40
0 141 520 400 519 187 528 63 280 119 
Vertex 120 distance 24
0 509 625 373 74 120 
Vertex 121 distance 31
0 141 520 340 348 121 
Vertex 122 distance 32
0 509 305 198 122 
Vertex 123 distance 45
0 60 577 64 123 
Vertex 124 distance 35
0 632 406 165 566 174 124 
Vertex 125 distance 33
0 509 113 57 275 8 302 125 
Vertex 126 distance 29
0 141 381 444 126 
Vertex 127 distance 49
0 632 406 165 67 345 127 
Vertex 128 distance 29
0 509 113 128 
Vertex 129 distance 30
0 60 229 467 99 227 129 
Vertex 130 distance 36
0 509 405 130 
Vertex 131 distance 32
0 141 624 131 
Vertex 132 distance 38
0 632 308 374 142 265 132 
Vertex 133 distance 32
0 632 133 
Vertex 134 distance 35
0 60 577 169 446 582 134 
Vertex 135 distance 42
0 509 625 373 346 361 76 331 353 408 135 
Vertex 136 distance 34
0 509 625 30 159 181 136 
Vertex 137 distance 29
0 141 624 14 137 
Vertex 138 distance 33
0 509 625 30 445 138 
Vertex 139 distance 29
0 632 406 165 27 139 
Vertex 140 distance 35
0 141 520 340 306 427 140 
Vertex 141 distance 13
0 141 
Vertex 142 distance 22
0 632 308 374 142 
Vertex 143 distance 30
0 60 229 50 283 89 326 143 
Vertex 144 distance 25
0 632 406 165 27 28 144 
Vertex 145 distance 37
0 60 577 64 145 
Vertex 146 distance 31
0 141 520 400 519 187 528 69 146 
Vertex 147 distance 41
0 509 113 149 147 
Vertex 148 distance 37
0 632 308 374 25 209 148 
Vertex 149 distance 26
0 509 113 149 
Vertex 150 distance 33
0 632 176 365 80 150 
Vertex 151 distance 31
0 141 520 191 541 299 151 
Vertex 152 distance 19
0 632 308 152 
Vertex 153 distance 39
0 141 624 618 486 371 570 153 
Vertex 154 distance 28
0 509 113 57 154 
Vertex 155 distance 34
0 60 577 295 635 539 155 
Vertex 156 distance 30
0 632 406 165 27 28 144 156 
Vertex 157 distance 43
0 60 229 467 99 227 284 157 
Vertex 158 distance 30
0 141 520 400 158 
Vertex 159 distance 28
0 509 625 30 159 
Vertex 160 distance 38
0 141 624 618 160 
Vertex 161 distance 43
0 509 625 30 439 498 161 
Vertex 162 distance 50
0 632 176 375 459 162 
Vertex 163 distance 36
0 60 577 169 244 163 
Vertex 164 distance 31
0 60 577 169 164 
Vertex 165 distance 11
0 632 406 165 
Vertex 166 distance 24
0 632 406 165 597 189 237 166 
Vertex 167 distance 35
0 509 625 429 608 70 167 
Vertex 168 distance 38
0 632 308 374 230 168 
Vertex 169 distance 25
0 60 577 169 
Vertex 170 distance 36
0 141 520 400 158 170 
Vertex 171 distance 33
0 632 406 165 597 189 237 166 531 171 
Vertex 172 distance 32
0 509 625 429 173 325 217 204 172 
Vertex 173 distance 20
0 509 625 429 173 
Vertex 174 distance 25
0 632 406 165 566 174 
Vertex 175 distance 23
0 509 625 373 175 
Vertex 176 distance 23
0 632 176 
Vertex 177 distance 29
0 632 406 165 27 28 598 177 
Vertex 178 distance 28
0 60 229 467 178 
Vertex 179 distance 36
0 509 113 57 179 
Vertex 180 distance 33
0 509 625 429 180 
Vertex 181 distance 31
0 509 625 30 159 181 
Vertex 182 distance 32
0 509 625 429 173 182 
Vertex 183 distance 31
0 141 520 400 493 183 
Vertex 184 distance 39
0 509 113 57 275 8 302 184 
Vertex 185 distance 34
0 632 406 165 27 139 442 185 
Vertex 186 distance 27
0 509 625 429 173 186 
Vertex 187 distance 25
0 141 520 400 519 187 
Vertex 188 distance 34
0 60 577 295 425 395 188 
Vertex 189 distance 21
0 632 406 165 597 189 
Vertex 190 distance 28
0 632 308 374 190 
Vertex 191 distance 22
0 141 520 191 
Vertex 192 distance 37
0 632 406 165 232 218 399 192 
Vertex 193 distance 35
0 632 308 374 25 209 193 
Vertex 194 distance 46
0 141 520 400 519 187 528 63 280 119 194 
Vertex 195 distance 27
0 632 308 195 
Vertex 196 distance 37
0 632 308 152 457 196 
Vertex 197 distance 30
0 632 197 
Vertex 198 distance 28
0 509 305 198 
Vertex 199 distance 37
0 509 113 57 336 199 
Vertex 200 distance 24
0 500 200 
Vertex 201 distance 10
0 509 625 201 
Vertex 202 distance 35
0 509 113 57 275 8 202 
Vertex 203 distance 36
0 509 113 57 154 393 367 203 
Vertex 204 distance 27
0 509 625 429 173 325 217 204 
Vertex 205 distance 44
0 632 308 152 435 6 205 
Vertex 206 distance 36
0 141 520 400 493 225 206 
Vertex 207 distance 21
0 141 207 
Vertex 208 distance 36
0 509 625 429 173 182 208 
Vertex 209 distance 29
0 632 308 374 25 209 
Vertex 210 distance 37
0 141 520 400 519 187 528 226 455 210 
Vertex 211 distance 25
0 509 625 211 
Vertex 212 distance 31
0 509 113 212 
Vertex 213 distance 28
0 141 525 35 213 
Vertex 214 distance 35
0 141 520 214 
Vertex 215 distance 31
0 509 625 30 439 215 
Vertex 216 distance 34
0 60 229 216 
Vertex 217 distance 25
0 509 625 429 173 325 217 
Vertex 218 distance 29
0 632 406 165 232 218 
Vertex 219 distance 36
0 141 624 618 486 371 570 219 
Vertex 220 distance 26
0 632 308 220 
Vertex 221 distance 16
0 632 221 
Vertex 222 distance 23
0 632 406 165 232 222 
Vertex 223 distance 45
0 141 624 14 223 
Vertex 224 distance 30
0 509 625 201 42 552 224 
Vertex 225 distance 29
0 141 520 400 493 225 
Vertex 226 distance 28
0 141 520 400 519 187 528 226 
Vertex 227 distance 28
0 60 229 467 99 227 
Vertex 228 distance 35
0 60 577 228 
Vertex 229 distance 13
0 60 229 
Vertex 230 distance 32
0 632 308 374 230 
Vertex 231 distance 41
0 509 625 211 503 578 231 
Vertex 232 distance 12
0 632 406 165 232 
Vertex 233 distance 45
0 632 308 152 457 575 233 
Vertex 234 distance 33
0 60 229 50 234 
Vertex 235 distance 38
0 141 520 191 541 314 235 
Vertex 236 distance 32
0 141 520 236 
Vertex 237 distance 22
0 632 406 165 597 189 237 
Vertex 238 distance 28
0 632 406 165 597 189 237 166 238 
Vertex 239 distance 41
0 141 520 400 519 187 528 604 239 
Vertex 240 distance 33
0 509 113 57 154 240 
Vertex 241 distance 32
0 509 625 373 241 
Vertex 242 distance 39
0 632 308 374 25 209 148 242 
Vertex 243 distance 46
0 141 624 618 486 343 468 510 243 
Vertex 244 distance 34
0 60 577 169 244 
Vertex 245 distance 25
0 632 406 165 566 245 
Vertex 246 distance 42
0 509 625 30 159 246 
Vertex 247 distance 41
0 632 308 195 628 247 
Vertex 248 distance 26
0 500 410 248 
Vertex 249 distance 45
0 141 520 400 519 187 528 226 455 249 
Vertex 250 distance 35
0 141 381 636 250 
Vertex 251 distance 35
0 141 520 400 493 225 252 251 
Vertex 252 distance 32
0 141 520 400 493 225 252 
Vertex 253 distance 44
0 509 305 253 
Vertex 254 distance 41
0 60 229 467 178 254 
Vertex 255 distance 45
0 141 520 400 519 187 528 69 146 49 255 
Vertex 256 distance 37
0 141 624 14 256 
Vertex 257 distance 33
0 141 381 444 496 22 257 
Vertex 258 distance 35
0 632 406 165 597 189 237 315 258 
Vertex 259 distance 22
0 632 406 165 27 259 
Vertex 260 distance 32
0 509 625 30 260 
Vertex 261 distance 36
0 632 176 375 261 
Vertex 262 distance 31
0 141 520 400 519 262 
Vertex 263 distance 45
0 632 406 165 597 626 263 
Vertex 264 distance 48
0 141 520 191 541 314 264 
Vertex 265 distance 23
0 632 308 374 142 265 
Vertex 266 distance 42
0 141 520 340 306 391 266 
Vertex 267 distance 44
0 509 625 201 42 267 
Vertex 268 distance 22
0 509 405 268 
Vertex 269 distance 36
0 632 406 165 566 16 269 
Vertex 270 distance 35
0 141 520 236 270 
Vertex 271 distance 40
0 141 624 618 486 371 570 271 
Vertex 272 distance 35
0 141 520 272 
Vertex 273 distance 40
0 632 406 165 566 309 602 273 
Vertex 274 distance 34
0 509 625 201 385 274 
Vertex 275 distance 25
0 509 113 57 275 
Vertex 276 distance 29
0 60 577 169 276 
Vertex 277 distance 18
0 60 229 50 277 
Vertex 278 distance 26
0 509 625 373 175 434 298 278 
Vertex 279 distance 31
0 141 381 636 279 
Vertex 280 distance 37
0 141 520 400 519 187 528 63 280 
Vertex 281 distance 28
0 509 113 281 
Vertex 282 distance 36
0 632 308 152 435 282 
Vertex 283 distance 21
0 60 229 50 283 
Vertex 284 distance 29
0 60 229 467 99 227 284 
Vertex 285 distance 34
0 509 625 429 173 285 
Vertex 286 distance 35
0 60 577 169 446 582 286 
Vertex 287 distance 31
0 632 406 165 566 174 287 
Vertex 288 distance 36
0 60 577 169 244 288 
Vertex 289 distance 26
0 509 113 57 289 
Vertex 290 distance 24
0 509 305 290 
Vertex 291 distance 44
0 60 229 291 
Vertex 292 distance 32
0 141 520 340 348 292 
Vertex 293 distance 28
0 509 625 201 42 552 293 
Vertex 294 distance 53
0 141 207 294 
Vertex 295 distance 24
0 60 577 295 
Vertex 296 distance 40
0 141 520 321 616 296 
Vertex 297 distance 28
0 632 406 165 27 28 598 297 
Vertex 298 distance 25
0 509 625 373 175 434 298 
Vertex 299 distance 26
0 141 520 191 541 299 
Vertex 300 distance 39
0 60 577 295 300 
Vertex 301 distance 28
0 632 392 301 
Vertex 302 distance 30
0 509 113 57 275 8 302 
Vertex 303 distance 25
0 141 520 321 616 101 303 
Vertex 304 distance 26
0 632 308 304 
Vertex 305 distance 22
0 509 305 
Vertex 306 distance 21
0 141 520 340 306 
Vertex 307 distance 42
0 141 520 400 519 187 528 226 455 307 
Vertex 308 distance 11
0 632 308 
Vertex 309 distance 25
0 632 406 165 566 309 
Vertex 310 distance 33
0 509 625 429 173 325 217 204 310 
Vertex 311 distance 36
0 632 406 165 566 174 124 311 
Vertex 312 distance 26
0 141 520 191 541 312 
Vertex 313 distance 30
0 60 229 313 
Vertex 314 distance 26
0 141 520 191 541 314 
Vertex 315 distance 27
0 632 406 165 597 189 237 315 
Vertex 316 distance 44
0 141 520 321 616 569 316 
Vertex 317 distance 43
0 60 577 295 300 333 317 
Vertex 318 distance 25
0 509 305 290 318 
Vertex 319 distance 29
0 500 410 248 319 
Vertex 320 distance 33
0 141 381 444 77 52 320 
Vertex 321 distance 21
0 141 520 321 
Vertex 322 distance 35
0 632 406 165 597 189 237 315 480 466 322 
Vertex 323 distance 37
0 60 229 467 178 323 
Vertex 324 distance 33
0 60 577 295 635 539 13 324 
Vertex 325 distance 24
0 509 625 429 173 325 
Vertex 326 distance 28
0 60 229 50 283 89 326 
Vertex 327 distance 35
0 60 229 609 327 
Vertex 328 distance 28
0 509 625 373 175 434 298 278 328 
Vertex 329 distance 40
0 141 520 321 616 569 329 
Vertex 330 distance 38
0 632 308 374 91 342 330 
Vertex 331 distance 36
0 509 625 373 346 361 76 331 
Vertex 332 distance 29
0 141 624 618 486 371 332 
Vertex 333 distance 41
0 60 577 295 300 333 
Vertex 334 distance 38
0 632 308 557 334 
Vertex 335 distance 45
0 632 308 374 230 168 335 
Vertex 336 distance 25
0 509 113 57 336 
Vertex 337 distance 39
0 141 469 600 337 
Vertex 338 distance 34
0 60 577 117 462 338 
Vertex 339 distance 40
0 632 308 304 339 
Vertex 340 distance 19
0 141 520 340 
Vertex 341 distance 21
0 60 229 341 
Vertex 342 distance 35
0 632 308 374 91 342 
Vertex 343 distance 28
0 141 624 618 486 343 
Vertex 344 distance 32
0 509 625 373 346 386 344 
Vertex 345 distance 35
0 632 406 165 67 345 
Vertex 346 distance 26
0 509 625 373 346 
Vertex 347 distance 38
0 141 624 618 486 371 570 347 
Vertex 348 distance 21
0 141 520 340 348 
Vertex 349 distance 32
0 141 520 191 541 314 617 349 
Vertex 350 distance 24
0 509 625 373 74 350 
Vertex 351 distance 33
0 141 520 321 616 351 
Vertex 352 distance 31
0 632 406 165 27 28 598 177 458 352 
Vertex 353 distance 37
0 509 625 373 346 361 76 331 353 
Vertex 354 distance 23
0 632 406 165 597 189 237 354 
Vertex 355 distance 43
0 632 308 152 435 282 355 
Vertex 356 distance 47
0 632 308 304 339 356 
Vertex 357 distance 40
0 141 520 340 348 530 586 357 
Vertex 358 distance 33
0 509 625 429 173 186 532 358 
Vertex 359 distance 29
0 509 625 30 445 359 
Vertex 360 distance 42
0 509 405 360 
Vertex 361 distance 27
0 509 625 373 346 361 
Vertex 362 distance 46
0 632 406 165 597 189 237 166 531 171 447 362 
Vertex 363 distance 35
0 509 625 373 346 386 363 
Vertex 364 distance 36
0 632 308 41 546 364 
Vertex 365 distance 28
0 632 176 365 
Vertex 366 distance 32
0 632 406 165 232 366 
Vertex 367 distance 32
0 509 113 57 154 393 367 
Vertex 368 distance 31
0 509 625 368 
Vertex 369 distance 38
0 60 577 295 425 395 412 526 369 
Vertex 370 distance 36
0 141 624 14 370 
Vertex 371 distance 21
0 141 624 618 486 371 
Vertex 372 distance 44
0 141 381 68 78 372 
Vertex 373 distance 19
0 509 625 373 
Vertex 374 distance 16
0 632 308 374 
Vertex 375 distance 29
0 632 176 375 
Vertex 376 distance 27
0 141 624 618 376 
Vertex 377 distance 33
0 509 305 290 9 43 377 
Vertex 378 distance 32
0 509 113 57 403 378 
Vertex 379 distance 31
0 60 229 467 99 227 379 
Vertex 380 distance 29
0 380 
Vertex 381 distance 23
0 141 381 
Vertex 382 distance 31
0 632 308 152 435 6 382 
Vertex 383 distance 27
0 632 308 374 91 633 383 
Vertex 384 distance 27
0 509 625 429 173 325 384 
Vertex 385 distance 28
0 509 625 201 385 
Vertex 386 distance 27
0 509 625 373 346 386 
Vertex 387 distance 36
0 509 625 368 421 619 387 
Vertex 388 distance 25
0 632 308 374 142 265 388 
Vertex 389 distance 37
0 509 625 373 175 84 389 
Vertex 390 distance 30
0 632 221 390 
Vertex 391 distance 31
0 141 520 340 306 391 
Vertex 392 distance 21
0 632 392 
Vertex 393 distance 29
0 509 113 57 154 393 
Vertex 394 distance 32
0 632 308 152 435 6 394 
Vertex 395 distance 28
0 60 577 295 425 395 
Vertex 396 distance 31
0 60 229 50 283 89 326 143 396 
Vertex 397 distance 29
0 509 113 57 403 397 
Vertex 398 distance 36
0 60 577 295 635 539 398 
Vertex 399 distance 30
0 632 406 165 232 218 399 
Vertex 400 distance 20
0 141 520 400 
Vertex 401 distance 61
0 509 625 201 42 552 224 401 
Vertex 402 distance 33
0 632 406 165 27 259 402 
Vertex 403 distance 28
0 509 113 57 403 
Vertex 404 distance 38
0 141 381 636 250 404 
Vertex 405 distance 18
0 509 405 
Vertex 406 distance 10
0 632 406 
Vertex 407 distance 34
0 141 520 400 519 187 528 226 407 
Vertex 408 distance 41
0 509 625 373 346 361 76 331 353 408 
Vertex 409 distance 31
0 509 625 409 
Vertex 410 distance 24
0 500 410 
Vertex 411 distance 33
0 632 308 374 142 265 388 82 411 
Vertex 412 distance 32
0 60 577 295 425 395 412 
Vertex 413 distance 29
0 60 229 50 283 413 
Vertex 414 distance 46
0 632 308 41 414 
Vertex 415 distance 39
0 141 624 415 
Vertex 416 distance 40
0 632 308 557 334 416 
Vertex 417 distance 28
0 632 406 165 27 28 417 
Vertex 418 distance 38
0 509 625 373 346 386 344 464 418 
Vertex 419 distance 35
0 141 520 400 519 187 528 226 455 419 
Vertex 420 distance 32
0 509 625 373 346 386 420 
Vertex 421 distance 34
0 509 625 368 421 
Vertex 422 distance 39
0 141 525 35 213 422 
Vertex 423 distance 39
0 141 520 321 616 351 423 
Vertex 424 distance 42
0 632 308 304 424 
Vertex 425 distance 26
0 60 577 295 425 
Vertex 426 distance 33
0 509 625 373 568 426 
Vertex 427 distance 22
0 141 520 340 306 427 
Vertex 428 distance 46
0 632 308 374 91 342 428 
Vertex 429 distance 18
0 509 625 429 
Vertex 430 distance 37
0 141 624 618 376 430 
Vertex 431 distance 24
0 509 113 57 431 
Vertex 432 distance 41
0 632 392 563 432 
Vertex 433 distance 24
0 632 176 433 
Vertex 434 distance 24
0 509 625 373 175 434 
Vertex 435 distance 20
0 632 308 152 435 
Vertex 436 distance 39
0 141 520 340 348 436 
Vertex 437 distance 44
0 632 406 165 27 28 144 437 
Vertex 438 distance 34
0 141 520 400 519 438 
Vertex 439 distance 24
0 509 625 30 439 
Vertex 440 distance 35
0 60 229 216 440 
Vertex 441 distance 36
0 60 229 341 45 441 
Vertex 442 distance 32
0 632 406 165 27 139 442 
Vertex 443 distance 41
0 632 221 443 
Vertex 444 distance 25
0 141 381 444 
Vertex 445 distance 28
0 509 625 30 445 
Vertex 446 distance 28
0 60 577 169 446 
Vertex 447 distance 39
0 632 406 165 597 189 237 166 531 171 447 
Vertex 448 distance 24
0 141 624 618 448 
Vertex 449 distance 38
0 141 520 400 519 187 449 
Vertex 450 distance 38
0 141 624 615 612 450 
Vertex 451 distance 47
0 509 625 429 173 325 217 204 172 54 451 
Vertex 452 distance 33
0 509 405 452 
Vertex 453 distance 31
0 632 406 165 597 189 237 315 480 453 
Vertex 454 distance 22
0 141 520 340 454 
Vertex 455 distance 30
0 141 520 400 519 187 528 226 455 
Vertex 456 distance 41
0 509 113 57 154 393 506 456 
Vertex 457 distance 26
0 632 308 152 457 
Vertex 458 distance 30
0 632 406 165 27 28 598 177 458 
Vertex 459 distance 33
0 632 176 375 459 
Vertex 460 distance 34
0 60 577 295 635 539 13 461 460 
Vertex 461 distance 33
0 60 577 295 635 539 13 461 
Vertex 462 distance 33
0 60 577 117 462 
Vertex 463 distance 38
0 141 381 68 463 
Vertex 464 distance 36
0 509 625 373 346 386 344 464 
Vertex 465 distance 47
0 509 625 429 173 186 465 
Vertex 466 distance 34
0 632 406 165 597 189 237 315 480 466 
Vertex 467 distance 20
0 60 229 467 
Vertex 468 distance 29
0 141 624 618 486 343 468 
Vertex 469 distance 18
0 141 469 
Vertex 470 distance 43
0 141 381 444 77 52 470 
Vertex 471 distance 48
0 141 520 400 519 187 528 226 407 571 471 
Vertex 472 distance 34
0 141 520 340 306 391 44 472 
Vertex 473 distance 35
0 141 520 321 473 
Vertex 474 distance 32
0 632 308 374 91 474 
Vertex 475 distance 32
0 509 305 475 
Vertex 476 distance 38
0 509 113 57 431 26 476 
Vertex 477 distance 31
0 141 520 400 519 187 528 69 477 
Vertex 478 distance 36
0 509 625 429 173 325 217 478 
Vertex 479 distance 23
0 509 405 268 479 
Vertex 480 distance 30
0 632 406 165 597 189 237 315 480 
Vertex 481 distance 42
0 632 406 165 597 189 237 315 481 
Vertex 482 distance 38
0 509 625 373 346 361 76 331 482 
Vertex 483 distance 47
0 509 625 429 173 325 217 204 310 550 483 
Vertex 484 distance 46
0 509 113 57 154 484 
Vertex 485 distance 29
0 141 520 400 493 485 
Vertex 486 distance 20
0 141 624 618 486 
Vertex 487 distance 36
0 509 113 57 487 
Vertex 488 distance 40
0 141 624 618 486 488 
Vertex 489 distance 49
0 509 625 30 159 181 489 
Vertex 490 distance 38
0 632 308 152 435 490 
Vertex 491 distance 40
0 60 229 216 491 
Vertex 492 distance 46
0 141 624 618 492 
Vertex 493 distance 26
0 141 520 400 493 
Vertex 494 distance 40
0 632 308 374 91 633 383 494 
Vertex 495 distance 34
0 509 625 429 173 325 217 204 495 
Vertex 496 distance 28
0 141 381 444 496 
Vertex 497 distance 41
0 60 229 467 99 227 129 497 
Vertex 498 distance 28
0 509 625 30 439 498 
Vertex 499 distance 34
0 141 520 191 541 499 
Vertex 500 distance 20
0 500 
Vertex 501 distance 32
0 141 381 501 
Vertex 502 distance 34
0 141 381 502 
Vertex 503 distance 33
0 509 625 211 503 
Vertex 504 distance 31
0 509 625 429 173 325 217 504 
Vertex 505 distance 26
0 141 520 191 505 
Vertex 506 distance 34
0 509 113 57 154 393 506 
Vertex 507 distance 41
0 141 520 400 519 187 528 226 407 507 
Vertex 508 distance 32
0 632 406 165 566 508 
Vertex 509 distance 8
0 509 
Vertex 510 distance 31
0 141 624 618 486 343 468 510 
Vertex 511 distance 29
0 141 624 618 448 511 
Vertex 512 distance 34
0 141 381 444 77 512 
Vertex 513 distance 36
0 141 469 600 589 513 
Vertex 514 distance 36
0 509 305 290 514 
Vertex 515 distance 36
0 500 200 53 515 
Vertex 516 distance 46
0 509 625 373 112 516 
Vertex 517 distance 26
0 500 517 
Vertex 518 distance 46
0 60 577 295 425 395 412 526 518 
Vertex 519 distance 23
0 141 520 400 519 
Vertex 520 distance 17
0 141 520 
Vertex 521 distance 39
0 632 308 152 435 282 521 
Vertex 522 distance 38
0 509 113 57 289 522 
Vertex 523 distance 38
0 141 520 400 519 187 528 226 455 210 523 
Vertex 524 distance 37
0 509 625 30 524 
Vertex 525 distance 18
0 141 525 
Vertex 526 distance 34
0 60 577 295 425 395 412 526 
Vertex 527 distance 37
0 509 625 373 74 350 527 
Vertex 528 distance 27
0 141 520 400 519 187 528 
Vertex 529 distance 55
0 141 520 340 348 530 586 357 529 
Vertex 530 distance 31
0 141 520 340 348 530 
Vertex 531 distance 31
0 632 406 165 597 189 237 166 531 
Vertex 532 distance 30
0 509 625 429 173 186 532 
Vertex 533 distance 27
0 632 308 374 91 633 533 
Vertex 534 distance 39
0 60 229 341 534 
Vertex 535 distance 35
0 632 406 165 27 28 417 535 
Vertex 536 distance 34
0 509 113 57 403 397 536 
Vertex 537 distance 42
0 509 625 373 74 537 
Vertex 538 distance 37
0 60 577 64 538 
Vertex 539 distance 29
0 60 577 295 635 539 
Vertex 540 distance 27
0 60 577 540 
Vertex 541 distance 25
0 141 520 191 541 
Vertex 542 distance 40
0 60 229 467 178 542 
Vertex 543 distance 36
0 60 229 467 99 227 543 
Vertex 544 distance 29
0 60 229 50 107 544 
Vertex 545 distance 43
0 141 520 191 541 314 617 93 545 
Vertex 546 distance 33
0 632 308 41 546 
Vertex 547 distance 32
0 509 625 429 173 325 547 
Vertex 548 distance 36
0 141 520 548 
Vertex 549 distance 39
0 632 406 165 597 189 237 315 480 466 549 
Vertex 550 distance 35
0 509 625 429 173 325 217 204 310 550 
Vertex 551 distance 41
0 141 520 400 519 187 528 226 551 
Vertex 552 distance 26
0 509 625 201 42 552 
Vertex 553 distance 44
0 500 517 553 
Vertex 554 distance 33
0 141 525 35 554 
Vertex 555 distance 27
0 632 406 165 27 28 144 555 
Vertex 556 distance 24
0 141 520 400 519 556 
Vertex 557 distance 26
0 632 308 557 
Vertex 558 distance 32
0 60 577 295 635 539 13 558 
Vertex 559 distance 32
0 632 46 622 559 
Vertex 560 distance 30
0 632 406 165 67 560 
Vertex 561 distance 31
0 632 308 374 142 265 561 
Vertex 562 distance 35
0 509 113 149 562 
Vertex 563 distance 32
0 632 392 563 
Vertex 564 distance 31
0 60 229 50 283 89 326 564 
Vertex 565 distance 19
0 141 624 565 
Vertex 566 distance 24
0 632 406 165 566 
Vertex 567 distance 36
0 509 625 201 385 274 567 
Vertex 568 distance 31
0 509 625 373 568 
Vertex 569 distance 32
0 141 520 321 616 569 
Vertex 570 distance 34
0 141 624 618 486 371 570 
Vertex 571 distance 43
0 141 520 400 519 187 528 226 407 571 
Vertex 572 distance 40
0 141 520 236 270 572 
Vertex 573 distance 42
0 632 308 374 142 573 
Vertex 574 distance 27
0 60 577 295 574 
Vertex 575 distance 33
0 632 308 152 457 575 
Vertex 576 distance 37
0 141 381 636 576 
Vertex 577 distance 23
0 60 577 
Vertex 578 distance 36
0 509 625 211 503 578 
Vertex 579 distance 41
0 141 520 400 519 187 528 69 146 579 
Vertex 580 distance 30
0 509 625 211 580 
Vertex 581 distance 29
0 509 625 373 346 361 581 
Vertex 582 distance 34
0 60 577 169 446 582 
Vertex 583 distance 33
0 632 583 
Vertex 584 distance 27
0 141 520 191 505 584 
Vertex 585 distance 40
0 509 113 57 403 378 585 
Vertex 586 distance 35
0 141 520 340 348 530 586 
Vertex 587 distance 33
0 632 392 301 587 
Vertex 588 distance 33
0 632 406 165 597 189 237 166 4 588 
Vertex 589 distance 35
0 141 469 600 589 
Vertex 590 distance 41
0 141 624 618 486 343 468 590 
Vertex 591 distance 27
0 60 229 467 591 
Vertex 592 distance 39
0 509 625 429 173 325 592 
Vertex 593 distance 36
0 632 406 165 27 28 593 
Vertex 594 distance 34
0 141 520 191 541 594 
Vertex 595 distance 34
0 632 176 375 595 
Vertex 596 distance 34
0 509 625 373 346 596 
Vertex 597 distance 20
0 632 406 165 597 
Vertex 598 distance 27
0 632 406 165 27 28 598 
Vertex 599 distance 30
0 632 308 152 435 599 
Vertex 600 distance 27
0 141 469 600 
Vertex 601 distance 35
0 632 308 374 142 265 388 82 601 
Vertex 602 distance 34
0 632 406 165 566 309 602 
Vertex 603 distance 34
0 509 625 373 175 434 298 603 
Vertex 604 distance 39
0 141 520 400 519 187 528 604 
Vertex 605 distance 44
0 60 229 50 283 413 605 
Vertex 606 distance 59
0 60 577 295 635 539 155 606 
Vertex 607 distance 28
0 60 577 295 574 607 
Vertex 608 distance 23
0 509 625 429 608 
Vertex 609 distance 27
0 60 229 609 
Vertex 610 distance 37
0 632 308 374 142 265 388 82 411 610 
Vertex 611 distance 37
0 141 520 321 616 569 611 
Vertex 612 distance 32
0 141 624 615 612 
Vertex 613 distance 36
0 509 625 30 159 613 
Vertex 614 distance 38
0 141 520 321 616 614 
Vertex 615 distance 15
0 141 624 615 
Vertex 616 distance 22
0 141 520 321 616 
Vertex 617 distance 29
0 141 520 191 541 314 617 
Vertex 618 distance 15
0 141 624 618 
Vertex 619 distance 35
0 509 625 368 421 619 
Vertex 620 distance 36
0 509 625 373 175 434 298 278 328 620 
Vertex 621 distance 42
0 509 113 128 621 
Vertex 622 distance 29
0 632 46 622 
Vertex 623 distance 32
0 141 381 444 17 623 
Vertex 624 distance 14
0 141 624 
Vertex 625 distance 9
0 509 625 
Vertex 626 distance 34
0 632 406 165 597 626 
Vertex 627 distance 39
0 632 308 374 190 627 
Vertex 628 distance 32
0 632 308 195 628 
Vertex 629 distance 29
0 632 392 301 629 
Vertex 630 distance 35
0 509 625 30 445 630 
Vertex 631 distance 32
0 509 113 57 275 8 302 631 
Vertex 632 distance 8
0 632 
Vertex 633 distance 26
0 632 308 374 91 633 
Vertex 634 distance 38
0 509 405 268 479 634 
Vertex 635 distance 26
0 60 577 295 635 
Vertex 636 distance 25
0 141 381 636 
Vertex 637 distance 34
0 632 406 165 597 189 237 166 4 637 
Vertex 638 distance 29
0 632 406 165 597 638 
Vertex 639 distance 32
0 60 229 50 277 639 
