Vertex 0 distance 0
0 0 
Vertex 1 distance 23
0 95 210 47 452 635 117 49 528 1 
Vertex 2 distance 27
0 38 338 2 
Vertex 3 distance 26
0 95 558 485 165 3 
Vertex 4 distance 23
0 95 558 145 491 569 12 331 4 
Vertex 5 distance 34
0 38 282 447 121 5 
Vertex 6 distance 34
0 95 210 139 463 639 497 21 6 
Vertex 7 distance 30
0 177 7 
Vertex 8 distance 22
0 95 210 139 463 461 368 450 8 
Vertex 9 distance 31
0 95 558 145 191 260 9 
Vertex 10 distance 28
0 95 558 290 462 571 362 10 
Vertex 11 distance 20
0 95 210 47 452 11 
Vertex 12 distance 15
0 95 558 145 491 569 12 
Vertex 13 distance 23
0 95 210 544 13 
Vertex 14 distance 32
0 95 14 
Vertex 15 distance 24
0 95 558 280 244 440 15 
Vertex 16 distance 25
0 95 558 145 491 569 16 
Vertex 17 distance 33
0 95 534 329 492 17 
Vertex 18 distance 23
0 95 558 18 
Vertex 19 distance 22
0 95 534 151 552 19 
Vertex 20 distance 26
0 512 61 20 
Vertex 21 distance 28
0 95 210 139 463 639 497 21 
Vertex 22 distance 30
0 38 282 33 22 
Vertex 23 distance 19
0 95 210 139 463 639 219 23 
Vertex 24 distance 34
0 95 210 139 463 390 346 402 24 
Vertex 25 distance 25
0 512 25 
Vertex 26 distance 19
0 95 534 329 233 26 
Vertex 27 distance 37
0 95 197 212 267 27 
Vertex 28 distance 35
0 95 210 139 393 28 
Vertex 29 distance 37
0 95 558 485 165 464 29 
Vertex 30 distance 33
0 95 534 151 78 271 30 
Vertex 31 distance 34
0 95 210 47 452 635 31 
Vertex 32 distance 33
0 95 558 280 291 483 32 
Vertex 33 distance 23
0 38 282 33 
Vertex 34 distance 27
0 95 210 139 166 478 34 
Vertex 35 distance 26
0 95 210 139 393 506 479 129 35 
Vertex 36 distance 37
0 95 210 47 623 486 36 
Vertex 37 distance 27
0 95 210 139 37 
Vertex 38 distance 15
0 38 
Vertex 39 distance 30
0 95 210 139 166 44 590 39 
Vertex 40 distance 26
0 95 210 139 572 498 431 40 
Vertex 41 distance 38
0 109 413 188 135 41 
Vertex 42 distance 51
0 95 534 505 42 
Vertex 43 distance 33
0 95 210 47 452 635 117 49 528 1 435 43 
Vertex 44 distance 22
0 95 210 139 166 44 
Vertex 45 distance 29
0 95 210 139 393 45 
Vertex 46 distance 30
0 95 558 145 491 569 12 331 131 46 
Vertex 47 distance 12
0 95 210 47 
Vertex 48 distance 34
0 95 210 489 199 71 48 
Vertex 49 distance 21
0 95 210 47 452 635 117 49 
Vertex 50 distance 30
0 95 534 329 233 26 50 
Vertex 51 distance 25
0 109 413 617 51 
Vertex 52 distance 32
0 95 210 139 572 441 387 52 
Vertex 53 distance 13
0 109 53 
Vertex 54 distance 29
0 95 210 139 463 390 540 54 
Vertex 55 distance 17
0 95 210 139 463 639 55 
Vertex 56 distance 26
0 95 558 280 301 317 276 399 57 56 
Vertex 57 distance 25
0 95 558 280 301 317 276 399 57 
Vertex 58 distance 45
0 95 558 145 491 569 517 589 58 
Vertex 59 distance 22
0 95 210 139 572 441 59 
Vertex 60 distance 26
0 95 534 151 90 60 
Vertex 61 distance 23
0 512 61 
Vertex 62 distance 33
0 512 194 186 140 62 
Vertex 63 distance 21
0 95 534 309 63 
Vertex 64 distance 36
0 95 197 299 365 396 64 
Vertex 65 distance 37
0 95 534 151 449 143 65 
Vertex 66 distance 37
0 95 558 290 462 285 168 524 66 
Vertex 67 distance 21
0 95 534 67 
Vertex 68 distance 25
0 95 534 329 233 538 68 
Vertex 69 distance 28
0 95 210 139 463 639 219 23 249 69 
Vertex 70 distance 29
0 95 534 151 358 70 
Vertex 71 distance 25
0 95 210 489 199 71 
Vertex 72 distance 29
0 95 558 290 342 72 
Vertex 73 distance 31
0 95 534 551 500 73 
Vertex 74 distance 35
0 95 210 139 463 390 540 84 74 
Vertex 75 distance 22
0 95 558 145 491 569 12 75 
Vertex 76 distance 47
0 95 558 280 301 317 126 76 
Vertex 77 distance 27
0 512 535 77 
Vertex 78 distance 17
0 95 534 151 78 
Vertex 79 distance 27
0 38 282 447 550 152 79 
Vertex 80 distance 33
0 95 210 47 452 153 80 
Vertex 81 distance 22
0 95 534 329 91 509 81 
Vertex 82 distance 21
0 109 53 82 
Vertex 83 distance 29
0 95 210 544 428 163 83 
Vertex 84 distance 31
0 95 210 139 463 390 540 84 
Vertex 85 distance 36
0 95 210 139 572 498 630 85 
Vertex 86 distance 25
0 95 210 139 463 639 219 86 
Vertex 87 distance 25
0 95 210 139 463 461 368 520 87 
Vertex 88 distance 34
0 38 282 447 88 
Vertex 89 distance 30
0 95 534 621 89 
Vertex 90 distance 22
0 95 534 151 90 
Vertex 91 distance 18
0 95 534 329 91 
Vertex 92 distance 20
0 95 534 329 92 
Vertex 93 distance 26
0 95 210 139 393 506 93 
Vertex 94 distance 26
0 109 240 94 
Vertex 95 distance 1
0 95 
Vertex 96 distance 26
0 95 534 329 233 96 
Vertex 97 distance 44
0 95 558 145 191 260 157 352 253 97 
Vertex 98 distance 28
0 95 210 139 463 639 219 132 98 
Vertex 99 distance 33
0 512 535 99 
Vertex 100 distance 29
0 95 210 139 463 639 55 633 100 
Vertex 101 distance 37
0 95 210 47 452 615 101 
Vertex 102 distance 38
0 95 210 544 102 
Vertex 103 distance 46
0 95 210 489 199 178 103 
Vertex 104 distance 13
0 95 210 139 572 104 
Vertex 105 distance 31
0 95 534 621 562 105 
Vertex 106 distance 37
0 95 534 329 233 538 127 106 
Vertex 107 distance 44
0 95 558 145 191 260 107 
Vertex 108 distance 25
0 95 534 151 358 108 
Vertex 109 distance 12
0 109 
Vertex 110 distance 43
0 512 194 186 140 110 
Vertex 111 distance 35
0 225 111 
Vertex 112 distance 36
0 95 534 551 112 
Vertex 113 distance 27
0 95 558 280 301 600 422 213 113 
Vertex 114 distance 24
0 95 534 329 92 114 
Vertex 115 distance 35
0 95 210 139 572 498 525 302 115 
Vertex 116 distance 30
0 109 413 275 160 116 
Vertex 117 distance 20
0 95 210 47 452 635 117 
Vertex 118 distance 36
0 512 194 274 118 
Vertex 119 distance 38
0 95 210 489 119 
Vertex 120 distance 42
0 95 210 47 452 423 120 
Vertex 121 distance 24
0 38 282 447 121 
Vertex 122 distance 28
0 95 534 329 233 26 411 122 
Vertex 123 distance 21
0 95 210 139 463 639 219 23 123 
Vertex 124 distance 29
0 109 413 275 160 231 124 
Vertex 125 distance 33
0 95 558 145 191 260 157 577 125 
Vertex 126 distance 25
0 95 558 280 301 317 126 
Vertex 127 distance 23
0 95 534 329 233 538 127 
Vertex 128 distance 26
0 95 197 299 204 300 591 128 
Vertex 129 distance 23
0 95 210 139 393 506 479 129 
Vertex 130 distance 22
0 95 210 139 166 478 542 130 
Vertex 131 distance 24
0 95 558 145 491 569 12 331 131 
Vertex 132 distance 21
0 95 210 139 463 639 219 132 
Vertex 133 distance 23
0 95 210 139 166 478 542 133 
Vertex 134 distance 34
0 95 534 505 221 348 134 
Vertex 135 distance 22
0 109 413 188 135 
Vertex 136 distance 26
0 95 534 329 233 538 68 136 
Vertex 137 distance 39
0 95 558 145 491 569 12 75 608 137 
Vertex 138 distance 23
0 109 53 138 
Vertex 139 distance 9
0 95 210 139 
Vertex 140 distance 24
0 512 194 186 140 
Vertex 141 distance 29
0 95 558 290 503 468 141 
Vertex 142 distance 26
0 109 413 170 142 
Vertex 143 distance 25
0 95 534 151 449 143 
Vertex 144 distance 30
0 512 194 274 144 
Vertex 145 distance 10
0 95 558 145 
Vertex 146 distance 34
0 95 210 139 393 506 479 597 146 
Vertex 147 distance 32
0 95 558 145 191 260 9 147 
Vertex 148 distance 34
0 95 534 505 148 
Vertex 149 distance 36
0 38 282 447 88 149 
Vertex 150 distance 24
0 95 558 485 165 454 220 150 
Vertex 151 distance 7
0 95 534 151 
Vertex 152 distance 20
0 38 282 447 550 152 
Vertex 153 distance 24
0 95 210 47 452 153 
Vertex 154 distance 26
0 95 210 139 463 639 219 132 154 
Vertex 155 distance 26
0 95 210 139 463 390 155 
Vertex 156 distance 30
0 95 534 309 366 514 156 
Vertex 157 distance 20
0 95 558 145 191 260 157 
Vertex 158 distance 25
0 95 210 139 572 179 158 
Vertex 159 distance 28
0 95 210 47 452 153 159 
Vertex 160 distance 16
0 109 413 275 160 
Vertex 161 distance 36
0 95 210 139 463 639 219 132 161 
Vertex 162 distance 29
0 95 558 145 491 569 162 
Vertex 163 distance 23
0 95 210 544 428 163 
Vertex 164 distance 28
0 109 413 617 570 164 
Vertex 165 distance 17
0 95 558 485 165 
Vertex 166 distance 11
0 95 210 139 166 
Vertex 167 distance 36
0 95 558 280 301 600 385 167 
Vertex 168 distance 25
0 95 558 290 462 285 168 
Vertex 169 distance 18
0 95 210 139 572 169 
Vertex 170 distance 17
0 109 413 170 
Vertex 171 distance 18
0 95 210 139 572 498 525 171 
Vertex 172 distance 22
0 95 534 151 78 226 172 
Vertex 173 distance 29
0 95 197 299 365 173 
Vertex 174 distance 43
0 95 534 151 78 271 303 174 
Vertex 175 distance 25
0 95 534 621 442 175 
Vertex 176 distance 24
0 95 558 145 176 
Vertex 177 distance 27
0 177 
Vertex 178 distance 29
0 95 210 489 199 178 
Vertex 179 distance 19
0 95 210 139 572 179 
Vertex 180 distance 23
0 95 197 180 
Vertex 181 distance 36
0 95 197 299 495 181 
Vertex 182 distance 32
0 95 534 505 536 182 
Vertex 183 distance 26
0 95 534 329 91 509 81 183 
Vertex 184 distance 29
0 95 210 139 463 639 219 132 154 184 
Vertex 185 distance 39
0 95 210 139 463 390 346 402 185 
Vertex 186 distance 23
0 512 194 186 
Vertex 187 distance 26
0 95 210 139 572 498 525 171 187 
Vertex 188 distance 21
0 109 413 188 
Vertex 189 distance 30
0 95 210 139 463 461 368 520 87 189 
Vertex 190 distance 33
0 95 534 151 78 226 172 190 
Vertex 191 distance 13
0 95 558 145 191 
Vertex 192 distance 16
0 95 558 145 491 569 192 
Vertex 193 distance 34
0 177 7 193 
Vertex 194 distance 20
0 512 194 
Vertex 195 distance 28
0 95 210 139 463 639 219 132 195 
Vertex 196 distance 36
0 95 210 139 166 44 196 
Vertex 197 distance 6
0 95 197 
Vertex 198 distance 32
0 95 197 299 204 300 591 128 198 
Vertex 199 distance 19
0 95 210 489 199 
Vertex 200 distance 33
0 95 210 139 463 639 219 86 200 
Vertex 201 distance 24
0 95 210 139 572 169 201 
Vertex 202 distance 33
0 95 534 329 91 202 
Vertex 203 distance 25
0 512 269 203 
Vertex 204 distance 12
0 95 197 299 204 
Vertex 205 distance 34
0 95 210 139 463 461 368 520 87 205 
Vertex 206 distance 23
0 95 558 145 206 
Vertex 207 distance 25
0 95 558 485 165 454 220 150 207 
Vertex 208 distance 25
0 95 378 325 208 
Vertex 209 distance 25
0 95 534 151 78 226 172 278 209 
Vertex 210 distance 5
0 95 210 
Vertex 211 distance 48
0 95 558 145 191 410 211 
Vertex 212 distance 10
0 95 197 212 
Vertex 213 distance 25
0 95 558 280 301 600 422 213 
Vertex 214 distance 39
0 95 210 139 572 498 525 171 214 
Vertex 215 distance 40
0 38 282 447 121 5 215 
Vertex 216 distance 28
0 95 210 489 370 216 
Vertex 217 distance 32
0 95 210 139 166 478 34 217 
Vertex 218 distance 25
0 95 558 280 301 317 276 218 
Vertex 219 distance 18
0 95 210 139 463 639 219 
Vertex 220 distance 23
0 95 558 485 165 454 220 
Vertex 221 distance 27
0 95 534 505 221 
Vertex 222 distance 32
0 95 534 151 78 226 323 222 
Vertex 223 distance 30
0 109 413 275 369 223 
Vertex 224 distance 23
0 95 558 280 291 483 224 
Vertex 225 distance 15
0 225 
Vertex 226 distance 20
0 95 534 151 78 226 
Vertex 227 distance 34
0 95 580 297 227 
Vertex 228 distance 34
0 95 210 47 623 486 228 
Vertex 229 distance 30
0 95 197 212 229 
Vertex 230 distance 31
0 95 210 139 463 639 219 132 230 
Vertex 231 distance 19
0 109 413 275 160 231 
Vertex 232 distance 26
0 95 558 18 232 
Vertex 233 distance 8
0 95 534 329 233 
Vertex 234 distance 24
0 95 210 139 463 461 368 450 8 234 
Vertex 235 distance 38
0 95 534 309 366 514 235 
Vertex 236 distance 39
0 95 558 485 165 3 549 594 236 
Vertex 237 distance 39
0 95 558 145 191 260 9 147 237 
Vertex 238 distance 29
0 95 210 489 199 238 
Vertex 239 distance 22
0 109 413 617 570 239 
Vertex 240 distance 20
0 109 240 
Vertex 241 distance 16
0 95 558 241 
Vertex 242 distance 23
0 95 210 47 242 
Vertex 243 distance 49
0 95 558 280 301 600 385 361 243 
Vertex 244 distance 20
0 95 558 280 244 
Vertex 245 distance 35
0 95 210 47 452 11 567 245 
Vertex 246 distance 26
0 109 413 275 320 246 
Vertex 247 distance 21
0 95 558 290 462 247 
Vertex 248 distance 28
0 95 210 47 606 350 248 
Vertex 249 distance 26
0 95 210 139 463 639 219 23 249 
Vertex 250 distance 35
0 95 558 280 291 483 32 250 
Vertex 251 distance 26
0 95 210 139 572 498 525 171 251 
Vertex 252 distance 29
0 95 580 252 
Vertex 253 distance 30
0 95 558 145 191 260 157 352 253 
Vertex 254 distance 33
0 95 558 485 165 464 254 
Vertex 255 distance 18
0 38 282 255 
Vertex 256 distance 24
0 95 558 18 256 
Vertex 257 distance 29
0 95 210 47 242 257 
Vertex 258 distance 28
0 95 210 544 428 163 258 
Vertex 259 distance 29
0 95 210 259 
Vertex 260 distance 19
0 95 558 145 191 260 
Vertex 261 distance 34
0 95 210 139 463 639 219 23 123 261 
Vertex 262 distance 30
0 95 534 329 233 538 68 136 262 
Vertex 263 distance 22
0 95 534 329 233 538 263 
Vertex 264 distance 28
0 95 534 621 264 
Vertex 265 distance 32
0 95 534 151 358 532 265 
Vertex 266 distance 25
0 95 210 266 
Vertex 267 distance 32
0 95 197 212 267 
Vertex 268 distance 31
0 95 534 329 233 26 411 122 268 
Vertex 269 distance 21
0 512 269 
Vertex 270 distance 32
0 38 282 270 
Vertex 271 distance 24
0 95 534 151 78 271 
Vertex 272 distance 43
0 95 197 212 513 272 
Vertex 273 distance 33
0 95 210 47 452 11 567 417 522 273 
Vertex 274 distance 26
0 512 194 274 
Vertex 275 distance 14
0 109 413 275 
Vertex 276 distance 23
0 95 558 280 301 317 276 
Vertex 277 distance 11
0 95 558 290 462 277 
Vertex 278 distance 24
0 95 534 151 78 226 172 278 
Vertex 279 distance 30
0 559 279 
Vertex 280 distance 14
0 95 558 280 
Vertex 281 distance 36
0 95 534 151 78 226 172 278 209 281 
Vertex 282 distance 17
0 38 282 
Vertex 283 distance 30
0 95 210 139 572 441 59 283 
Vertex 284 distance 30
0 109 413 275 369 310 284 
Vertex 285 distance 15
0 95 558 290 462 285 
Vertex 286 distance 26
0 95 210 139 463 386 286 
Vertex 287 distance 18
0 95 534 151 78 287 
Vertex 288 distance 34
0 95 534 151 358 532 265 288 
Vertex 289 distance 23
0 38 282 447 289 
Vertex 290 distance 7
0 95 558 290 
Vertex 291 distance 19
0 95 558 280 291 
Vertex 292 distance 40
0 95 534 505 292 
Vertex 293 distance 36
0 95 210 544 293 
Vertex 294 distance 32
0 95 210 139 393 506 479 530 294 
Vertex 295 distance 27
0 95 210 139 463 461 295 
Vertex 296 distance 28
0 95 534 151 449 143 296 
Vertex 297 distance 27
0 95 580 297 
Vertex 298 distance 28
0 95 558 485 165 298 
Vertex 299 distance 8
0 95 197 299 
Vertex 300 distance 24
0 95 197 299 204 300 
Vertex 301 distance 15
0 95 558 280 301 
Vertex 302 distance 32
0 95 210 139 572 498 525 302 
Vertex 303 distance 26
0 95 534 151 78 271 303 
Vertex 304 distance 28
0 95 210 139 463 639 219 23 123 304 
Vertex 305 distance 33
0 95 534 67 305 
Vertex 306 distance 28
0 109 413 188 306 
Vertex 307 distance 27
0 95 378 325 208 307 
Vertex 308 distance 29
0 95 534 329 91 308 
Vertex 309 distance 17
0 95 534 309 
Vertex 310 distance 29
0 109 413 275 369 310 
Vertex 311 distance 29
0 95 210 47 242 311 
Vertex 312 distance 29
0 95 558 290 462 285 168 312 
Vertex 313 distance 24
0 95 534 309 336 313 
Vertex 314 distance 28
0 95 558 145 491 569 12 470 314 
Vertex 315 distance 28
0 109 413 617 315 
Vertex 316 distance 26
0 95 210 139 166 478 316 
Vertex 317 distance 19
0 95 558 280 301 317 
Vertex 318 distance 33
0 95 197 299 365 613 561 318 
Vertex 319 distance 35
0 38 282 270 319 
Vertex 320 distance 16
0 109 413 275 320 
Vertex 321 distance 27
0 95 210 47 452 321 
Vertex 322 distance 31
0 95 210 47 452 153 159 322 
Vertex 323 distance 21
0 95 534 151 78 226 323 
Vertex 324 distance 30
0 95 534 551 500 610 324 
Vertex 325 distance 17
0 95 378 325 
Vertex 326 distance 38
0 512 380 326 
Vertex 327 distance 26
0 512 25 327 
Vertex 328 distance 38
0 95 558 280 301 317 276 399 328 
Vertex 329 distance 4
0 95 534 329 
Vertex 330 distance 25
0 95 558 145 491 569 12 75 330 
Vertex 331 distance 18
0 95 558 145 491 569 12 331 
Vertex 332 distance 42
0 95 558 280 301 600 332 
Vertex 333 distance 26
0 95 558 280 301 600 333 
Vertex 334 distance 39
0 95 558 290 334 
Vertex 335 distance 28
0 95 558 145 491 569 192 335 
Vertex 336 distance 19
0 95 534 309 336 
Vertex 337 distance 20
0 95 197 212 409 337 
Vertex 338 distance 19
0 38 338 
Vertex 339 distance 37
0 95 210 139 572 169 339 
Vertex 340 distance 19
0 95 197 299 340 
Vertex 341 distance 30
0 95 534 551 500 351 341 
Vertex 342 distance 28
0 95 558 290 342 
Vertex 343 distance 29
0 95 210 139 463 639 375 343 
Vertex 344 distance 33
0 95 210 47 452 635 117 49 344 
Vertex 345 distance 32
0 95 210 489 370 345 
Vertex 346 distance 19
0 95 210 139 463 390 346 
Vertex 347 distance 20
0 95 558 485 347 
Vertex 348 distance 29
0 95 534 505 221 348 
Vertex 349 distance 31
0 95 210 489 349 
Vertex 350 distance 27
0 95 210 47 606 350 
Vertex 351 distance 27
0 95 534 551 500 351 
Vertex 352 distance 28
0 95 558 145 191 260 157 352 
Vertex 353 distance 32
0 95 534 505 221 353 
Vertex 354 distance 33
0 109 413 275 369 310 284 354 
Vertex 355 distance 27
0 512 535 355 
Vertex 356 distance 36
0 95 558 145 491 569 12 331 4 605 436 356 
Vertex 357 distance 29
0 95 558 145 491 569 12 331 371 563 357 
Vertex 358 distance 24
0 95 534 151 358 
Vertex 359 distance 31
0 95 534 329 233 26 411 122 359 
Vertex 360 distance 27
0 95 558 145 491 569 12 360 
Vertex 361 distance 25
0 95 558 280 301 600 385 361 
Vertex 362 distance 24
0 95 558 290 462 571 362 
Vertex 363 distance 26
0 95 210 139 393 363 
Vertex 364 distance 31
0 95 210 47 452 11 567 417 527 364 
Vertex 365 distance 18
0 95 197 299 365 
Vertex 366 distance 23
0 95 534 309 366 
Vertex 367 distance 29
0 95 534 329 492 472 367 
Vertex 368 distance 18
0 95 210 139 463 461 368 
Vertex 369 distance 20
0 109 413 275 369 
Vertex 370 distance 25
0 95 210 489 370 
Vertex 371 distance 27
0 95 558 145 491 569 12 331 371 
Vertex 372 distance 28
0 109 413 188 135 372 
Vertex 373 distance 46
0 95 210 139 166 44 196 373 
Vertex 374 distance 29
0 95 534 329 374 
Vertex 375 distance 23
0 95 210 139 463 639 375 
Vertex 376 distance 27
0 95 534 151 78 226 323 412 434 376 
Vertex 377 distance 33
0 95 558 18 377 
Vertex 378 distance 5
0 95 378 
Vertex 379 distance 26
0 95 197 299 379 
Vertex 380 distance 21
0 512 380 
Vertex 381 distance 33
0 95 558 280 301 600 603 381 
Vertex 382 distance 28
0 95 210 47 606 382 
Vertex 383 distance 34
0 95 197 299 379 383 
Vertex 384 distance 31
0 95 210 47 606 350 248 384 
Vertex 385 distance 24
0 95 558 280 301 600 385 
Vertex 386 distance 22
0 95 210 139 463 386 
Vertex 387 distance 22
0 95 210 139 572 441 387 
Vertex 388 distance 23
0 95 197 299 365 388 
Vertex 389 distance 31
0 95 534 329 233 96 389 
Vertex 390 distance 18
0 95 210 139 463 390 
Vertex 391 distance 32
0 95 558 145 176 391 
Vertex 392 distance 27
0 95 378 392 
Vertex 393 distance 16
0 95 210 139 393 
Vertex 394 distance 28
0 95 210 139 463 639 55 394 
Vertex 395 distance 40
0 95 210 47 452 635 117 395 
Vertex 396 distance 19
0 95 197 299 365 396 
Vertex 397 distance 35
0 95 534 329 397 
Vertex 398 distance 24
0 95 558 145 491 569 12 75 398 
Vertex 399 distance 24
0 95 558 280 301 317 276 399 
Vertex 400 distance 34
0 95 378 325 208 307 400 
Vertex 401 distance 34
0 95 558 280 301 317 276 399 57 56 401 
Vertex 402 distance 26
0 95 210 139 463 390 346 402 
Vertex 403 distance 47
0 95 210 47 403 
Vertex 404 distance 30
0 38 282 404 
Vertex 405 distance 30
0 95 558 241 405 
Vertex 406 distance 21
0 95 580 446 406 
Vertex 407 distance 31
0 95 210 139 463 407 
Vertex 408 distance 22
0 95 210 139 166 478 408 
Vertex 409 distance 19
0 95 197 212 409 
Vertex 410 distance 28
0 95 558 145 191 410 
Vertex 411 distance 26
0 95 534 329 233 26 411 
Vertex 412 distance 23
0 95 534 151 78 226 323 412 
Vertex 413 distance 13
0 109 413 
Vertex 414 distance 55
0 95 197 212 229 543 414 
Vertex 415 distance 33
0 38 282 404 415 
Vertex 416 distance 31
0 95 210 416 
Vertex 417 distance 25
0 95 210 47 452 11 567 417 
Vertex 418 distance 47
0 95 418 
Vertex 419 distance 29
0 109 413 617 570 239 619 419 
Vertex 420 distance 32
0 95 558 280 301 600 422 213 113 455 420 
Vertex 421 distance 43
0 95 210 139 463 639 219 86 200 421 
Vertex 422 distance 24
0 95 558 280 301 600 422 
Vertex 423 distance 29
0 95 210 47 452 423 
Vertex 424 distance 27
0 95 210 139 463 639 424 
Vertex 425 distance 24
0 95 558 145 491 569 425 
Vertex 426 distance 14
0 95 534 329 426 
Vertex 427 distance 29
0 95 210 139 37 427 
Vertex 428 distance 22
0 95 210 544 428 
Vertex 429 distance 43
0 95 210 139 463 390 346 402 24 429 
Vertex 430 distance 26
0 95 210 47 452 11 567 417 430 
Vertex 431 distance 23
0 95 210 139 572 498 431 
Vertex 432 distance 31
0 95 210 139 463 432 
Vertex 433 distance 52
0 95 534 329 233 433 
Vertex 434 distance 24
0 95 534 151 78 226 323 412 434 
Vertex 435 distance 24
0 95 210 47 452 635 117 49 528 1 435 
Vertex 436 distance 29
0 95 558 145 491 569 12 331 4 605 436 
Vertex 437 distance 37
0 38 282 404 437 
Vertex 438 distance 19
0 95 210 139 463 438 
Vertex 439 distance 39
0 95 197 299 439 
Vertex 440 distance 22
0 95 558 280 244 440 
Vertex 441 distance 19
0 95 210 139 572 441 
Vertex 442 distance 21
0 95 534 621 442 
Vertex 443 distance 17
0 95 534 443 
Vertex 444 distance 25
0 95 210 139 572 179 444 
Vertex 445 distance 30
0 95 197 299 204 300 445 
Vertex 446 distance 20
0 95 580 446 
Vertex 447 distance 18
0 38 282 447 
Vertex 448 distance 29
0 95 210 47 606 350 448 
Vertex 449 distance 21
0 95 534 151 449 
Vertex 450 distance 19
0 95 210 139 463 461 368 450 
Vertex 451 distance 29
0 95 534 329 426 451 
Vertex 452 distance 15
0 95 210 47 452 
Vertex 453 distance 31
0 38 282 447 550 152 79 453 
Vertex 454 distance 18
0 95 558 485 165 454 
Vertex 455 distance 28
0 95 558 280 301 600 422 213 113 455 
Vertex 456 distance 27
0 109 53 82 456 
Vertex 457 distance 19
0 95 558 280 301 457 
Vertex 458 distance 25
0 95 534 329 426 458 
Vertex 459 distance 30
0 95 558 145 491 569 192 335 459 
Vertex 460 distance 27
0 95 210 47 452 635 117 49 528 1 435 460 
Vertex 461 distance 15
0 95 210 139 463 461 
Vertex 462 distance 8
0 95 558 290 462 
Vertex 463 distance 10
0 95 210 139 463 
Vertex 464 distance 27
0 95 558 485 165 464 
Vertex 465 distance 31
0 95 197 299 495 465 
Vertex 466 distance 33
0 95 534 151 90 60 466 
Vertex 467 distance 36
0 95 534 309 336 467 
Vertex 468 distance 26
0 95 558 290 503 468 
Vertex 469 distance 24
0 109 413 617 570 469 
Vertex 470 distance 26
0 95 558 145 491 569 12 470 
Vertex 471 distance 33
0 95 534 309 366 514 156 471 
Vertex 472 distance 27
0 95 534 329 492 472 
Vertex 473 distance 31
0 95 210 139 463 461 368 520 557 473 
Vertex 474 distance 29
0 95 558 145 491 569 12 75 474 
Vertex 475 distance 24
0 95 558 485 165 454 508 475 
Vertex 476 distance 25
0 95 210 139 463 390 346 476 
Vertex 477 distance 34
0 95 580 252 477 
Vertex 478 distance 18
0 95 210 139 166 478 
Vertex 479 distance 18
0 95 210 139 393 506 479 
Vertex 480 distance 31
0 95 210 139 37 533 480 
Vertex 481 distance 28
0 95 558 145 491 569 12 75 398 481 
Vertex 482 distance 25
0 95 197 212 409 337 482 
Vertex 483 distance 20
0 95 558 280 291 483 
Vertex 484 distance 27
0 95 558 145 484 
Vertex 485 distance 9
0 95 558 485 
Vertex 486 distance 26
0 95 210 47 623 486 
Vertex 487 distance 31
0 95 558 145 491 569 425 487 
Vertex 488 distance 19
0 38 282 255 488 
Vertex 489 distance 17
0 95 210 489 
Vertex 490 distance 36
0 95 197 212 409 337 529 490 
Vertex 491 distance 11
0 95 558 145 491 
Vertex 492 distance 20
0 95 534 329 492 
Vertex 493 distance 29
0 95 558 18 232 493 
Vertex 494 distance 35
0 95 558 145 491 569 12 470 314 494 
Vertex 495 distance 27
0 95 197 299 495 
Vertex 496 distance 30
0 38 496 
Vertex 497 distance 25
0 95 210 139 463 639 497 
Vertex 498 distance 15
0 95 210 139 572 498 
Vertex 499 distance 26
0 109 413 170 499 
Vertex 500 distance 25
0 95 534 551 500 
Vertex 501 distance 42
0 109 413 617 570 239 619 419 501 
Vertex 502 distance 26
0 95 210 47 452 11 502 
Vertex 503 distance 20
0 95 558 290 503 
Vertex 504 distance 32
0 38 282 504 
Vertex 505 distance 19
0 95 534 505 
Vertex 506 distance 17
0 95 210 139 393 506 
Vertex 507 distance 27
0 95 210 139 463 390 540 507 
Vertex 508 distance 22
0 95 558 485 165 454 508 
Vertex 509 distance 21
0 95 534 329 91 509 
Vertex 510 distance 37
0 95 210 489 349 510 
Vertex 511 distance 33
0 95 534 329 511 
Vertex 512 distance 18
0 512 
Vertex 513 distance 18
0 95 197 212 513 
Vertex 514 distance 25
0 95 534 309 366 514 
Vertex 515 distance 24
0 109 53 82 515 
Vertex 516 distance 35
0 95 558 290 588 516 
Vertex 517 distance 22
0 95 558 145 491 569 517 
Vertex 518 distance 33
0 95 558 290 462 571 362 518 
Vertex 519 distance 26
0 95 534 151 78 519 
Vertex 520 distance 21
0 95 210 139 463 461 368 520 
Vertex 521 distance 25
0 95 210 139 572 441 521 
Vertex 522 distance 29
0 95 210 47 452 11 567 417 522 
Vertex 523 distance 29
0 95 210 544 428 523 
Vertex 524 distance 32
0 95 558 290 462 285 168 524 
Vertex 525 distance 17
0 95 210 139 572 498 525 
Vertex 526 distance 26
0 109 240 526 
Vertex 527 distance 27
0 95 210 47 452 11 567 417 527 
Vertex 528 distance 22
0 95 210 47 452 635 117 49 528 
Vertex 529 distance 25
0 95 197 212 409 337 529 
Vertex 530 distance 28
0 95 210 139 393 506 479 530 
Vertex 531 distance 26
0 95 210 139 463 531 
Vertex 532 distance 27
0 95 534 151 358 532 
Vertex 533 distance 30
0 95 210 139 37 533 
Vertex 534 distance 3
0 95 534 
Vertex 535 distance 23
0 512 535 
Vertex 536 distance 28
0 95 534 505 536 
Vertex 537 distance 33
0 95 197 299 495 537 
Vertex 538 distance 19
0 95 534 329 233 538 
Vertex 539 distance 27
0 95 210 139 572 498 525 171 539 
Vertex 540 distance 21
0 95 210 139 463 390 540 
Vertex 541 distance 35
0 95 534 151 78 226 323 412 434 541 
Vertex 542 distance 21
0 95 210 139 166 478 542 
Vertex 543 distance 36
0 95 197 212 229 543 
Vertex 544 distance 13
0 95 210 544 
Vertex 545 distance 34
0 95 210 139 37 533 545 
Vertex 546 distance 42
0 95 210 139 463 386 546 
Vertex 547 distance 31
0 109 413 275 160 116 547 
Vertex 548 distance 53
0 95 210 47 452 635 117 548 
Vertex 549 distance 28
0 95 558 485 165 3 549 
Vertex 550 distance 19
0 38 282 447 550 
Vertex 551 distance 4
0 95 534 551 
Vertex 552 distance 19
0 95 534 151 552 
Vertex 553 distance 30
0 38 282 255 553 
Vertex 554 distance 30
0 225 554 
Vertex 555 distance 31
0 95 197 555 
Vertex 556 distance 29
0 95 558 485 165 454 556 
Vertex 557 distance 25
0 95 210 139 463 461 368 520 557 
Vertex 558 distance 5
0 95 558 
Vertex 559 distance 28
0 559 
Vertex 560 distance 31
0 95 558 145 491 569 12 470 314 560 
Vertex 561 distance 21
0 95 197 299 365 613 561 
Vertex 562 distance 30
0 95 534 621 562 
Vertex 563 distance 28
0 95 558 145 491 569 12 331 371 563 
Vertex 564 distance 28
0 95 210 139 463 639 638 564 
Vertex 565 distance 34
0 95 558 145 491 569 192 335 565 
Vertex 566 distance 33
0 95 210 139 463 639 219 86 566 
Vertex 567 distance 22
0 95 210 47 452 11 567 
Vertex 568 distance 27
0 95 210 489 199 568 
Vertex 569 distance 14
0 95 558 145 491 569 
Vertex 570 distance 21
0 109 413 617 570 
Vertex 571 distance 18
0 95 558 290 462 571 
Vertex 572 distance 11
0 95 210 139 572 
Vertex 573 distance 31
0 38 282 255 573 
Vertex 574 distance 30
0 95 210 139 572 441 387 574 
Vertex 575 distance 34
0 95 534 329 426 458 575 
Vertex 576 distance 43
0 38 496 576 
Vertex 577 distance 28
0 95 558 145 191 260 157 577 
Vertex 578 distance 33
0 95 534 329 426 451 578 
Vertex 579 distance 28
0 95 558 485 347 579 
Vertex 580 distance 18
0 95 580 
Vertex 581 distance 26
0 95 210 139 393 506 479 597 581 
Vertex 582 distance 45
0 95 210 139 572 169 339 582 
Vertex 583 distance 24
0 109 413 275 160 231 583 
Vertex 584 distance 28
0 95 197 299 340 618 584 
Vertex 585 distance 28
0 95 210 47 585 
Vertex 586 distance 32
0 95 558 485 165 454 556 586 
Vertex 587 distance 25
0 95 558 290 462 587 
Vertex 588 distance 27
0 95 558 290 588 
Vertex 589 distance 29
0 95 558 145 491 569 517 589 
Vertex 590 distance 26
0 95 210 139 166 44 590 
Vertex 591 distance 25
0 95 197 299 204 300 591 
Vertex 592 distance 33
0 95 534 329 91 308 592 
Vertex 593 distance 33
0 95 534 309 336 313 593 
Vertex 594 distance 35
0 95 558 485 165 3 549 594 
Vertex 595 distance 27
0 95 210 139 572 169 595 
Vertex 596 distance 31
0 109 53 82 596 
Vertex 597 distance 23
0 95 210 139 393 506 479 597 
Vertex 598 distance 42
0 95 558 290 462 571 362 518 598 
Vertex 599 distance 35
0 95 534 329 492 472 367 599 
Vertex 600 distance 20
0 95 558 280 301 600 
Vertex 601 distance 36
0 95 210 139 572 601 
Vertex 602 distance 36
0 95 558 485 165 454 556 586 602 
Vertex 603 distance 22
0 95 558 280 301 600 603 
Vertex 604 distance 39
0 95 558 290 604 
Vertex 605 distance 26
0 95 558 145 491 569 12 331 4 605 
Vertex 606 distance 24
0 95 210 47 606 
Vertex 607 distance 38
0 95 210 139 463 461 368 450 8 234 607 
Vertex 608 distance 31
0 95 558 145 491 569 12 75 608 
Vertex 609 distance 24
0 109 53 138 609 
Vertex 610 distance 27
0 95 534 551 500 610 
Vertex 611 distance 26
0 95 210 139 463 639 611 
Vertex 612 distance 25
0 612 
Vertex 613 distance 19
0 95 197 299 365 613 
Vertex 614 distance 26
0 95 210 139 463 614 
Vertex 615 distance 27
0 95 210 47 452 615 
Vertex 616 distance 24
0 95 534 329 233 538 263 616 
Vertex 617 distance 20
0 109 413 617 
Vertex 618 distance 24
0 95 197 299 340 618 
Vertex 619 distance 26
0 109 413 617 570 239 619 
Vertex 620 distance 29
0 95 534 309 63 620 
Vertex 621 distance 19
0 95 534 621 
Vertex 622 distance 30
0 95 210 139 463 639 219 132 154 622 
Vertex 623 distance 21
0 95 210 47 623 
Vertex 624 distance 29
0 95 558 485 165 3 549 624 
Vertex 625 distance 36
0 95 210 139 37 533 480 625 
Vertex 626 distance 24
0 95 534 151 552 19 626 
Vertex 627 distance 18
0 95 534 443 627 
Vertex 628 distance 28
0 95 210 139 572 179 628 
Vertex 629 distance 20
0 95 210 139 572 169 629 
Vertex 630 distance 30
0 95 210 139 572 498 630 
Vertex 631 distance 39
0 95 197 299 340 618 631 
Vertex 632 distance 29
0 95 558 290 503 632 
Vertex 633 distance 28
0 95 210 139 463 639 55 633 
Vertex 634 distance 28
0 95 558 145 484 634 
Vertex 635 distance 18
0 95 210 47 452 635 
Vertex 636 distance 30
0 109 413 617 570 164 636 
Vertex 637 distance 31
0 95 534 329 233 26 637 
Vertex 638 distance 27
0 95 210 139 463 639 638 
Vertex 639 distance 16
0 95 210 139 463 639 
