Vertex 0 distance 0
0 0 
Vertex 1 distance 22
0 618 328 218 21 313 1 
Vertex 2 distance 27
0 235 311 2 
Vertex 3 distance 16
0 618 3 
Vertex 4 distance 25
0 235 325 370 474 419 4 
Vertex 5 distance 25
0 618 328 218 499 388 18 547 5 
Vertex 6 distance 25
0 235 325 370 474 215 6 
Vertex 7 distance 21
0 618 328 219 497 7 
Vertex 8 distance 25
0 618 226 8 
Vertex 9 distance 29
0 235 311 415 425 9 
Vertex 10 distance 17
0 235 325 10 
Vertex 11 distance 20
0 235 254 397 87 638 11 
Vertex 12 distance 24
0 235 325 370 474 278 83 12 
Vertex 13 distance 32
0 618 328 218 21 313 243 357 107 16 13 
Vertex 14 distance 25
0 235 240 257 14 
Vertex 15 distance 27
0 618 328 218 15 
Vertex 16 distance 25
0 618 328 218 21 313 243 357 107 16 
Vertex 17 distance 19
0 235 311 17 
Vertex 18 distance 22
0 618 328 218 499 388 18 
Vertex 19 distance 32
0 85 478 19 
Vertex 20 distance 29
0 618 3 223 106 20 
Vertex 21 distance 15
0 618 328 218 21 
Vertex 22 distance 21
0 618 328 218 50 22 
Vertex 23 distance 29
0 320 225 391 23 
Vertex 24 distance 28
0 82 570 188 350 24 
Vertex 25 distance 29
0 235 254 216 319 407 564 576 589 45 25 
Vertex 26 distance 28
0 618 328 218 499 276 622 634 579 26 
Vertex 27 distance 24
0 235 240 257 77 80 27 
Vertex 28 distance 26
0 618 328 218 499 276 413 315 28 
Vertex 29 distance 19
0 618 328 218 206 29 
Vertex 30 distance 18
0 235 30 
Vertex 31 distance 28
0 235 240 540 31 
Vertex 32 distance 27
0 618 328 218 21 313 44 32 
Vertex 33 distance 28
0 235 254 397 87 638 375 293 409 451 117 33 
Vertex 34 distance 30
0 618 3 140 81 143 34 
Vertex 35 distance 29
0 82 570 199 35 
Vertex 36 distance 25
0 82 570 61 142 36 
Vertex 37 distance 25
0 235 254 397 87 638 623 455 105 37 
Vertex 38 distance 24
0 235 254 216 275 38 
Vertex 39 distance 26
0 82 212 39 
Vertex 40 distance 20
0 618 40 
Vertex 41 distance 25
0 618 328 99 630 494 41 
Vertex 42 distance 25
0 235 240 257 77 42 
Vertex 43 distance 27
0 82 570 61 142 36 43 
Vertex 44 distance 22
0 618 328 218 21 313 44 
Vertex 45 distance 27
0 235 254 216 319 407 564 576 589 45 
Vertex 46 distance 25
0 235 254 216 319 407 564 46 
Vertex 47 distance 32
0 235 325 47 
Vertex 48 distance 26
0 320 232 48 
Vertex 49 distance 29
0 235 240 540 373 49 
Vertex 50 distance 19
0 618 328 218 50 
Vertex 51 distance 29
0 235 254 216 639 619 51 
Vertex 52 distance 25
0 235 254 216 319 411 429 264 52 
Vertex 53 distance 31
0 235 240 266 608 53 
Vertex 54 distance 24
0 618 328 218 21 636 54 
Vertex 55 distance 21
0 618 328 218 21 636 55 
Vertex 56 distance 26
0 235 254 397 87 56 
Vertex 57 distance 27
0 235 325 324 317 132 57 
Vertex 58 distance 25
0 618 328 99 630 58 
Vertex 59 distance 31
0 235 254 397 87 638 164 551 193 59 
Vertex 60 distance 19
0 235 60 
Vertex 61 distance 21
0 82 570 61 
Vertex 62 distance 24
0 82 570 62 
Vertex 63 distance 30
0 235 325 370 474 278 483 95 63 
Vertex 64 distance 25
0 235 60 64 
Vertex 65 distance 27
0 618 328 219 497 7 195 65 
Vertex 66 distance 27
0 235 240 257 77 80 27 289 66 
Vertex 67 distance 27
0 618 328 218 499 276 622 634 67 
Vertex 68 distance 24
0 235 325 390 68 
Vertex 69 distance 20
0 235 311 17 69 
Vertex 70 distance 30
0 85 163 307 70 
Vertex 71 distance 24
0 235 254 397 87 529 616 71 
Vertex 72 distance 25
0 235 311 17 331 72 
Vertex 73 distance 24
0 618 328 218 499 428 398 123 73 
Vertex 74 distance 26
0 235 311 17 69 583 74 
Vertex 75 distance 31
0 82 570 410 347 604 75 
Vertex 76 distance 28
0 235 311 17 76 
Vertex 77 distance 20
0 235 240 257 77 
Vertex 78 distance 30
0 618 328 218 499 388 129 467 78 
Vertex 79 distance 27
0 618 328 218 21 636 527 544 470 79 
Vertex 80 distance 23
0 235 240 257 77 80 
Vertex 81 distance 21
0 618 3 140 81 
Vertex 82 distance 18
0 82 
Vertex 83 distance 23
0 235 325 370 474 278 83 
Vertex 84 distance 25
0 618 328 218 499 276 622 634 579 84 
Vertex 85 distance 18
0 85 
Vertex 86 distance 23
0 320 225 609 233 326 86 
Vertex 87 distance 17
0 235 254 397 87 
Vertex 88 distance 28
0 618 328 218 593 104 88 
Vertex 89 distance 26
0 618 328 218 21 636 527 544 89 
Vertex 90 distance 28
0 618 328 99 630 205 90 
Vertex 91 distance 26
0 235 325 370 378 482 91 
Vertex 92 distance 25
0 618 328 218 21 279 92 
Vertex 93 distance 25
0 235 254 594 513 93 
Vertex 94 distance 28
0 235 427 504 532 94 
Vertex 95 distance 29
0 235 325 370 474 278 483 95 
Vertex 96 distance 25
0 235 254 96 
Vertex 97 distance 27
0 235 271 97 
Vertex 98 distance 22
0 618 328 218 206 98 
Vertex 99 distance 18
0 618 328 99 
Vertex 100 distance 25
0 235 325 370 378 632 100 
Vertex 101 distance 28
0 235 254 397 87 529 616 71 101 
Vertex 102 distance 24
0 235 254 216 319 407 564 576 102 
Vertex 103 distance 26
0 82 570 61 142 103 
Vertex 104 distance 21
0 618 328 218 593 104 
Vertex 105 distance 22
0 235 254 397 87 638 623 455 105 
Vertex 106 distance 21
0 618 3 223 106 
Vertex 107 distance 23
0 618 328 218 21 313 243 357 107 
Vertex 108 distance 31
0 82 570 61 433 108 
Vertex 109 distance 24
0 618 328 218 499 388 129 109 
Vertex 110 distance 22
0 235 254 216 275 110 
Vertex 111 distance 28
0 618 328 99 630 302 295 111 
Vertex 112 distance 26
0 618 328 218 21 636 527 112 
Vertex 113 distance 24
0 618 328 99 630 113 
Vertex 114 distance 23
0 618 328 219 497 114 
Vertex 115 distance 27
0 82 570 61 115 
Vertex 116 distance 21
0 116 
Vertex 117 distance 25
0 235 254 397 87 638 375 293 409 451 117 
Vertex 118 distance 26
0 618 328 99 630 628 118 
Vertex 119 distance 28
0 235 427 557 405 119 
Vertex 120 distance 24
0 82 570 120 
Vertex 121 distance 23
0 618 328 218 593 272 121 
Vertex 122 distance 23
0 618 328 99 630 494 122 
Vertex 123 distance 23
0 618 328 218 499 428 398 123 
Vertex 124 distance 24
0 235 254 397 87 638 164 551 125 124 
Vertex 125 distance 21
0 235 254 397 87 638 164 551 125 
Vertex 126 distance 23
0 235 254 397 87 638 623 126 
Vertex 127 distance 29
0 618 328 218 499 343 127 
Vertex 128 distance 27
0 235 254 216 319 411 128 
Vertex 129 distance 22
0 618 328 218 499 388 129 
Vertex 130 distance 24
0 235 325 370 378 632 130 
Vertex 131 distance 24
0 320 225 609 131 
Vertex 132 distance 23
0 235 325 324 317 132 
Vertex 133 distance 26
0 235 325 267 599 133 
Vertex 134 distance 23
0 235 254 397 87 638 375 134 
Vertex 135 distance 18
0 235 325 10 135 
Vertex 136 distance 28
0 618 328 218 21 313 136 
Vertex 137 distance 31
0 235 311 17 463 250 162 137 
Vertex 138 distance 26
0 235 254 594 138 
Vertex 139 distance 22
0 235 271 139 
Vertex 140 distance 20
0 618 3 140 
Vertex 141 distance 34
0 235 254 594 246 349 141 
Vertex 142 distance 24
0 82 570 61 142 
Vertex 143 distance 27
0 618 3 140 81 143 
Vertex 144 distance 21
0 235 254 397 87 638 375 144 
Vertex 145 distance 26
0 235 427 557 256 145 
Vertex 146 distance 26
0 618 328 218 50 146 
Vertex 147 distance 27
0 618 328 218 499 428 398 147 
Vertex 148 distance 26
0 618 328 218 21 636 54 148 
Vertex 149 distance 22
0 618 328 219 149 
Vertex 150 distance 30
0 618 328 218 499 343 217 363 150 
Vertex 151 distance 19
0 235 151 
Vertex 152 distance 29
0 82 570 199 170 626 348 152 
Vertex 153 distance 28
0 235 254 397 87 638 375 293 280 153 
Vertex 154 distance 29
0 618 328 218 21 636 550 210 530 154 
Vertex 155 distance 23
0 235 30 155 
Vertex 156 distance 28
0 618 328 218 593 156 
Vertex 157 distance 30
0 235 427 557 256 157 
Vertex 158 distance 20
0 235 254 397 87 158 
Vertex 159 distance 26
0 235 325 370 474 278 159 
Vertex 160 distance 26
0 235 325 10 160 
Vertex 161 distance 23
0 618 3 140 161 
Vertex 162 distance 30
0 235 311 17 463 250 162 
Vertex 163 distance 19
0 85 163 
Vertex 164 distance 19
0 235 254 397 87 638 164 
Vertex 165 distance 22
0 618 3 140 165 
Vertex 166 distance 24
0 618 328 218 593 272 166 
Vertex 167 distance 24
0 116 167 
Vertex 168 distance 24
0 618 328 218 499 276 168 
Vertex 169 distance 29
0 618 328 218 499 169 
Vertex 170 distance 22
0 82 570 199 170 
Vertex 171 distance 23
0 618 328 219 497 312 171 
Vertex 172 distance 26
0 235 325 370 474 278 83 12 172 
Vertex 173 distance 28
0 235 325 324 317 132 173 
Vertex 174 distance 29
0 82 570 410 457 174 
Vertex 175 distance 28
0 235 271 452 175 
Vertex 176 distance 30
0 235 254 594 246 336 176 
Vertex 177 distance 22
0 235 254 397 87 158 177 
Vertex 178 distance 27
0 618 328 218 499 178 
Vertex 179 distance 26
0 618 328 218 499 276 322 572 179 
Vertex 180 distance 27
0 618 328 383 376 180 
Vertex 181 distance 24
0 618 328 219 149 181 
Vertex 182 distance 27
0 235 254 216 319 407 564 377 182 
Vertex 183 distance 23
0 235 311 415 425 183 
Vertex 184 distance 23
0 235 254 184 
Vertex 185 distance 27
0 235 254 216 319 411 185 
Vertex 186 distance 28
0 618 328 99 630 58 186 
Vertex 187 distance 26
0 618 328 218 21 187 
Vertex 188 distance 20
0 82 570 188 
Vertex 189 distance 25
0 618 328 99 630 494 122 189 
Vertex 190 distance 24
0 235 254 397 87 638 460 262 190 
Vertex 191 distance 26
0 235 325 370 378 632 191 
Vertex 192 distance 27
0 235 254 397 87 638 375 134 192 
Vertex 193 distance 24
0 235 254 397 87 638 164 551 193 
Vertex 194 distance 24
0 82 570 188 350 259 194 
Vertex 195 distance 24
0 618 328 219 497 7 195 
Vertex 196 distance 21
0 235 254 594 196 
Vertex 197 distance 24
0 235 254 397 87 638 460 197 
Vertex 198 distance 27
0 235 254 397 87 638 375 293 409 198 
Vertex 199 distance 20
0 82 570 199 
Vertex 200 distance 22
0 618 328 219 497 7 200 
Vertex 201 distance 27
0 353 201 
Vertex 202 distance 24
0 235 325 202 
Vertex 203 distance 28
0 235 254 216 319 407 564 46 203 
Vertex 204 distance 28
0 618 328 218 21 636 204 
Vertex 205 distance 26
0 618 328 99 630 205 
Vertex 206 distance 17
0 618 328 218 206 
Vertex 207 distance 28
0 235 427 504 207 
Vertex 208 distance 28
0 618 328 218 593 450 208 
Vertex 209 distance 26
0 235 254 216 319 411 209 
Vertex 210 distance 21
0 618 328 218 21 636 550 210 
Vertex 211 distance 27
0 618 3 393 211 
Vertex 212 distance 19
0 82 212 
Vertex 213 distance 28
0 618 328 383 376 213 
Vertex 214 distance 30
0 618 328 218 499 228 432 214 
Vertex 215 distance 24
0 235 325 370 474 215 
Vertex 216 distance 18
0 235 254 216 
Vertex 217 distance 23
0 618 328 218 499 343 217 
Vertex 218 distance 14
0 618 328 218 
Vertex 219 distance 17
0 618 328 219 
Vertex 220 distance 28
0 235 254 397 87 638 220 
Vertex 221 distance 25
0 618 328 218 593 272 221 
Vertex 222 distance 35
0 82 570 410 222 
Vertex 223 distance 17
0 618 3 223 
Vertex 224 distance 28
0 235 311 17 463 224 
Vertex 225 distance 18
0 320 225 
Vertex 226 distance 24
0 618 226 
Vertex 227 distance 28
0 618 328 218 499 276 622 227 
Vertex 228 distance 21
0 618 328 218 499 228 
Vertex 229 distance 24
0 235 427 229 
Vertex 230 distance 27
0 235 254 216 319 411 429 264 230 
Vertex 231 distance 29
0 618 328 219 231 
Vertex 232 distance 24
0 320 232 
Vertex 233 distance 21
0 320 225 609 233 
Vertex 234 distance 26
0 235 240 590 234 
Vertex 235 distance 10
0 235 
Vertex 236 distance 23
0 82 570 410 457 236 
Vertex 237 distance 29
0 82 570 188 350 237 
Vertex 238 distance 23
0 82 570 410 238 
Vertex 239 distance 25
0 235 325 370 378 252 239 
Vertex 240 distance 18
0 235 240 
Vertex 241 distance 30
0 618 328 219 497 312 171 241 
Vertex 242 distance 30
0 235 254 397 87 638 460 262 190 247 242 
Vertex 243 distance 19
0 618 328 218 21 313 243 
Vertex 244 distance 30
0 235 311 17 331 72 577 244 
Vertex 245 distance 31
0 82 570 199 588 245 
Vertex 246 distance 24
0 235 254 594 246 
Vertex 247 distance 29
0 235 254 397 87 638 460 262 190 247 
Vertex 248 distance 25
0 618 248 
Vertex 249 distance 20
0 618 3 223 249 
Vertex 250 distance 25
0 235 311 17 463 250 
Vertex 251 distance 27
0 618 248 251 
Vertex 252 distance 24
0 235 325 370 378 252 
Vertex 253 distance 27
0 235 254 397 87 638 375 293 409 281 253 
Vertex 254 distance 11
0 235 254 
Vertex 255 distance 26
0 618 3 223 106 255 
Vertex 256 distance 22
0 235 427 557 256 
Vertex 257 distance 19
0 235 240 257 
Vertex 258 distance 22
0 618 328 218 206 29 258 
Vertex 259 distance 23
0 82 570 188 350 259 
Vertex 260 distance 25
0 618 328 218 499 343 260 
Vertex 261 distance 33
0 82 212 392 261 
Vertex 262 distance 23
0 235 254 397 87 638 460 262 
Vertex 263 distance 27
0 618 3 140 263 
Vertex 264 distance 24
0 235 254 216 319 411 429 264 
Vertex 265 distance 30
0 235 240 257 77 80 265 
Vertex 266 distance 27
0 235 240 266 
Vertex 267 distance 23
0 235 325 267 
Vertex 268 distance 26
0 235 325 370 474 278 83 12 268 
Vertex 269 distance 24
0 235 254 397 87 638 623 613 269 
Vertex 270 distance 24
0 320 225 609 233 389 270 
Vertex 271 distance 11
0 235 271 
Vertex 272 distance 22
0 618 328 218 593 272 
Vertex 273 distance 25
0 618 3 223 249 273 
Vertex 274 distance 21
0 320 225 274 
Vertex 275 distance 21
0 235 254 216 275 
Vertex 276 distance 19
0 618 328 218 499 276 
Vertex 277 distance 19
0 618 3 223 277 
Vertex 278 distance 22
0 235 325 370 474 278 
Vertex 279 distance 21
0 618 328 218 21 279 
Vertex 280 distance 26
0 235 254 397 87 638 375 293 280 
Vertex 281 distance 26
0 235 254 397 87 638 375 293 409 281 
Vertex 282 distance 29
0 235 325 10 282 
Vertex 283 distance 23
0 235 254 594 196 283 
Vertex 284 distance 26
0 235 30 155 284 
Vertex 285 distance 21
0 618 3 140 285 
Vertex 286 distance 31
0 82 570 188 350 24 286 
Vertex 287 distance 26
0 235 254 397 287 
Vertex 288 distance 25
0 618 3 140 285 288 
Vertex 289 distance 25
0 235 240 257 77 80 27 289 
Vertex 290 distance 31
0 235 254 397 87 638 460 197 366 290 
Vertex 291 distance 25
0 82 570 188 350 259 194 291 
Vertex 292 distance 26
0 235 254 607 514 481 292 
Vertex 293 distance 20
0 235 254 397 87 638 375 293 
Vertex 294 distance 26
0 235 325 370 474 294 
Vertex 295 distance 27
0 618 328 99 630 302 295 
Vertex 296 distance 30
0 235 427 557 296 
Vertex 297 distance 24
0 235 254 216 319 411 635 297 
Vertex 298 distance 27
0 235 271 452 298 
Vertex 299 distance 26
0 235 325 10 299 
Vertex 300 distance 30
0 235 325 370 378 482 300 
Vertex 301 distance 26
0 235 254 397 301 
Vertex 302 distance 25
0 618 328 99 630 302 
Vertex 303 distance 24
0 235 325 370 378 482 303 
Vertex 304 distance 20
0 235 325 10 360 304 
Vertex 305 distance 28
0 235 325 370 474 278 83 12 268 305 
Vertex 306 distance 32
0 618 328 219 149 306 
Vertex 307 distance 23
0 85 163 307 
Vertex 308 distance 31
0 320 225 391 318 308 
Vertex 309 distance 24
0 618 328 218 50 22 309 
Vertex 310 distance 23
0 618 3 223 277 310 
Vertex 311 distance 18
0 235 311 
Vertex 312 distance 21
0 618 328 219 497 312 
Vertex 313 distance 16
0 618 328 218 21 313 
Vertex 314 distance 24
0 618 328 219 497 114 314 
Vertex 315 distance 24
0 618 328 218 499 276 413 315 
Vertex 316 distance 34
0 320 369 316 
Vertex 317 distance 22
0 235 325 324 317 
Vertex 318 distance 26
0 320 225 391 318 
Vertex 319 distance 20
0 235 254 216 319 
Vertex 320 distance 17
0 320 
Vertex 321 distance 26
0 618 3 223 106 321 
Vertex 322 distance 22
0 618 328 218 499 276 322 
Vertex 323 distance 34
0 82 570 199 588 245 323 
Vertex 324 distance 20
0 235 325 324 
Vertex 325 distance 11
0 235 325 
Vertex 326 distance 22
0 320 225 609 233 326 
Vertex 327 distance 32
0 235 240 540 585 597 327 
Vertex 328 distance 13
0 618 328 
Vertex 329 distance 23
0 618 328 218 21 279 329 
Vertex 330 distance 31
0 235 240 257 77 80 372 342 330 
Vertex 331 distance 23
0 235 311 17 331 
Vertex 332 distance 26
0 320 225 609 233 332 
Vertex 333 distance 25
0 618 3 140 400 333 
Vertex 334 distance 26
0 235 151 334 
Vertex 335 distance 27
0 235 240 540 335 
Vertex 336 distance 28
0 235 254 594 246 336 
Vertex 337 distance 28
0 82 570 489 337 
Vertex 338 distance 32
0 235 325 390 338 
Vertex 339 distance 32
0 235 254 397 87 638 11 339 
Vertex 340 distance 26
0 618 328 99 630 113 340 
Vertex 341 distance 23
0 618 328 99 341 
Vertex 342 distance 30
0 235 240 257 77 80 372 342 
Vertex 343 distance 21
0 618 328 218 499 343 
Vertex 344 distance 27
0 618 328 218 21 313 243 357 107 344 
Vertex 345 distance 29
0 618 328 218 50 22 444 345 
Vertex 346 distance 26
0 85 346 
Vertex 347 distance 22
0 82 570 410 347 
Vertex 348 distance 27
0 82 570 199 170 626 348 
Vertex 349 distance 29
0 235 254 594 246 349 
Vertex 350 distance 21
0 82 570 188 350 
Vertex 351 distance 25
0 320 225 351 
Vertex 352 distance 28
0 82 570 188 350 352 
Vertex 353 distance 22
0 353 
Vertex 354 distance 26
0 82 212 392 354 
Vertex 355 distance 27
0 235 254 397 287 355 
Vertex 356 distance 31
0 235 240 356 
Vertex 357 distance 20
0 618 328 218 21 313 243 357 
Vertex 358 distance 26
0 235 254 397 87 638 460 358 
Vertex 359 distance 31
0 235 325 267 599 133 359 
Vertex 360 distance 19
0 235 325 10 360 
Vertex 361 distance 29
0 618 328 218 499 428 398 123 361 
Vertex 362 distance 19
0 320 225 362 
Vertex 363 distance 26
0 618 328 218 499 343 217 363 
Vertex 364 distance 39
0 82 570 61 364 
Vertex 365 distance 27
0 618 328 218 499 388 365 
Vertex 366 distance 27
0 235 254 397 87 638 460 197 366 
Vertex 367 distance 20
0 235 325 370 474 367 
Vertex 368 distance 27
0 235 254 397 301 368 
Vertex 369 distance 22
0 320 369 
Vertex 370 distance 17
0 235 325 370 
Vertex 371 distance 22
0 235 254 397 87 638 375 293 371 
Vertex 372 distance 24
0 235 240 257 77 80 372 
Vertex 373 distance 24
0 235 240 540 373 
Vertex 374 distance 30
0 618 328 218 21 636 550 210 530 374 
Vertex 375 distance 19
0 235 254 397 87 638 375 
Vertex 376 distance 25
0 618 328 383 376 
Vertex 377 distance 23
0 235 254 216 319 407 564 377 
Vertex 378 distance 18
0 235 325 370 378 
Vertex 379 distance 26
0 235 240 379 
Vertex 380 distance 21
0 618 328 218 21 636 550 380 
Vertex 381 distance 21
0 235 254 381 
Vertex 382 distance 27
0 618 328 218 499 276 622 634 579 84 382 
Vertex 383 distance 20
0 618 328 383 
Vertex 384 distance 23
0 82 570 410 347 384 
Vertex 385 distance 31
0 235 240 590 234 385 
Vertex 386 distance 26
0 82 212 386 
Vertex 387 distance 28
0 618 328 218 21 313 243 357 387 
Vertex 388 distance 18
0 618 328 218 499 388 
Vertex 389 distance 22
0 320 225 609 233 389 
Vertex 390 distance 20
0 235 325 390 
Vertex 391 distance 23
0 320 225 391 
Vertex 392 distance 22
0 82 212 392 
Vertex 393 distance 24
0 618 3 393 
Vertex 394 distance 24
0 235 325 10 360 304 394 
Vertex 395 distance 24
0 235 254 607 395 
Vertex 396 distance 26
0 618 3 223 277 396 
Vertex 397 distance 15
0 235 254 397 
Vertex 398 distance 22
0 618 328 218 499 428 398 
Vertex 399 distance 23
0 235 427 557 256 399 
Vertex 400 distance 23
0 618 3 140 400 
Vertex 401 distance 25
0 235 254 397 87 638 164 401 
Vertex 402 distance 29
0 235 240 257 402 
Vertex 403 distance 31
0 320 225 403 
Vertex 404 distance 27
0 618 328 99 404 
Vertex 405 distance 26
0 235 427 557 405 
Vertex 406 distance 27
0 82 212 39 406 
Vertex 407 distance 21
0 235 254 216 319 407 
Vertex 408 distance 25
0 618 328 218 499 343 217 408 
Vertex 409 distance 22
0 235 254 397 87 638 375 293 409 
Vertex 410 distance 20
0 82 570 410 
Vertex 411 distance 21
0 235 254 216 319 411 
Vertex 412 distance 33
0 618 328 219 412 
Vertex 413 distance 20
0 618 328 218 499 276 413 
Vertex 414 distance 30
0 235 30 155 284 414 
Vertex 415 distance 20
0 235 311 415 
Vertex 416 distance 32
0 320 225 609 233 389 416 
Vertex 417 distance 23
0 235 254 397 87 638 623 417 
Vertex 418 distance 27
0 235 311 17 69 583 475 418 
Vertex 419 distance 21
0 235 325 370 474 419 
Vertex 420 distance 26
0 618 328 218 499 276 622 420 
Vertex 421 distance 27
0 235 311 17 421 
Vertex 422 distance 30
0 618 328 99 630 205 422 
Vertex 423 distance 24
0 235 254 397 87 638 375 144 423 
Vertex 424 distance 23
0 618 328 218 50 424 
Vertex 425 distance 22
0 235 311 415 425 
Vertex 426 distance 33
0 116 167 555 426 
Vertex 427 distance 13
0 235 427 
Vertex 428 distance 19
0 618 328 218 499 428 
Vertex 429 distance 22
0 235 254 216 319 411 429 
Vertex 430 distance 24
0 618 328 219 497 312 430 
Vertex 431 distance 28
0 235 254 397 87 638 623 613 431 
Vertex 432 distance 27
0 618 328 218 499 228 432 
Vertex 433 distance 30
0 82 570 61 433 
Vertex 434 distance 31
0 235 325 10 434 
Vertex 435 distance 27
0 235 325 370 378 632 435 
Vertex 436 distance 24
0 618 328 218 21 636 527 436 
Vertex 437 distance 24
0 320 225 362 441 437 
Vertex 438 distance 32
0 618 328 218 499 343 217 363 438 
Vertex 439 distance 27
0 618 328 218 50 512 439 
Vertex 440 distance 21
0 235 254 397 87 638 460 440 
Vertex 441 distance 22
0 320 225 362 441 
Vertex 442 distance 28
0 235 240 266 442 
Vertex 443 distance 25
0 618 328 218 499 388 18 443 
Vertex 444 distance 23
0 618 328 218 50 22 444 
Vertex 445 distance 22
0 618 328 99 445 
Vertex 446 distance 24
0 320 369 446 
Vertex 447 distance 32
0 618 328 218 21 636 527 112 447 
Vertex 448 distance 31
0 618 328 218 499 428 448 
Vertex 449 distance 26
0 235 254 216 319 407 564 377 449 
Vertex 450 distance 26
0 618 328 218 593 450 
Vertex 451 distance 24
0 235 254 397 87 638 375 293 409 451 
Vertex 452 distance 16
0 235 271 452 
Vertex 453 distance 30
0 618 328 218 499 453 
Vertex 454 distance 26
0 235 254 216 319 411 429 454 
Vertex 455 distance 20
0 235 254 397 87 638 623 455 
Vertex 456 distance 29
0 618 328 218 499 388 129 467 480 456 
Vertex 457 distance 22
0 82 570 410 457 
Vertex 458 distance 23
0 235 254 458 
Vertex 459 distance 28
0 235 254 397 87 638 164 551 459 
Vertex 460 distance 20
0 235 254 397 87 638 460 
Vertex 461 distance 23
0 618 328 218 21 636 550 380 461 
Vertex 462 distance 26
0 235 254 216 319 411 429 264 52 462 
Vertex 463 distance 24
0 235 311 17 463 
Vertex 464 distance 24
0 618 3 223 277 310 464 
Vertex 465 distance 28
0 235 254 397 87 638 164 551 465 
Vertex 466 distance 30
0 320 232 48 466 
Vertex 467 distance 23
0 618 328 218 499 388 129 467 
Vertex 468 distance 25
0 85 163 468 
Vertex 469 distance 25
0 235 311 17 469 
Vertex 470 distance 25
0 618 328 218 21 636 527 544 470 
Vertex 471 distance 24
0 320 225 609 233 471 
Vertex 472 distance 25
0 618 328 218 21 313 1 472 
Vertex 473 distance 26
0 235 30 473 
Vertex 474 distance 19
0 235 325 370 474 
Vertex 475 distance 23
0 235 311 17 69 583 475 
Vertex 476 distance 24
0 235 311 17 69 583 475 476 
Vertex 477 distance 27
0 235 254 216 319 411 635 477 
Vertex 478 distance 27
0 85 478 
Vertex 479 distance 26
0 82 570 410 347 384 479 
Vertex 480 distance 25
0 618 328 218 499 388 129 467 480 
Vertex 481 distance 25
0 235 254 607 514 481 
Vertex 482 distance 20
0 235 325 370 378 482 
Vertex 483 distance 25
0 235 325 370 474 278 483 
Vertex 484 distance 27
0 235 151 496 484 
Vertex 485 distance 25
0 235 254 216 319 411 635 485 
Vertex 486 distance 26
0 618 328 218 499 276 486 
Vertex 487 distance 30
0 82 570 487 
Vertex 488 distance 25
0 235 427 557 488 
Vertex 489 distance 21
0 82 570 489 
Vertex 490 distance 25
0 618 328 219 490 
Vertex 491 distance 23
0 235 240 491 
Vertex 492 distance 26
0 618 328 218 21 313 44 492 
Vertex 493 distance 22
0 618 328 218 206 29 493 
Vertex 494 distance 22
0 618 328 99 630 494 
Vertex 495 distance 29
0 235 254 216 319 411 495 
Vertex 496 distance 22
0 235 151 496 
Vertex 497 distance 20
0 618 328 219 497 
Vertex 498 distance 26
0 235 311 17 498 
Vertex 499 distance 15
0 618 328 218 499 
Vertex 500 distance 23
0 235 254 216 319 407 500 
Vertex 501 distance 31
0 618 328 218 21 636 527 544 470 501 
Vertex 502 distance 31
0 618 328 218 499 228 432 502 
Vertex 503 distance 22
0 235 325 503 
Vertex 504 distance 21
0 235 427 504 
Vertex 505 distance 26
0 82 570 199 170 505 
Vertex 506 distance 19
0 235 427 557 506 
Vertex 507 distance 28
0 618 328 218 21 313 243 507 
Vertex 508 distance 26
0 235 240 257 77 508 
Vertex 509 distance 29
0 235 271 452 509 
Vertex 510 distance 24
0 235 254 397 87 638 164 551 510 
Vertex 511 distance 32
0 235 240 540 373 511 
Vertex 512 distance 25
0 618 328 218 50 512 
Vertex 513 distance 21
0 235 254 594 513 
Vertex 514 distance 23
0 235 254 607 514 
Vertex 515 distance 22
0 618 328 218 206 29 515 
Vertex 516 distance 25
0 618 328 218 21 600 516 
Vertex 517 distance 27
0 235 254 397 287 517 
Vertex 518 distance 30
0 82 570 120 518 
Vertex 519 distance 25
0 235 254 594 246 519 
Vertex 520 distance 25
0 618 328 218 21 313 1 520 
Vertex 521 distance 28
0 82 570 61 521 
Vertex 522 distance 27
0 82 570 199 588 522 
Vertex 523 distance 27
0 618 3 140 523 
Vertex 524 distance 27
0 235 60 64 524 
Vertex 525 distance 31
0 235 254 397 525 
Vertex 526 distance 29
0 618 328 219 497 7 526 
Vertex 527 distance 23
0 618 328 218 21 636 527 
Vertex 528 distance 27
0 618 328 99 445 528 
Vertex 529 distance 22
0 235 254 397 87 529 
Vertex 530 distance 25
0 618 328 218 21 636 550 210 530 
Vertex 531 distance 30
0 618 328 219 531 
Vertex 532 distance 23
0 235 427 504 532 
Vertex 533 distance 28
0 82 570 61 115 533 
Vertex 534 distance 29
0 235 311 17 69 583 475 534 
Vertex 535 distance 24
0 353 535 
Vertex 536 distance 29
0 618 328 218 21 536 
Vertex 537 distance 28
0 618 3 393 537 
Vertex 538 distance 28
0 618 328 99 630 538 
Vertex 539 distance 28
0 618 328 218 21 313 243 357 107 539 
Vertex 540 distance 23
0 235 240 540 
Vertex 541 distance 31
0 235 254 216 319 411 635 477 541 
Vertex 542 distance 20
0 235 325 370 542 
Vertex 543 distance 24
0 235 254 397 87 638 623 455 543 
Vertex 544 distance 24
0 618 328 218 21 636 527 544 
Vertex 545 distance 23
0 618 328 218 206 29 493 545 
Vertex 546 distance 25
0 618 328 99 546 
Vertex 547 distance 24
0 618 328 218 499 388 18 547 
Vertex 548 distance 27
0 235 325 10 299 548 
Vertex 549 distance 33
0 618 3 140 263 549 
Vertex 550 distance 19
0 618 328 218 21 636 550 
Vertex 551 distance 20
0 235 254 397 87 638 164 551 
Vertex 552 distance 25
0 618 328 218 50 22 309 552 
Vertex 553 distance 23
0 82 570 188 350 584 553 
Vertex 554 distance 28
0 235 254 216 319 407 564 377 182 554 
Vertex 555 distance 29
0 116 167 555 
Vertex 556 distance 29
0 235 311 17 69 631 556 
Vertex 557 distance 16
0 235 427 557 
Vertex 558 distance 28
0 235 151 496 484 558 
Vertex 559 distance 21
0 235 254 397 87 638 11 559 
Vertex 560 distance 23
0 320 225 609 233 326 560 
Vertex 561 distance 33
0 235 311 17 331 72 577 561 
Vertex 562 distance 29
0 235 254 397 87 638 375 293 280 153 562 
Vertex 563 distance 27
0 82 570 61 142 36 563 
Vertex 564 distance 22
0 235 254 216 319 407 564 
Vertex 565 distance 27
0 235 254 397 87 158 565 
Vertex 566 distance 33
0 618 328 219 497 7 200 566 
Vertex 567 distance 22
0 235 271 452 567 
Vertex 568 distance 26
0 235 254 184 568 
Vertex 569 distance 28
0 235 240 257 77 80 27 289 66 569 
Vertex 570 distance 19
0 82 570 
Vertex 571 distance 29
0 235 254 397 87 638 375 293 409 451 117 33 571 
Vertex 572 distance 24
0 618 328 218 499 276 322 572 
Vertex 573 distance 24
0 235 240 257 77 80 573 
Vertex 574 distance 24
0 618 328 219 497 7 200 574 
Vertex 575 distance 29
0 618 328 218 21 313 243 357 107 575 
Vertex 576 distance 23
0 235 254 216 319 407 564 576 
Vertex 577 distance 26
0 235 311 17 331 72 577 
Vertex 578 distance 30
0 235 325 370 474 367 578 
Vertex 579 distance 23
0 618 328 218 499 276 622 634 579 
Vertex 580 distance 28
0 235 325 370 474 580 
Vertex 581 distance 22
0 235 325 10 135 581 
Vertex 582 distance 27
0 320 369 446 582 
Vertex 583 distance 21
0 235 311 17 69 583 
Vertex 584 distance 22
0 82 570 188 350 584 
Vertex 585 distance 24
0 235 240 540 585 
Vertex 586 distance 29
0 82 570 61 142 103 605 586 
Vertex 587 distance 23
0 618 328 219 497 7 587 
Vertex 588 distance 23
0 82 570 199 588 
Vertex 589 distance 24
0 235 254 216 319 407 564 576 589 
Vertex 590 distance 25
0 235 240 590 
Vertex 591 distance 25
0 235 254 397 87 638 375 293 371 591 
Vertex 592 distance 29
0 85 163 468 592 
Vertex 593 distance 18
0 618 328 218 593 
Vertex 594 distance 20
0 235 254 594 
Vertex 595 distance 24
0 235 271 595 
Vertex 596 distance 30
0 618 328 383 376 213 596 
Vertex 597 distance 26
0 235 240 540 585 597 
Vertex 598 distance 26
0 320 225 362 598 
Vertex 599 distance 24
0 235 325 267 599 
Vertex 600 distance 23
0 618 328 218 21 600 
Vertex 601 distance 27
0 82 212 39 601 
Vertex 602 distance 35
0 618 328 218 50 602 
Vertex 603 distance 25
0 235 254 397 87 158 177 603 
Vertex 604 distance 23
0 82 570 410 347 604 
Vertex 605 distance 28
0 82 570 61 142 103 605 
Vertex 606 distance 26
0 235 254 397 87 638 164 551 510 606 
Vertex 607 distance 18
0 235 254 607 
Vertex 608 distance 28
0 235 240 266 608 
Vertex 609 distance 20
0 320 225 609 
Vertex 610 distance 24
0 618 3 610 
Vertex 611 distance 22
0 320 225 609 611 
Vertex 612 distance 31
0 618 328 218 499 276 413 612 
Vertex 613 distance 22
0 235 254 397 87 638 623 613 
Vertex 614 distance 24
0 235 254 397 87 614 
Vertex 615 distance 27
0 235 325 370 378 632 615 
Vertex 616 distance 23
0 235 254 397 87 529 616 
Vertex 617 distance 26
0 618 328 218 499 343 217 408 617 
Vertex 618 distance 12
0 618 
Vertex 619 distance 25
0 235 254 216 639 619 
Vertex 620 distance 29
0 618 226 8 620 
Vertex 621 distance 22
0 618 3 223 277 621 
Vertex 622 distance 21
0 618 328 218 499 276 622 
Vertex 623 distance 19
0 235 254 397 87 638 623 
Vertex 624 distance 27
0 85 163 468 624 
Vertex 625 distance 32
0 235 254 184 625 
Vertex 626 distance 25
0 82 570 199 170 626 
Vertex 627 distance 29
0 618 328 218 499 343 217 363 627 
Vertex 628 distance 25
0 618 328 99 630 628 
Vertex 629 distance 25
0 618 328 219 149 629 
Vertex 630 distance 20
0 618 328 99 630 
Vertex 631 distance 23
0 235 311 17 69 631 
Vertex 632 distance 23
0 235 325 370 378 632 
Vertex 633 distance 32
0 618 328 218 499 388 18 547 5 633 
Vertex 634 distance 22
0 618 328 218 499 276 622 634 
Vertex 635 distance 23
0 235 254 216 319 411 635 
Vertex 636 distance 18
0 618 328 218 21 636 
Vertex 637 distance 28
0 618 328 218 21 637 
Vertex 638 distance 18
0 235 254 397 87 638 
Vertex 639 distance 23
0 235 254 216 639 
