Vertex 0 distance 0
0 0 
Vertex 1 distance 40
0 266 328 30 531 457 598 59 1 
Vertex 2 distance 43
0 266 508 631 581 594 483 2 
Vertex 3 distance 40
0 266 328 30 404 474 557 3 
Vertex 4 distance 43
0 266 478 473 57 552 4 
Vertex 5 distance 32
0 73 5 
Vertex 6 distance 34
0 266 328 487 376 6 
Vertex 7 distance 48
0 266 191 326 549 181 7 
Vertex 8 distance 32
0 266 328 30 404 8 
Vertex 9 distance 38
0 266 328 30 404 8 461 9 
Vertex 10 distance 37
0 266 489 272 108 169 535 507 10 
Vertex 11 distance 31
0 266 328 388 387 11 
Vertex 12 distance 45
0 266 328 12 
Vertex 13 distance 43
0 282 340 385 171 63 138 13 
Vertex 14 distance 33
0 266 489 272 108 169 535 14 
Vertex 15 distance 31
0 266 191 326 99 76 15 
Vertex 16 distance 39
0 266 328 30 404 16 
Vertex 17 distance 36
0 266 489 272 108 169 535 14 17 
Vertex 18 distance 43
0 266 508 335 563 379 18 
Vertex 19 distance 43
0 282 340 385 604 19 
Vertex 20 distance 36
0 266 478 364 370 20 
Vertex 21 distance 59
0 266 328 388 84 596 407 560 538 21 
Vertex 22 distance 43
0 266 328 388 84 207 334 22 
Vertex 23 distance 49
0 266 508 631 581 594 483 2 23 
Vertex 24 distance 45
0 228 27 472 433 142 24 
Vertex 25 distance 38
0 266 478 364 370 253 25 
Vertex 26 distance 43
0 266 328 388 429 470 26 
Vertex 27 distance 32
0 228 27 
Vertex 28 distance 31
0 266 328 388 84 28 
Vertex 29 distance 35
0 266 328 388 429 539 29 
Vertex 30 distance 22
0 266 328 30 
Vertex 31 distance 43
0 266 508 117 567 393 31 
Vertex 32 distance 39
0 344 66 286 410 449 32 
Vertex 33 distance 41
0 344 320 33 
Vertex 34 distance 36
0 266 328 487 376 34 
Vertex 35 distance 33
0 228 547 126 35 
Vertex 36 distance 55
0 266 328 388 387 141 36 
Vertex 37 distance 30
0 266 489 272 37 
Vertex 38 distance 41
0 519 38 
Vertex 39 distance 46
0 266 328 30 531 457 239 39 
Vertex 40 distance 54
0 266 328 388 84 381 40 
Vertex 41 distance 39
0 266 191 326 99 41 
Vertex 42 distance 41
0 266 328 30 531 457 598 59 1 42 
Vertex 43 distance 45
0 266 478 425 91 43 
Vertex 44 distance 48
0 266 191 326 99 441 223 637 44 
Vertex 45 distance 38
0 266 489 272 108 169 535 507 45 
Vertex 46 distance 44
0 266 489 272 413 46 
Vertex 47 distance 31
0 228 547 47 
Vertex 48 distance 44
0 266 328 388 84 596 407 157 308 48 
Vertex 49 distance 39
0 282 524 437 49 
Vertex 50 distance 46
0 266 489 628 346 50 
Vertex 51 distance 38
0 266 328 388 84 596 51 
Vertex 52 distance 37
0 266 191 326 549 586 52 
Vertex 53 distance 55
0 282 421 555 53 
Vertex 54 distance 33
0 266 191 326 549 184 119 54 
Vertex 55 distance 51
0 266 489 272 108 391 583 545 163 112 55 
Vertex 56 distance 41
0 266 328 487 56 
Vertex 57 distance 35
0 266 478 473 57 
Vertex 58 distance 43
0 266 328 388 306 532 288 58 
Vertex 59 distance 34
0 266 328 30 531 457 598 59 
Vertex 60 distance 53
0 282 524 270 60 
Vertex 61 distance 45
0 344 320 61 
Vertex 62 distance 45
0 266 328 388 306 532 288 62 
Vertex 63 distance 37
0 282 340 385 171 63 
Vertex 64 distance 39
0 266 328 388 321 70 64 
Vertex 65 distance 44
0 282 340 385 65 
Vertex 66 distance 28
0 344 66 
Vertex 67 distance 39
0 266 328 30 404 8 67 
Vertex 68 distance 42
0 266 328 388 306 532 236 68 
Vertex 69 distance 46
0 266 478 473 57 69 
Vertex 70 distance 36
0 266 328 388 321 70 
Vertex 71 distance 49
0 266 328 30 531 457 239 261 71 
Vertex 72 distance 45
0 266 508 527 72 
Vertex 73 distance 31
0 73 
Vertex 74 distance 48
0 266 328 388 84 317 74 
Vertex 75 distance 55
0 266 489 597 75 
Vertex 76 distance 30
0 266 191 326 99 76 
Vertex 77 distance 31
0 266 478 77 
Vertex 78 distance 33
0 266 478 473 78 
Vertex 79 distance 31
0 282 340 385 79 
Vertex 80 distance 39
0 282 524 80 
Vertex 81 distance 38
0 266 191 81 
Vertex 82 distance 51
0 282 340 385 171 606 430 82 
Vertex 83 distance 41
0 266 191 324 414 83 
Vertex 84 distance 27
0 266 328 388 84 
Vertex 85 distance 47
0 344 66 286 410 449 85 
Vertex 86 distance 36
0 266 489 272 108 216 86 
Vertex 87 distance 50
0 228 249 87 
Vertex 88 distance 33
0 266 328 30 531 412 88 
Vertex 89 distance 35
0 266 328 388 306 568 89 
Vertex 90 distance 43
0 266 328 30 531 457 598 59 1 90 
Vertex 91 distance 39
0 266 478 425 91 
Vertex 92 distance 42
0 266 191 210 566 92 
Vertex 93 distance 33
0 282 340 385 79 93 
Vertex 94 distance 36
0 266 191 326 99 441 94 
Vertex 95 distance 45
0 266 489 272 413 95 
Vertex 96 distance 35
0 266 489 272 413 198 357 96 
Vertex 97 distance 43
0 228 27 97 
Vertex 98 distance 40
0 266 191 326 99 76 98 
Vertex 99 distance 29
0 266 191 326 99 
Vertex 100 distance 35
0 266 328 30 531 457 100 
Vertex 101 distance 39
0 266 191 326 99 441 223 476 101 
Vertex 102 distance 48
0 266 478 425 624 102 
Vertex 103 distance 45
0 344 320 103 
Vertex 104 distance 37
0 282 524 104 
Vertex 105 distance 45
0 266 328 30 531 457 239 105 
Vertex 106 distance 42
0 266 191 326 549 184 119 54 442 384 106 
Vertex 107 distance 38
0 266 191 326 99 76 15 107 
Vertex 108 distance 27
0 266 489 272 108 
Vertex 109 distance 37
0 266 328 388 84 317 109 
Vertex 110 distance 40
0 266 328 361 110 
Vertex 111 distance 44
0 266 489 272 108 169 535 507 111 
Vertex 112 distance 50
0 266 489 272 108 391 583 545 163 112 
Vertex 113 distance 26
0 113 
Vertex 114 distance 48
0 266 478 364 510 114 
Vertex 115 distance 35
0 266 328 388 387 141 133 115 
Vertex 116 distance 56
0 266 489 272 413 116 
Vertex 117 distance 23
0 266 508 117 
Vertex 118 distance 37
0 266 328 30 531 457 598 118 
Vertex 119 distance 31
0 266 191 326 549 184 119 
Vertex 120 distance 43
0 266 328 388 84 610 120 
Vertex 121 distance 51
0 266 478 364 370 623 121 
Vertex 122 distance 35
0 282 340 385 604 122 
Vertex 123 distance 52
0 266 575 511 123 
Vertex 124 distance 49
0 113 537 417 124 
Vertex 125 distance 37
0 228 547 126 201 125 
Vertex 126 distance 29
0 228 547 126 
Vertex 127 distance 50
0 266 328 388 84 207 334 22 127 
Vertex 128 distance 39
0 266 328 30 404 8 461 128 
Vertex 129 distance 34
0 266 508 117 129 
Vertex 130 distance 42
0 266 508 117 567 130 
Vertex 131 distance 33
0 266 508 335 131 
Vertex 132 distance 40
0 228 547 126 459 593 132 
Vertex 133 distance 34
0 266 328 388 387 141 133 
Vertex 134 distance 48
0 228 547 126 459 569 134 
Vertex 135 distance 41
0 344 66 286 155 135 
Vertex 136 distance 40
0 266 328 388 84 596 407 157 136 
Vertex 137 distance 45
0 266 508 335 252 137 
Vertex 138 distance 41
0 282 340 385 171 63 138 
Vertex 139 distance 41
0 266 328 388 306 389 139 
Vertex 140 distance 36
0 282 524 140 
Vertex 141 distance 33
0 266 328 388 387 141 
Vertex 142 distance 44
0 228 27 472 433 142 
Vertex 143 distance 42
0 266 328 388 306 389 139 143 
Vertex 144 distance 41
0 266 328 30 404 474 557 3 144 
Vertex 145 distance 40
0 228 547 126 590 145 
Vertex 146 distance 43
0 266 508 117 567 130 146 
Vertex 147 distance 44
0 266 328 388 84 147 
Vertex 148 distance 34
0 266 191 326 549 553 148 
Vertex 149 distance 38
0 344 66 286 149 
Vertex 150 distance 50
0 266 328 30 531 412 88 238 150 
Vertex 151 distance 47
0 266 328 487 376 34 151 
Vertex 152 distance 39
0 228 27 472 152 
Vertex 153 distance 54
0 266 328 388 306 568 219 153 
Vertex 154 distance 37
0 266 575 154 
Vertex 155 distance 35
0 344 66 286 155 
Vertex 156 distance 45
0 266 489 272 108 169 535 156 
Vertex 157 distance 38
0 266 328 388 84 596 407 157 
Vertex 158 distance 51
0 266 191 326 99 76 15 107 158 
Vertex 159 distance 39
0 344 66 286 159 
Vertex 160 distance 32
0 266 489 272 435 160 
Vertex 161 distance 43
0 266 478 161 
Vertex 162 distance 49
0 266 508 631 581 162 
Vertex 163 distance 40
0 266 489 272 108 391 583 545 163 
Vertex 164 distance 36
0 266 328 388 429 470 164 
Vertex 165 distance 40
0 266 191 324 414 165 
Vertex 166 distance 40
0 266 508 565 283 515 166 
Vertex 167 distance 45
0 266 191 326 549 553 176 167 
Vertex 168 distance 39
0 266 508 117 168 
Vertex 169 distance 29
0 266 489 272 108 169 
Vertex 170 distance 38
0 266 508 631 581 170 
Vertex 171 distance 28
0 282 340 385 171 
Vertex 172 distance 46
0 266 328 30 531 457 239 251 477 172 
Vertex 173 distance 44
0 344 66 286 410 523 185 173 
Vertex 174 distance 39
0 266 575 511 174 
Vertex 175 distance 52
0 266 508 631 581 594 483 175 
Vertex 176 distance 42
0 266 191 326 549 553 176 
Vertex 177 distance 41
0 344 66 286 177 
Vertex 178 distance 35
0 266 489 272 108 178 
Vertex 179 distance 55
0 228 547 126 201 179 
Vertex 180 distance 47
0 266 328 388 84 610 180 
Vertex 181 distance 32
0 266 191 326 549 181 
Vertex 182 distance 53
0 266 328 487 376 34 592 182 
Vertex 183 distance 38
0 266 191 183 
Vertex 184 distance 29
0 266 191 326 549 184 
Vertex 185 distance 41
0 344 66 286 410 523 185 
Vertex 186 distance 44
0 266 186 
Vertex 187 distance 50
0 519 187 
Vertex 188 distance 43
0 266 191 326 549 586 188 
Vertex 189 distance 39
0 266 191 210 503 189 
Vertex 190 distance 45
0 266 328 30 190 
Vertex 191 distance 23
0 266 191 
Vertex 192 distance 45
0 266 328 388 84 317 613 192 
Vertex 193 distance 44
0 266 191 326 99 441 223 476 193 
Vertex 194 distance 47
0 266 328 388 84 596 407 157 319 194 
Vertex 195 distance 37
0 266 328 388 306 568 195 
Vertex 196 distance 40
0 266 328 30 531 457 196 
Vertex 197 distance 44
0 266 478 299 227 197 
Vertex 198 distance 33
0 266 489 272 413 198 
Vertex 199 distance 52
0 266 328 30 404 468 199 
Vertex 200 distance 50
0 266 328 30 531 457 598 59 1 200 
Vertex 201 distance 32
0 228 547 126 201 
Vertex 202 distance 38
0 266 191 326 99 441 223 637 202 
Vertex 203 distance 43
0 266 191 265 322 203 
Vertex 204 distance 43
0 266 191 326 549 204 
Vertex 205 distance 36
0 266 489 272 37 205 
Vertex 206 distance 55
0 266 508 565 283 515 166 206 
Vertex 207 distance 32
0 266 328 388 84 207 
Vertex 208 distance 62
0 282 524 104 465 208 
Vertex 209 distance 43
0 266 191 326 549 553 176 209 
Vertex 210 distance 31
0 266 191 210 
Vertex 211 distance 37
0 266 191 326 99 441 223 637 211 
Vertex 212 distance 37
0 266 478 425 212 
Vertex 213 distance 48
0 266 191 326 549 553 176 167 213 
Vertex 214 distance 47
0 266 478 299 227 540 214 
Vertex 215 distance 40
0 266 489 215 
Vertex 216 distance 33
0 266 489 272 108 216 
Vertex 217 distance 47
0 344 66 286 217 
Vertex 218 distance 49
0 344 66 464 218 
Vertex 219 distance 39
0 266 328 388 306 568 219 
Vertex 220 distance 41
0 266 489 272 108 169 230 220 
Vertex 221 distance 51
0 266 478 473 619 275 221 
Vertex 222 distance 39
0 266 191 326 99 441 223 476 436 222 
Vertex 223 distance 32
0 266 191 326 99 441 223 
Vertex 224 distance 41
0 266 328 388 429 539 29 224 
Vertex 225 distance 44
0 266 478 425 554 225 
Vertex 226 distance 49
0 228 547 126 201 125 226 
Vertex 227 distance 37
0 266 478 299 227 
Vertex 228 distance 24
0 228 
Vertex 229 distance 42
0 266 508 565 283 515 229 
Vertex 230 distance 35
0 266 489 272 108 169 230 
Vertex 231 distance 40
0 266 328 30 531 457 239 231 
Vertex 232 distance 37
0 113 537 395 232 
Vertex 233 distance 38
0 344 233 
Vertex 234 distance 29
0 266 328 388 306 234 
Vertex 235 distance 35
0 266 489 235 
Vertex 236 distance 38
0 266 328 388 306 532 236 
Vertex 237 distance 41
0 266 489 502 399 237 
Vertex 238 distance 45
0 266 328 30 531 412 88 238 
Vertex 239 distance 30
0 266 328 30 531 457 239 
Vertex 240 distance 43
0 282 340 385 604 122 240 
Vertex 241 distance 48
0 228 547 126 201 125 241 
Vertex 242 distance 48
0 266 328 388 387 11 242 
Vertex 243 distance 38
0 266 489 272 108 169 535 14 243 
Vertex 244 distance 38
0 266 328 30 404 8 244 
Vertex 245 distance 34
0 266 489 245 
Vertex 246 distance 41
0 266 575 154 246 
Vertex 247 distance 40
0 282 340 385 79 93 247 
Vertex 248 distance 39
0 266 328 388 306 248 
Vertex 249 distance 33
0 228 249 
Vertex 250 distance 39
0 266 328 388 84 28 250 
Vertex 251 distance 42
0 266 328 30 531 457 239 251 
Vertex 252 distance 35
0 266 508 335 252 
Vertex 253 distance 35
0 266 478 364 370 253 
Vertex 254 distance 29
0 266 328 30 531 457 254 
Vertex 255 distance 42
0 266 489 272 108 169 230 255 
Vertex 256 distance 41
0 266 489 272 37 256 
Vertex 257 distance 53
0 266 328 388 306 389 139 257 
Vertex 258 distance 50
0 266 508 631 581 594 483 2 23 258 
Vertex 259 distance 35
0 266 489 272 108 259 
Vertex 260 distance 39
0 266 478 425 295 260 
Vertex 261 distance 37
0 266 328 30 531 457 239 261 
Vertex 262 distance 46
0 266 328 30 531 457 196 262 
Vertex 263 distance 40
0 266 508 527 263 
Vertex 264 distance 46
0 266 328 30 404 8 264 
Vertex 265 distance 34
0 266 191 265 
Vertex 266 distance 11
0 266 
Vertex 267 distance 55
0 266 328 30 531 457 239 251 477 267 
Vertex 268 distance 47
0 228 249 372 268 
Vertex 269 distance 40
0 73 5 269 
Vertex 270 distance 35
0 282 524 270 
Vertex 271 distance 40
0 266 508 335 131 271 
Vertex 272 distance 26
0 266 489 272 
Vertex 273 distance 60
0 266 489 272 413 198 273 
Vertex 274 distance 42
0 266 191 326 99 441 223 476 436 274 
Vertex 275 distance 46
0 266 478 473 619 275 
Vertex 276 distance 40
0 266 328 388 84 610 276 
Vertex 277 distance 49
0 266 489 272 108 391 583 348 277 
Vertex 278 distance 41
0 266 328 388 306 234 278 
Vertex 279 distance 44
0 266 328 30 404 474 557 3 279 
Vertex 280 distance 39
0 266 489 272 108 178 280 
Vertex 281 distance 40
0 266 489 502 399 281 
Vertex 282 distance 21
0 282 
Vertex 283 distance 36
0 266 508 565 283 
Vertex 284 distance 37
0 266 489 272 108 169 230 284 
Vertex 285 distance 39
0 266 328 388 387 403 285 
Vertex 286 distance 29
0 344 66 286 
Vertex 287 distance 70
0 266 191 326 99 504 287 
Vertex 288 distance 42
0 266 328 388 306 532 288 
Vertex 289 distance 47
0 266 489 272 108 169 535 638 289 
Vertex 290 distance 33
0 266 508 565 290 
Vertex 291 distance 42
0 282 340 385 79 93 460 291 
Vertex 292 distance 51
0 266 328 30 531 457 239 251 477 292 
Vertex 293 distance 43
0 266 328 388 306 568 195 632 293 
Vertex 294 distance 46
0 266 191 512 530 294 
Vertex 295 distance 38
0 266 478 425 295 
Vertex 296 distance 45
0 282 296 
Vertex 297 distance 50
0 266 508 117 129 297 
Vertex 298 distance 43
0 266 516 298 
Vertex 299 distance 34
0 266 478 299 
Vertex 300 distance 54
0 266 328 388 306 568 89 481 300 
Vertex 301 distance 56
0 266 191 210 503 189 550 301 
Vertex 302 distance 47
0 266 191 326 549 204 302 
Vertex 303 distance 41
0 266 328 388 306 532 627 303 
Vertex 304 distance 41
0 266 328 30 531 304 
Vertex 305 distance 46
0 266 508 631 358 305 
Vertex 306 distance 28
0 266 328 388 306 
Vertex 307 distance 33
0 266 191 326 549 553 307 
Vertex 308 distance 39
0 266 328 388 84 596 407 157 308 
Vertex 309 distance 36
0 266 478 473 57 309 
Vertex 310 distance 45
0 266 489 272 108 169 310 
Vertex 311 distance 38
0 266 328 388 429 470 164 311 
Vertex 312 distance 48
0 266 489 272 108 391 583 545 163 312 
Vertex 313 distance 36
0 282 524 313 
Vertex 314 distance 43
0 266 478 77 463 314 
Vertex 315 distance 35
0 266 191 326 549 553 315 
Vertex 316 distance 35
0 228 547 316 
Vertex 317 distance 35
0 266 328 388 84 317 
Vertex 318 distance 39
0 228 547 47 318 
Vertex 319 distance 45
0 266 328 388 84 596 407 157 319 
Vertex 320 distance 27
0 344 320 
Vertex 321 distance 31
0 266 328 388 321 
Vertex 322 distance 35
0 266 191 265 322 
Vertex 323 distance 40
0 266 191 265 369 323 
Vertex 324 distance 31
0 266 191 324 
Vertex 325 distance 47
0 266 328 30 404 474 325 
Vertex 326 distance 26
0 266 191 326 
Vertex 327 distance 31
0 266 328 30 404 327 
Vertex 328 distance 20
0 266 328 
Vertex 329 distance 43
0 266 191 324 414 165 329 
Vertex 330 distance 42
0 266 328 30 531 457 598 118 330 
Vertex 331 distance 48
0 266 328 388 429 470 164 331 
Vertex 332 distance 37
0 266 489 272 108 169 535 14 332 
Vertex 333 distance 34
0 73 5 333 
Vertex 334 distance 38
0 266 328 388 84 207 334 
Vertex 335 distance 29
0 266 508 335 
Vertex 336 distance 39
0 266 328 388 84 596 407 157 336 
Vertex 337 distance 44
0 266 328 30 531 457 239 251 337 
Vertex 338 distance 38
0 266 328 30 531 457 598 59 338 
Vertex 339 distance 28
0 266 191 326 339 
Vertex 340 distance 25
0 282 340 
Vertex 341 distance 36
0 266 328 388 84 381 341 
Vertex 342 distance 37
0 266 489 272 342 
Vertex 343 distance 48
0 228 547 126 590 343 
Vertex 344 distance 22
0 344 
Vertex 345 distance 46
0 266 328 388 306 568 195 632 345 
Vertex 346 distance 40
0 266 489 628 346 
Vertex 347 distance 44
0 228 547 126 590 145 347 
Vertex 348 distance 39
0 266 489 272 108 391 583 348 
Vertex 349 distance 40
0 266 328 388 387 141 133 349 
Vertex 350 distance 46
0 282 524 140 350 
Vertex 351 distance 36
0 282 421 351 
Vertex 352 distance 46
0 266 328 388 84 596 51 352 
Vertex 353 distance 55
0 266 575 353 
Vertex 354 distance 41
0 266 328 388 387 141 634 354 
Vertex 355 distance 40
0 266 508 117 378 355 
Vertex 356 distance 46
0 266 478 364 370 623 356 
Vertex 357 distance 34
0 266 489 272 413 198 357 
Vertex 358 distance 42
0 266 508 631 358 
Vertex 359 distance 45
0 113 537 395 232 359 
Vertex 360 distance 38
0 266 191 326 549 586 52 360 
Vertex 361 distance 36
0 266 328 361 
Vertex 362 distance 43
0 266 516 362 
Vertex 363 distance 47
0 344 66 464 363 
Vertex 364 distance 26
0 266 478 364 
Vertex 365 distance 54
0 266 478 473 619 275 221 365 
Vertex 366 distance 39
0 266 489 272 108 169 230 366 
Vertex 367 distance 44
0 266 489 272 424 367 
Vertex 368 distance 41
0 266 191 326 549 586 368 
Vertex 369 distance 36
0 266 191 265 369 
Vertex 370 distance 32
0 266 478 364 370 
Vertex 371 distance 42
0 266 328 30 531 457 598 59 1 371 
Vertex 372 distance 34
0 228 249 372 
Vertex 373 distance 36
0 266 328 30 531 412 373 
Vertex 374 distance 60
0 266 328 388 306 568 89 374 
Vertex 375 distance 43
0 266 328 30 531 412 375 
Vertex 376 distance 33
0 266 328 487 376 
Vertex 377 distance 51
0 266 489 245 377 
Vertex 378 distance 36
0 266 508 117 378 
Vertex 379 distance 38
0 266 508 335 563 379 
Vertex 380 distance 48
0 266 328 388 387 403 285 380 
Vertex 381 distance 35
0 266 328 388 84 381 
Vertex 382 distance 46
0 282 340 385 171 63 382 
Vertex 383 distance 38
0 266 508 565 290 585 383 
Vertex 384 distance 41
0 266 191 326 549 184 119 54 442 384 
Vertex 385 distance 27
0 282 340 385 
Vertex 386 distance 34
0 266 328 30 531 457 386 
Vertex 387 distance 29
0 266 328 388 387 
Vertex 388 distance 25
0 266 328 388 
Vertex 389 distance 38
0 266 328 388 306 389 
Vertex 390 distance 37
0 266 328 390 
Vertex 391 distance 29
0 266 489 272 108 391 
Vertex 392 distance 39
0 266 328 30 531 457 598 118 392 
Vertex 393 distance 41
0 266 508 117 567 393 
Vertex 394 distance 47
0 266 328 388 387 11 394 
Vertex 395 distance 36
0 113 537 395 
Vertex 396 distance 40
0 266 328 30 404 8 67 396 
Vertex 397 distance 50
0 266 489 272 37 256 397 
Vertex 398 distance 56
0 266 489 272 108 259 398 
Vertex 399 distance 38
0 266 489 502 399 
Vertex 400 distance 34
0 266 191 210 400 
Vertex 401 distance 29
0 344 320 401 
Vertex 402 distance 39
0 266 489 272 37 205 402 
Vertex 403 distance 38
0 266 328 388 387 403 
Vertex 404 distance 29
0 266 328 30 404 
Vertex 405 distance 39
0 266 508 565 290 405 
Vertex 406 distance 40
0 344 66 286 406 
Vertex 407 distance 34
0 266 328 388 84 596 407 
Vertex 408 distance 45
0 266 328 30 531 457 598 59 1 42 408 
Vertex 409 distance 38
0 113 409 
Vertex 410 distance 35
0 344 66 286 410 
Vertex 411 distance 41
0 411 
Vertex 412 distance 32
0 266 328 30 531 412 
Vertex 413 distance 31
0 266 489 272 413 
Vertex 414 distance 38
0 266 191 324 414 
Vertex 415 distance 46
0 266 328 30 531 457 386 488 415 
Vertex 416 distance 46
0 266 516 298 416 
Vertex 417 distance 42
0 113 537 417 
Vertex 418 distance 36
0 266 328 388 306 234 418 
Vertex 419 distance 46
0 228 27 419 
Vertex 420 distance 50
0 266 489 272 342 420 
Vertex 421 distance 33
0 282 421 
Vertex 422 distance 34
0 266 328 388 387 141 422 
Vertex 423 distance 45
0 266 489 272 108 216 86 423 
Vertex 424 distance 32
0 266 489 272 424 
Vertex 425 distance 36
0 266 478 425 
Vertex 426 distance 43
0 266 328 388 387 141 634 354 426 
Vertex 427 distance 39
0 266 489 272 108 169 230 284 427 
Vertex 428 distance 48
0 266 489 272 413 95 428 
Vertex 429 distance 26
0 266 328 388 429 
Vertex 430 distance 43
0 282 340 385 171 606 430 
Vertex 431 distance 47
0 266 328 388 429 470 164 311 431 
Vertex 432 distance 44
0 266 489 272 37 591 493 432 
Vertex 433 distance 39
0 228 27 472 433 
Vertex 434 distance 46
0 266 328 388 84 596 407 157 136 434 
Vertex 435 distance 30
0 266 489 272 435 
Vertex 436 distance 37
0 266 191 326 99 441 223 476 436 
Vertex 437 distance 33
0 282 524 437 
Vertex 438 distance 46
0 266 328 30 531 457 598 59 1 90 438 
Vertex 439 distance 41
0 266 328 487 439 
Vertex 440 distance 52
0 228 547 126 459 569 440 
Vertex 441 distance 31
0 266 191 326 99 441 
Vertex 442 distance 36
0 266 191 326 549 184 119 54 442 
Vertex 443 distance 40
0 282 421 443 
Vertex 444 distance 41
0 266 575 444 
Vertex 445 distance 44
0 266 508 335 252 445 
Vertex 446 distance 50
0 266 328 30 531 457 239 251 337 446 
Vertex 447 distance 45
0 266 508 117 378 355 447 
Vertex 448 distance 41
0 344 233 448 
Vertex 449 distance 37
0 344 66 286 410 449 
Vertex 450 distance 46
0 266 489 272 413 450 
Vertex 451 distance 52
0 266 478 364 510 114 451 
Vertex 452 distance 38
0 344 66 452 
Vertex 453 distance 44
0 266 191 326 99 441 223 637 453 
Vertex 454 distance 42
0 266 575 454 
Vertex 455 distance 44
0 266 328 30 531 457 598 118 330 455 
Vertex 456 distance 56
0 266 508 495 584 456 
Vertex 457 distance 25
0 266 328 30 531 457 
Vertex 458 distance 45
0 266 191 326 549 184 119 54 442 384 106 458 
Vertex 459 distance 37
0 228 547 126 459 
Vertex 460 distance 37
0 282 340 385 79 93 460 
Vertex 461 distance 35
0 266 328 30 404 8 461 
Vertex 462 distance 31
0 282 462 
Vertex 463 distance 33
0 266 478 77 463 
Vertex 464 distance 37
0 344 66 464 
Vertex 465 distance 47
0 282 524 104 465 
Vertex 466 distance 53
0 266 508 565 622 466 
Vertex 467 distance 42
0 266 328 388 84 596 407 157 136 467 
Vertex 468 distance 38
0 266 328 30 404 468 
Vertex 469 distance 43
0 266 191 512 469 
Vertex 470 distance 33
0 266 328 388 429 470 
Vertex 471 distance 38
0 266 191 326 549 184 119 471 
Vertex 472 distance 38
0 228 27 472 
Vertex 473 distance 31
0 266 478 473 
Vertex 474 distance 36
0 266 328 30 404 474 
Vertex 475 distance 43
0 266 328 361 110 475 
Vertex 476 distance 35
0 266 191 326 99 441 223 476 
Vertex 477 distance 45
0 266 328 30 531 457 239 251 477 
Vertex 478 distance 21
0 266 478 
Vertex 479 distance 45
0 266 328 30 404 8 67 479 
Vertex 480 distance 43
0 266 328 388 480 
Vertex 481 distance 49
0 266 328 388 306 568 89 481 
Vertex 482 distance 45
0 282 524 437 49 482 
Vertex 483 distance 35
0 266 508 631 581 594 483 
Vertex 484 distance 47
0 266 191 326 99 441 223 637 484 
Vertex 485 distance 46
0 266 508 631 581 594 483 2 485 
Vertex 486 distance 47
0 266 191 183 486 
Vertex 487 distance 31
0 266 328 487 
Vertex 488 distance 35
0 266 328 30 531 457 386 488 
Vertex 489 distance 21
0 266 489 
Vertex 490 distance 47
0 266 191 210 503 189 490 
Vertex 491 distance 51
0 266 191 326 549 553 315 491 
Vertex 492 distance 60
0 228 249 372 492 
Vertex 493 distance 33
0 266 489 272 37 591 493 
Vertex 494 distance 50
0 266 328 388 84 596 407 157 319 194 494 
Vertex 495 distance 29
0 266 508 495 
Vertex 496 distance 46
0 266 328 388 429 539 496 
Vertex 497 distance 50
0 266 478 364 370 253 497 
Vertex 498 distance 38
0 266 191 326 99 498 
Vertex 499 distance 36
0 266 575 511 499 
Vertex 500 distance 41
0 266 328 388 84 207 517 528 500 
Vertex 501 distance 44
0 266 328 30 531 412 373 501 
Vertex 502 distance 26
0 266 489 502 
Vertex 503 distance 36
0 266 191 210 503 
Vertex 504 distance 43
0 266 191 326 99 504 
Vertex 505 distance 52
0 266 489 272 108 169 535 156 505 
Vertex 506 distance 47
0 228 27 472 433 142 24 506 
Vertex 507 distance 31
0 266 489 272 108 169 535 507 
Vertex 508 distance 20
0 266 508 
Vertex 509 distance 54
0 266 191 512 469 509 
Vertex 510 distance 46
0 266 478 364 510 
Vertex 511 distance 32
0 266 575 511 
Vertex 512 distance 34
0 266 191 512 
Vertex 513 distance 46
0 282 462 513 
Vertex 514 distance 51
0 266 191 326 99 441 94 514 
Vertex 515 distance 38
0 266 508 565 283 515 
Vertex 516 distance 40
0 266 516 
Vertex 517 distance 33
0 266 328 388 84 207 517 
Vertex 518 distance 39
0 266 489 235 518 
Vertex 519 distance 32
0 519 
Vertex 520 distance 43
0 266 328 388 306 234 278 520 
Vertex 521 distance 48
0 266 478 473 57 552 4 521 
Vertex 522 distance 35
0 266 328 388 387 141 522 
Vertex 523 distance 39
0 344 66 286 410 523 
Vertex 524 distance 32
0 282 524 
Vertex 525 distance 38
0 266 508 117 378 525 
Vertex 526 distance 39
0 282 462 526 
Vertex 527 distance 37
0 266 508 527 
Vertex 528 distance 40
0 266 328 388 84 207 517 528 
Vertex 529 distance 45
0 266 191 324 529 
Vertex 530 distance 36
0 266 191 512 530 
Vertex 531 distance 24
0 266 328 30 531 
Vertex 532 distance 37
0 266 328 388 306 532 
Vertex 533 distance 45
0 266 328 30 404 8 244 533 
Vertex 534 distance 53
0 266 328 388 306 234 278 520 534 
Vertex 535 distance 30
0 266 489 272 108 169 535 
Vertex 536 distance 47
0 266 191 210 503 189 536 
Vertex 537 distance 32
0 113 537 
Vertex 538 distance 45
0 266 328 388 84 596 407 560 538 
Vertex 539 distance 30
0 266 328 388 429 539 
Vertex 540 distance 38
0 266 478 299 227 540 
Vertex 541 distance 37
0 113 537 395 541 
Vertex 542 distance 41
0 266 478 425 542 
Vertex 543 distance 58
0 266 489 272 413 95 543 
Vertex 544 distance 44
0 266 478 473 57 608 544 
Vertex 545 distance 35
0 266 489 272 108 391 583 545 
Vertex 546 distance 51
0 282 524 80 546 
Vertex 547 distance 27
0 228 547 
Vertex 548 distance 57
0 344 66 548 
Vertex 549 distance 27
0 266 191 326 549 
Vertex 550 distance 42
0 266 191 210 503 189 550 
Vertex 551 distance 49
0 266 328 388 84 596 407 157 136 467 551 
Vertex 552 distance 39
0 266 478 473 57 552 
Vertex 553 distance 30
0 266 191 326 549 553 
Vertex 554 distance 38
0 266 478 425 554 
Vertex 555 distance 39
0 282 421 555 
Vertex 556 distance 47
0 266 508 117 567 130 146 556 
Vertex 557 distance 37
0 266 328 30 404 474 557 
Vertex 558 distance 41
0 266 328 388 84 381 558 
Vertex 559 distance 49
0 266 489 272 413 198 559 
Vertex 560 distance 36
0 266 328 388 84 596 407 560 
Vertex 561 distance 44
0 266 508 117 567 130 146 561 
Vertex 562 distance 48
0 266 328 388 429 539 29 562 
Vertex 563 distance 31
0 266 508 335 563 
Vertex 564 distance 44
0 266 191 512 469 564 
Vertex 565 distance 32
0 266 508 565 
Vertex 566 distance 38
0 266 191 210 566 
Vertex 567 distance 30
0 266 508 117 567 
Vertex 568 distance 31
0 266 328 388 306 568 
Vertex 569 distance 44
0 228 547 126 459 569 
Vertex 570 distance 44
0 266 328 30 531 457 598 118 392 570 
Vertex 571 distance 52
0 282 462 571 
Vertex 572 distance 44
0 266 328 388 84 572 
Vertex 573 distance 36
0 266 328 30 531 457 239 573 
Vertex 574 distance 40
0 266 478 574 
Vertex 575 distance 31
0 266 575 
Vertex 576 distance 58
0 266 508 631 358 576 
Vertex 577 distance 42
0 266 478 425 295 577 
Vertex 578 distance 37
0 266 191 265 369 578 
Vertex 579 distance 47
0 266 575 454 579 
Vertex 580 distance 48
0 266 478 364 370 253 580 
Vertex 581 distance 32
0 266 508 631 581 
Vertex 582 distance 26
0 266 328 388 582 
Vertex 583 distance 32
0 266 489 272 108 391 583 
Vertex 584 distance 45
0 266 508 495 584 
Vertex 585 distance 37
0 266 508 565 290 585 
Vertex 586 distance 30
0 266 191 326 549 586 
Vertex 587 distance 39
0 266 478 364 370 20 587 
Vertex 588 distance 53
0 266 489 272 413 95 428 588 
Vertex 589 distance 53
0 266 191 265 589 
Vertex 590 distance 35
0 228 547 126 590 
Vertex 591 distance 31
0 266 489 272 37 591 
Vertex 592 distance 37
0 266 328 487 376 34 592 
Vertex 593 distance 39
0 228 547 126 459 593 
Vertex 594 distance 33
0 266 508 631 581 594 
Vertex 595 distance 49
0 266 191 326 549 553 307 630 595 
Vertex 596 distance 32
0 266 328 388 84 596 
Vertex 597 distance 48
0 266 489 597 
Vertex 598 distance 30
0 266 328 30 531 457 598 
Vertex 599 distance 51
0 266 328 388 84 28 599 
Vertex 600 distance 43
0 266 191 265 369 600 
Vertex 601 distance 41
0 228 249 601 
Vertex 602 distance 45
0 266 191 326 99 441 223 637 202 602 
Vertex 603 distance 34
0 266 489 272 37 591 493 603 
Vertex 604 distance 33
0 282 340 385 604 
Vertex 605 distance 44
0 266 191 326 99 441 94 605 
Vertex 606 distance 41
0 282 340 385 171 606 
Vertex 607 distance 39
0 266 508 631 581 170 607 
Vertex 608 distance 39
0 266 478 473 57 608 
Vertex 609 distance 38
0 266 478 473 57 609 
Vertex 610 distance 36
0 266 328 388 84 610 
Vertex 611 distance 46
0 266 489 272 342 611 
Vertex 612 distance 49
0 266 328 30 404 8 244 533 612 
Vertex 613 distance 41
0 266 328 388 84 317 613 
Vertex 614 distance 47
0 266 328 388 387 11 615 614 
Vertex 615 distance 44
0 266 328 388 387 11 615 
Vertex 616 distance 39
0 113 537 395 541 616 
Vertex 617 distance 34
0 266 478 364 370 623 617 
Vertex 618 distance 48
0 266 508 117 567 618 
Vertex 619 distance 44
0 266 478 473 619 
Vertex 620 distance 38
0 266 191 326 620 
Vertex 621 distance 40
0 266 328 388 429 539 621 
Vertex 622 distance 50
0 266 508 565 622 
Vertex 623 distance 33
0 266 478 364 370 623 
Vertex 624 distance 41
0 266 478 425 624 
Vertex 625 distance 47
0 266 191 512 625 
Vertex 626 distance 41
0 266 508 117 378 355 626 
Vertex 627 distance 39
0 266 328 388 306 532 627 
Vertex 628 distance 33
0 266 489 628 
Vertex 629 distance 36
0 266 508 565 629 
Vertex 630 distance 42
0 266 191 326 549 553 307 630 
Vertex 631 distance 29
0 266 508 631 
Vertex 632 distance 42
0 266 328 388 306 568 195 632 
Vertex 633 distance 41
0 282 340 385 604 633 
Vertex 634 distance 38
0 266 328 388 387 141 634 
Vertex 635 distance 43
0 266 328 388 306 389 635 
Vertex 636 distance 53
0 282 340 385 636 
Vertex 637 distance 36
0 266 191 326 99 441 223 637 
Vertex 638 distance 46
0 266 489 272 108 169 535 638 
Vertex 639 distance 56
0 266 478 473 57 552 639 
