Vertex 0 distance 0
0 0 
Vertex 1 distance 22
0 557 214 522 484 1 
Vertex 2 distance 29
0 557 214 502 15 286 209 2 
Vertex 3 distance 30
0 482 194 80 3 
Vertex 4 distance 25
0 482 194 334 169 34 538 4 
Vertex 5 distance 32
0 482 225 5 
Vertex 6 distance 27
0 577 348 29 311 6 
Vertex 7 distance 31
0 557 214 123 458 566 463 7 
Vertex 8 distance 15
0 557 259 8 
Vertex 9 distance 23
0 577 348 290 105 9 
Vertex 10 distance 22
0 557 65 150 630 515 18 403 161 10 
Vertex 11 distance 14
0 577 11 
Vertex 12 distance 27
0 482 194 334 169 34 33 12 
Vertex 13 distance 19
0 557 65 150 395 13 
Vertex 14 distance 36
0 577 11 14 
Vertex 15 distance 15
0 557 214 502 15 
Vertex 16 distance 37
0 557 65 150 630 376 405 16 
Vertex 17 distance 21
0 577 348 29 311 17 
Vertex 18 distance 18
0 557 65 150 630 515 18 
Vertex 19 distance 16
0 482 233 628 52 19 
Vertex 20 distance 23
0 482 194 274 252 20 
Vertex 21 distance 32
0 577 11 305 404 263 501 21 
Vertex 22 distance 29
0 139 563 450 22 
Vertex 23 distance 28
0 482 233 57 197 23 
Vertex 24 distance 32
0 482 194 264 266 299 24 
Vertex 25 distance 33
0 557 214 502 15 286 209 25 
Vertex 26 distance 27
0 139 26 
Vertex 27 distance 28
0 557 214 522 361 27 
Vertex 28 distance 22
0 557 65 231 28 
Vertex 29 distance 16
0 577 348 29 
Vertex 30 distance 23
0 482 194 274 426 30 
Vertex 31 distance 40
0 557 214 123 458 566 204 31 
Vertex 32 distance 23
0 577 348 135 317 32 
Vertex 33 distance 26
0 482 194 334 169 34 33 
Vertex 34 distance 19
0 482 194 334 169 34 
Vertex 35 distance 23
0 557 214 502 189 281 35 
Vertex 36 distance 43
0 557 214 123 581 282 359 36 
Vertex 37 distance 26
0 577 348 521 265 37 
Vertex 38 distance 28
0 139 391 66 38 
Vertex 39 distance 23
0 577 348 290 105 627 39 
Vertex 40 distance 16
0 482 194 264 40 
Vertex 41 distance 35
0 557 65 150 395 13 610 41 
Vertex 42 distance 22
0 482 233 628 52 19 42 
Vertex 43 distance 26
0 557 65 150 630 43 
Vertex 44 distance 29
0 577 348 29 44 
Vertex 45 distance 20
0 557 214 45 
Vertex 46 distance 24
0 482 233 628 429 46 
Vertex 47 distance 41
0 482 194 83 308 408 47 
Vertex 48 distance 35
0 577 48 
Vertex 49 distance 27
0 139 391 49 
Vertex 50 distance 29
0 557 65 150 372 564 316 50 
Vertex 51 distance 36
0 557 214 270 170 146 200 51 
Vertex 52 distance 15
0 482 233 628 52 
Vertex 53 distance 35
0 577 11 305 84 53 
Vertex 54 distance 37
0 557 65 418 427 298 54 
Vertex 55 distance 33
0 557 259 8 490 256 55 
Vertex 56 distance 15
0 577 173 56 
Vertex 57 distance 16
0 482 233 57 
Vertex 58 distance 20
0 139 563 58 
Vertex 59 distance 21
0 577 617 59 
Vertex 60 distance 29
0 557 214 502 15 286 60 
Vertex 61 distance 26
0 557 214 522 99 61 
Vertex 62 distance 31
0 482 194 264 40 62 
Vertex 63 distance 21
0 482 194 264 323 63 
Vertex 64 distance 32
0 482 194 264 40 64 
Vertex 65 distance 7
0 557 65 
Vertex 66 distance 19
0 139 391 66 
Vertex 67 distance 20
0 557 214 502 189 67 
Vertex 68 distance 31
0 577 348 135 317 390 68 
Vertex 69 distance 28
0 482 233 628 529 339 69 
Vertex 70 distance 23
0 577 348 70 
Vertex 71 distance 26
0 482 233 628 52 71 
Vertex 72 distance 27
0 482 194 334 228 448 72 
Vertex 73 distance 23
0 557 73 
Vertex 74 distance 17
0 557 65 231 74 
Vertex 75 distance 30
0 577 348 135 351 75 
Vertex 76 distance 23
0 577 348 29 342 76 
Vertex 77 distance 31
0 577 348 29 342 76 592 599 596 77 
Vertex 78 distance 30
0 557 65 150 630 515 103 567 78 
Vertex 79 distance 37
0 577 11 305 404 188 79 
Vertex 80 distance 26
0 482 194 80 
Vertex 81 distance 29
0 557 65 150 372 607 402 81 
Vertex 82 distance 29
0 557 214 522 484 1 82 
Vertex 83 distance 28
0 482 194 83 
Vertex 84 distance 25
0 577 11 305 84 
Vertex 85 distance 27
0 557 65 231 28 513 85 
Vertex 86 distance 21
0 577 348 29 311 326 86 
Vertex 87 distance 25
0 557 214 522 361 87 
Vertex 88 distance 47
0 577 11 303 164 88 
Vertex 89 distance 24
0 557 214 502 189 89 
Vertex 90 distance 26
0 577 617 90 
Vertex 91 distance 36
0 482 194 334 169 319 91 
Vertex 92 distance 29
0 557 214 123 458 92 
Vertex 93 distance 24
0 577 348 135 317 93 
Vertex 94 distance 41
0 482 233 628 593 246 245 94 
Vertex 95 distance 26
0 544 95 
Vertex 96 distance 28
0 557 214 123 458 566 204 284 96 
Vertex 97 distance 30
0 482 233 628 593 246 97 
Vertex 98 distance 24
0 482 233 628 98 
Vertex 99 distance 22
0 557 214 522 99 
Vertex 100 distance 31
0 557 214 270 100 
Vertex 101 distance 31
0 482 194 264 101 
Vertex 102 distance 51
0 557 214 123 581 282 556 102 
Vertex 103 distance 27
0 557 65 150 630 515 103 
Vertex 104 distance 29
0 577 348 135 351 104 
Vertex 105 distance 19
0 577 348 290 105 
Vertex 106 distance 25
0 557 214 502 15 286 288 106 
Vertex 107 distance 29
0 577 348 70 180 107 
Vertex 108 distance 22
0 557 65 466 108 
Vertex 109 distance 25
0 577 348 290 105 627 39 109 
Vertex 110 distance 33
0 557 214 522 484 110 
Vertex 111 distance 22
0 557 214 123 458 566 445 111 
Vertex 112 distance 30
0 482 398 112 
Vertex 113 distance 36
0 482 194 264 323 63 514 113 
Vertex 114 distance 23
0 557 65 231 74 318 114 
Vertex 115 distance 28
0 139 563 58 127 115 
Vertex 116 distance 25
0 557 65 231 410 116 
Vertex 117 distance 27
0 482 233 628 529 333 467 129 268 117 
Vertex 118 distance 26
0 482 194 334 169 118 
Vertex 119 distance 31
0 577 11 119 
Vertex 120 distance 42
0 139 563 450 455 120 
Vertex 121 distance 22
0 482 194 264 266 528 456 121 
Vertex 122 distance 19
0 139 391 122 
Vertex 123 distance 15
0 557 214 123 
Vertex 124 distance 22
0 577 173 439 488 124 
Vertex 125 distance 25
0 482 194 264 266 275 125 
Vertex 126 distance 34
0 557 214 123 619 508 437 262 126 
Vertex 127 distance 23
0 139 563 58 127 
Vertex 128 distance 33
0 544 526 128 
Vertex 129 distance 21
0 482 233 628 529 333 467 129 
Vertex 130 distance 23
0 482 233 628 529 333 467 130 
Vertex 131 distance 34
0 139 563 131 
Vertex 132 distance 19
0 557 214 132 
Vertex 133 distance 14
0 482 194 133 
Vertex 134 distance 24
0 557 214 502 15 286 288 134 
Vertex 135 distance 19
0 577 348 135 
Vertex 136 distance 27
0 482 233 628 613 136 
Vertex 137 distance 36
0 557 259 446 137 
Vertex 138 distance 31
0 139 563 450 22 138 
Vertex 139 distance 12
0 139 
Vertex 140 distance 36
0 482 194 334 228 448 140 
Vertex 141 distance 20
0 577 11 518 530 141 
Vertex 142 distance 28
0 557 65 150 355 313 320 142 
Vertex 143 distance 21
0 557 214 502 15 143 
Vertex 144 distance 50
0 557 214 270 170 144 
Vertex 145 distance 34
0 557 65 150 372 564 337 582 145 
Vertex 146 distance 21
0 557 214 270 170 146 
Vertex 147 distance 19
0 557 259 8 300 147 
Vertex 148 distance 32
0 557 214 502 15 143 486 148 
Vertex 149 distance 25
0 482 194 264 266 275 149 
Vertex 150 distance 12
0 557 65 150 
Vertex 151 distance 18
0 557 214 151 
Vertex 152 distance 36
0 557 214 522 484 110 152 
Vertex 153 distance 31
0 557 65 150 395 13 153 
Vertex 154 distance 34
0 482 194 264 266 275 125 312 154 
Vertex 155 distance 25
0 557 214 502 15 286 288 155 
Vertex 156 distance 24
0 557 65 231 74 156 
Vertex 157 distance 24
0 557 65 157 
Vertex 158 distance 37
0 482 233 57 197 158 
Vertex 159 distance 30
0 139 182 159 
Vertex 160 distance 21
0 577 11 518 530 160 
Vertex 161 distance 20
0 557 65 150 630 515 18 403 161 
Vertex 162 distance 22
0 482 194 334 162 
Vertex 163 distance 29
0 577 348 135 317 93 163 
Vertex 164 distance 32
0 577 11 303 164 
Vertex 165 distance 28
0 577 348 29 311 326 165 
Vertex 166 distance 33
0 577 348 135 317 190 166 
Vertex 167 distance 27
0 482 194 264 323 63 184 167 
Vertex 168 distance 38
0 557 214 502 15 286 168 
Vertex 169 distance 13
0 482 194 334 169 
Vertex 170 distance 19
0 557 214 270 170 
Vertex 171 distance 30
0 557 65 517 171 
Vertex 172 distance 20
0 482 233 57 172 
Vertex 173 distance 12
0 577 173 
Vertex 174 distance 33
0 577 348 29 618 174 
Vertex 175 distance 27
0 557 214 502 189 281 230 175 
Vertex 176 distance 26
0 557 214 45 504 176 
Vertex 177 distance 30
0 577 11 305 404 188 177 
Vertex 178 distance 30
0 482 194 264 266 275 451 178 
Vertex 179 distance 36
0 482 233 628 529 339 310 179 
Vertex 180 distance 24
0 577 348 70 180 
Vertex 181 distance 29
0 557 214 270 170 146 181 
Vertex 182 distance 16
0 139 182 
Vertex 183 distance 31
0 577 348 290 105 627 39 109 183 
Vertex 184 distance 26
0 482 194 264 323 63 184 
Vertex 185 distance 21
0 139 563 58 185 
Vertex 186 distance 32
0 482 233 628 52 19 186 
Vertex 187 distance 35
0 482 233 628 52 19 42 222 572 187 
Vertex 188 distance 28
0 577 11 305 404 188 
Vertex 189 distance 16
0 557 214 502 189 
Vertex 190 distance 23
0 577 348 135 317 190 
Vertex 191 distance 27
0 557 65 231 410 116 191 
Vertex 192 distance 28
0 482 194 334 169 573 192 
Vertex 193 distance 26
0 482 194 264 266 275 125 193 
Vertex 194 distance 4
0 482 194 
Vertex 195 distance 22
0 139 182 195 
Vertex 196 distance 26
0 577 348 29 311 326 196 
Vertex 197 distance 22
0 482 233 57 197 
Vertex 198 distance 24
0 557 65 231 198 
Vertex 199 distance 24
0 482 194 334 228 598 199 
Vertex 200 distance 26
0 557 214 270 170 146 200 
Vertex 201 distance 27
0 577 11 305 404 201 
Vertex 202 distance 33
0 577 11 305 202 
Vertex 203 distance 35
0 577 11 305 404 188 177 382 203 
Vertex 204 distance 22
0 557 214 123 458 566 204 
Vertex 205 distance 34
0 577 348 521 265 37 205 
Vertex 206 distance 27
0 557 65 231 206 
Vertex 207 distance 34
0 482 194 274 252 20 207 
Vertex 208 distance 25
0 577 348 29 311 326 208 
Vertex 209 distance 20
0 557 214 502 15 286 209 
Vertex 210 distance 31
0 577 348 29 342 632 210 
Vertex 211 distance 35
0 482 194 274 426 30 478 211 
Vertex 212 distance 28
0 577 348 135 317 190 212 
Vertex 213 distance 32
0 577 348 70 213 
Vertex 214 distance 9
0 557 214 
Vertex 215 distance 21
0 557 214 215 
Vertex 216 distance 18
0 482 194 334 228 216 
Vertex 217 distance 23
0 482 194 334 169 34 217 
Vertex 218 distance 32
0 139 391 49 374 218 
Vertex 219 distance 21
0 482 194 334 169 219 
Vertex 220 distance 28
0 577 348 135 317 93 461 220 
Vertex 221 distance 20
0 557 214 522 221 
Vertex 222 distance 23
0 482 233 628 52 19 42 222 
Vertex 223 distance 26
0 139 563 58 223 
Vertex 224 distance 28
0 557 65 150 355 313 224 
Vertex 225 distance 23
0 482 225 
Vertex 226 distance 33
0 139 563 450 22 226 
Vertex 227 distance 32
0 482 233 628 593 246 97 227 
Vertex 228 distance 14
0 482 194 334 228 
Vertex 229 distance 20
0 557 214 502 229 
Vertex 230 distance 21
0 557 214 502 189 281 230 
Vertex 231 distance 15
0 557 65 231 
Vertex 232 distance 35
0 577 348 135 317 32 493 232 
Vertex 233 distance 4
0 482 233 
Vertex 234 distance 32
0 577 348 290 234 
Vertex 235 distance 28
0 482 194 264 323 63 354 235 
Vertex 236 distance 32
0 557 214 502 15 286 288 134 236 
Vertex 237 distance 26
0 482 233 628 613 237 
Vertex 238 distance 26
0 557 214 502 229 238 
Vertex 239 distance 31
0 557 214 123 619 239 
Vertex 240 distance 26
0 557 214 123 581 282 240 
Vertex 241 distance 25
0 482 233 628 52 19 42 241 
Vertex 242 distance 29
0 577 173 439 242 
Vertex 243 distance 29
0 557 259 8 490 256 243 
Vertex 244 distance 38
0 139 563 58 223 244 
Vertex 245 distance 28
0 482 233 628 593 246 245 
Vertex 246 distance 18
0 482 233 628 593 246 
Vertex 247 distance 32
0 557 65 418 427 298 247 
Vertex 248 distance 29
0 482 233 628 529 339 248 
Vertex 249 distance 28
0 557 65 231 410 249 
Vertex 250 distance 25
0 482 194 264 250 
Vertex 251 distance 22
0 557 214 123 581 282 251 
Vertex 252 distance 17
0 482 194 274 252 
Vertex 253 distance 33
0 482 233 628 529 333 467 600 253 
Vertex 254 distance 40
0 557 214 45 504 597 254 
Vertex 255 distance 32
0 557 214 45 504 597 255 
Vertex 256 distance 28
0 557 259 8 490 256 
Vertex 257 distance 25
0 557 73 257 
Vertex 258 distance 28
0 482 194 334 169 219 371 258 
Vertex 259 distance 11
0 557 259 
Vertex 260 distance 41
0 577 11 518 260 
Vertex 261 distance 17
0 577 348 29 261 
Vertex 262 distance 30
0 557 214 123 619 508 437 262 
Vertex 263 distance 18
0 577 11 305 404 263 
Vertex 264 distance 8
0 482 194 264 
Vertex 265 distance 18
0 577 348 521 265 
Vertex 266 distance 12
0 482 194 264 266 
Vertex 267 distance 33
0 577 11 518 530 160 267 
Vertex 268 distance 24
0 482 233 628 529 333 467 129 268 
Vertex 269 distance 32
0 577 348 290 269 
Vertex 270 distance 11
0 557 214 270 
Vertex 271 distance 34
0 577 348 135 317 32 271 
Vertex 272 distance 41
0 482 233 628 429 46 586 272 
Vertex 273 distance 32
0 482 194 273 
Vertex 274 distance 12
0 482 194 274 
Vertex 275 distance 16
0 482 194 264 266 275 
Vertex 276 distance 29
0 139 391 49 276 
Vertex 277 distance 24
0 139 182 195 277 
Vertex 278 distance 26
0 577 348 521 265 278 
Vertex 279 distance 22
0 482 233 628 279 
Vertex 280 distance 26
0 557 65 150 372 564 316 280 
Vertex 281 distance 19
0 557 214 502 189 281 
Vertex 282 distance 19
0 557 214 123 581 282 
Vertex 283 distance 27
0 557 214 270 170 146 283 
Vertex 284 distance 23
0 557 214 123 458 566 204 284 
Vertex 285 distance 33
0 482 194 264 323 63 285 
Vertex 286 distance 17
0 557 214 502 15 286 
Vertex 287 distance 39
0 577 348 135 351 104 287 
Vertex 288 distance 23
0 557 214 502 15 286 288 
Vertex 289 distance 36
0 482 233 57 289 
Vertex 290 distance 15
0 577 348 290 
Vertex 291 distance 35
0 577 348 135 317 93 461 220 291 
Vertex 292 distance 29
0 557 214 522 361 292 
Vertex 293 distance 30
0 139 391 293 
Vertex 294 distance 32
0 557 65 150 630 376 294 
Vertex 295 distance 30
0 577 173 329 543 295 
Vertex 296 distance 32
0 482 194 334 169 573 192 296 
Vertex 297 distance 26
0 577 348 290 105 627 39 109 297 
Vertex 298 distance 29
0 557 65 418 427 298 
Vertex 299 distance 26
0 482 194 264 266 299 
Vertex 300 distance 16
0 557 259 8 300 
Vertex 301 distance 25
0 482 194 264 301 
Vertex 302 distance 21
0 557 214 123 581 302 
Vertex 303 distance 24
0 577 11 303 
Vertex 304 distance 29
0 557 65 150 630 515 103 304 
Vertex 305 distance 16
0 577 11 305 
Vertex 306 distance 29
0 557 259 8 300 147 306 
Vertex 307 distance 19
0 482 233 628 307 
Vertex 308 distance 30
0 482 194 83 308 
Vertex 309 distance 30
0 557 65 231 410 116 191 309 
Vertex 310 distance 23
0 482 233 628 529 339 310 
Vertex 311 distance 17
0 577 348 29 311 
Vertex 312 distance 32
0 482 194 264 266 275 125 312 
Vertex 313 distance 25
0 557 65 150 355 313 
Vertex 314 distance 24
0 482 233 628 529 333 534 314 
Vertex 315 distance 23
0 557 259 8 300 315 
Vertex 316 distance 25
0 557 65 150 372 564 316 
Vertex 317 distance 22
0 577 348 135 317 
Vertex 318 distance 18
0 557 65 231 74 318 
Vertex 319 distance 18
0 482 194 334 169 319 
Vertex 320 distance 26
0 557 65 150 355 313 320 
Vertex 321 distance 36
0 557 214 502 15 143 486 148 321 
Vertex 322 distance 25
0 557 259 8 300 322 
Vertex 323 distance 19
0 482 194 264 323 
Vertex 324 distance 20
0 324 
Vertex 325 distance 29
0 577 348 135 317 190 325 
Vertex 326 distance 18
0 577 348 29 311 326 
Vertex 327 distance 29
0 482 194 264 323 63 354 327 
Vertex 328 distance 24
0 557 214 522 484 520 328 
Vertex 329 distance 22
0 577 173 329 
Vertex 330 distance 36
0 557 214 502 189 281 230 330 
Vertex 331 distance 27
0 557 214 270 170 146 331 
Vertex 332 distance 24
0 482 194 334 169 219 371 332 
Vertex 333 distance 15
0 482 233 628 529 333 
Vertex 334 distance 12
0 482 194 334 
Vertex 335 distance 35
0 482 194 264 323 63 354 335 
Vertex 336 distance 22
0 557 65 231 410 336 
Vertex 337 distance 29
0 557 65 150 372 564 337 
Vertex 338 distance 22
0 482 194 334 228 338 
Vertex 339 distance 17
0 482 233 628 529 339 
Vertex 340 distance 34
0 139 182 159 340 
Vertex 341 distance 16
0 482 194 334 228 341 
Vertex 342 distance 17
0 577 348 29 342 
Vertex 343 distance 28
0 557 259 8 300 343 
Vertex 344 distance 28
0 482 233 628 98 344 
Vertex 345 distance 36
0 557 214 502 15 286 60 345 
Vertex 346 distance 32
0 557 65 466 108 562 523 631 346 
Vertex 347 distance 31
0 557 214 123 581 282 556 347 
Vertex 348 distance 10
0 577 348 
Vertex 349 distance 23
0 577 11 305 404 349 
Vertex 350 distance 21
0 482 194 334 228 598 350 
Vertex 351 distance 20
0 577 348 135 351 
Vertex 352 distance 22
0 139 182 352 
Vertex 353 distance 30
0 557 65 150 372 564 337 353 
Vertex 354 distance 22
0 482 194 264 323 63 354 
Vertex 355 distance 22
0 557 65 150 355 
Vertex 356 distance 29
0 577 11 305 404 201 356 
Vertex 357 distance 25
0 557 214 123 458 357 
Vertex 358 distance 31
0 557 65 150 372 564 358 
Vertex 359 distance 26
0 557 214 123 581 282 359 
Vertex 360 distance 28
0 557 214 132 375 360 
Vertex 361 distance 24
0 557 214 522 361 
Vertex 362 distance 29
0 482 194 264 266 275 125 635 362 
Vertex 363 distance 36
0 557 65 150 395 407 363 
Vertex 364 distance 36
0 482 194 264 266 275 451 178 364 
Vertex 365 distance 38
0 577 617 90 365 
Vertex 366 distance 24
0 482 233 628 279 366 
Vertex 367 distance 32
0 482 194 334 169 219 371 332 474 367 
Vertex 368 distance 31
0 557 214 522 368 
Vertex 369 distance 30
0 577 11 305 404 263 501 369 
Vertex 370 distance 31
0 544 389 370 
Vertex 371 distance 23
0 482 194 334 169 219 371 
Vertex 372 distance 14
0 557 65 150 372 
Vertex 373 distance 30
0 577 173 430 373 
Vertex 374 distance 30
0 139 391 49 374 
Vertex 375 distance 22
0 557 214 132 375 
Vertex 376 distance 24
0 557 65 150 630 376 
Vertex 377 distance 33
0 577 348 29 311 6 377 
Vertex 378 distance 40
0 557 65 231 410 116 378 
Vertex 379 distance 29
0 577 348 29 311 379 
Vertex 380 distance 37
0 577 11 305 404 263 501 369 380 
Vertex 381 distance 34
0 139 391 49 381 
Vertex 382 distance 33
0 577 11 305 404 188 177 382 
Vertex 383 distance 16
0 482 233 628 52 383 
Vertex 384 distance 44
0 482 233 628 529 333 467 130 384 
Vertex 385 distance 25
0 557 65 466 108 385 
Vertex 386 distance 39
0 577 173 329 543 386 
Vertex 387 distance 26
0 482 233 628 279 366 387 
Vertex 388 distance 43
0 557 214 270 170 146 480 388 
Vertex 389 distance 20
0 544 389 
Vertex 390 distance 24
0 577 348 135 317 390 
Vertex 391 distance 18
0 139 391 
Vertex 392 distance 22
0 482 194 334 228 341 392 
Vertex 393 distance 34
0 557 259 8 300 343 393 
Vertex 394 distance 25
0 577 11 305 404 349 394 
Vertex 395 distance 16
0 557 65 150 395 
Vertex 396 distance 23
0 482 233 628 593 396 
Vertex 397 distance 33
0 482 233 628 52 19 42 222 572 397 
Vertex 398 distance 23
0 482 398 
Vertex 399 distance 37
0 577 173 439 399 
Vertex 400 distance 28
0 482 194 334 228 448 72 400 
Vertex 401 distance 23
0 557 214 522 99 401 
Vertex 402 distance 27
0 557 65 150 372 607 402 
Vertex 403 distance 19
0 557 65 150 630 515 18 403 
Vertex 404 distance 17
0 577 11 305 404 
Vertex 405 distance 29
0 557 65 150 630 376 405 
Vertex 406 distance 30
0 557 65 466 406 
Vertex 407 distance 28
0 557 65 150 395 407 
Vertex 408 distance 35
0 482 194 83 308 408 
Vertex 409 distance 43
0 557 65 150 630 376 405 16 409 
Vertex 410 distance 19
0 557 65 231 410 
Vertex 411 distance 39
0 139 391 293 411 
Vertex 412 distance 23
0 557 259 446 412 
Vertex 413 distance 25
0 139 182 352 413 
Vertex 414 distance 28
0 482 194 264 323 63 354 414 
Vertex 415 distance 29
0 557 65 150 355 313 415 
Vertex 416 distance 38
0 139 26 416 
Vertex 417 distance 24
0 577 348 29 311 326 417 
Vertex 418 distance 20
0 557 65 418 
Vertex 419 distance 26
0 482 194 264 323 63 612 419 
Vertex 420 distance 35
0 482 194 273 420 
Vertex 421 distance 27
0 577 348 29 311 326 421 
Vertex 422 distance 25
0 482 194 133 422 
Vertex 423 distance 20
0 557 259 8 300 423 
Vertex 424 distance 27
0 577 348 29 342 76 592 599 424 
Vertex 425 distance 27
0 557 65 150 425 
Vertex 426 distance 20
0 482 194 274 426 
Vertex 427 distance 28
0 557 65 418 427 
Vertex 428 distance 26
0 482 194 274 252 428 
Vertex 429 distance 14
0 482 233 628 429 
Vertex 430 distance 26
0 577 173 430 
Vertex 431 distance 33
0 557 65 231 28 431 
Vertex 432 distance 33
0 482 225 5 432 
Vertex 433 distance 20
0 557 214 502 189 281 433 
Vertex 434 distance 31
0 557 214 123 619 508 437 434 
Vertex 435 distance 32
0 557 214 502 15 286 435 
Vertex 436 distance 38
0 557 259 436 
Vertex 437 distance 29
0 557 214 123 619 508 437 
Vertex 438 distance 34
0 482 194 334 169 34 538 438 
Vertex 439 distance 15
0 577 173 439 
Vertex 440 distance 38
0 482 233 628 529 333 440 
Vertex 441 distance 33
0 557 65 231 410 336 441 
Vertex 442 distance 37
0 557 214 123 619 508 437 262 442 
Vertex 443 distance 36
0 557 214 132 375 443 
Vertex 444 distance 30
0 577 348 29 311 379 444 
Vertex 445 distance 20
0 557 214 123 458 566 445 
Vertex 446 distance 21
0 557 259 446 
Vertex 447 distance 32
0 482 194 334 228 341 392 447 
Vertex 448 distance 19
0 482 194 334 228 448 
Vertex 449 distance 30
0 577 173 56 449 
Vertex 450 distance 27
0 139 563 450 
Vertex 451 distance 29
0 482 194 264 266 275 451 
Vertex 452 distance 27
0 577 11 305 84 452 
Vertex 453 distance 32
0 577 348 29 342 76 592 453 
Vertex 454 distance 31
0 557 259 8 454 
Vertex 455 distance 31
0 139 563 450 455 
Vertex 456 distance 19
0 482 194 264 266 528 456 
Vertex 457 distance 30
0 482 233 628 52 19 457 
Vertex 458 distance 17
0 557 214 123 458 
Vertex 459 distance 31
0 557 259 8 300 459 
Vertex 460 distance 26
0 482 194 264 266 275 149 460 
Vertex 461 distance 27
0 577 348 135 317 93 461 
Vertex 462 distance 40
0 557 259 8 490 256 243 462 
Vertex 463 distance 23
0 557 214 123 458 566 463 
Vertex 464 distance 23
0 482 233 464 
Vertex 465 distance 36
0 482 194 264 266 465 
Vertex 466 distance 21
0 557 65 466 
Vertex 467 distance 19
0 482 233 628 529 333 467 
Vertex 468 distance 33
0 557 65 150 355 313 415 468 
Vertex 469 distance 30
0 469 
Vertex 470 distance 34
0 139 391 66 38 470 
Vertex 471 distance 39
0 482 194 264 323 63 471 
Vertex 472 distance 26
0 557 214 502 189 281 433 472 
Vertex 473 distance 26
0 577 348 521 473 
Vertex 474 distance 28
0 482 194 334 169 219 371 332 474 
Vertex 475 distance 38
0 482 233 628 529 333 467 600 475 
Vertex 476 distance 44
0 557 65 466 108 562 523 476 
Vertex 477 distance 19
0 577 11 305 404 263 477 
Vertex 478 distance 24
0 482 194 274 426 30 478 
Vertex 479 distance 27
0 557 65 150 630 515 18 403 161 10 479 
Vertex 480 distance 26
0 557 214 270 170 146 480 
Vertex 481 distance 45
0 482 194 334 169 118 481 
Vertex 482 distance 1
0 482 
Vertex 483 distance 31
0 557 214 215 483 
Vertex 484 distance 17
0 557 214 522 484 
Vertex 485 distance 23
0 577 617 59 485 
Vertex 486 distance 31
0 557 214 502 15 143 486 
Vertex 487 distance 36
0 557 259 8 300 147 487 
Vertex 488 distance 21
0 577 173 439 488 
Vertex 489 distance 32
0 482 194 274 252 20 489 
Vertex 490 distance 18
0 557 259 8 490 
Vertex 491 distance 43
0 139 563 450 22 491 
Vertex 492 distance 23
0 557 214 270 170 492 
Vertex 493 distance 27
0 577 348 135 317 32 493 
Vertex 494 distance 25
0 557 65 150 372 607 494 
Vertex 495 distance 24
0 482 194 334 228 341 392 495 
Vertex 496 distance 35
0 139 26 496 
Vertex 497 distance 28
0 482 233 57 172 497 
Vertex 498 distance 25
0 557 214 123 581 498 
Vertex 499 distance 30
0 482 194 334 228 216 499 
Vertex 500 distance 31
0 482 194 334 228 338 500 
Vertex 501 distance 22
0 577 11 305 404 263 501 
Vertex 502 distance 13
0 557 214 502 
Vertex 503 distance 30
0 482 233 628 529 339 310 503 
Vertex 504 distance 25
0 557 214 45 504 
Vertex 505 distance 33
0 577 11 303 505 
Vertex 506 distance 35
0 577 11 305 84 452 506 
Vertex 507 distance 36
0 557 214 502 507 
Vertex 508 distance 28
0 557 214 123 619 508 
Vertex 509 distance 22
0 577 348 29 261 509 
Vertex 510 distance 39
0 482 225 510 
Vertex 511 distance 46
0 482 194 334 228 216 499 511 
Vertex 512 distance 32
0 577 11 558 512 
Vertex 513 distance 25
0 557 65 231 28 513 
Vertex 514 distance 30
0 482 194 264 323 63 514 
Vertex 515 distance 17
0 557 65 150 630 515 
Vertex 516 distance 31
0 482 398 112 516 
Vertex 517 distance 18
0 557 65 517 
Vertex 518 distance 16
0 577 11 518 
Vertex 519 distance 38
0 577 173 329 543 519 
Vertex 520 distance 20
0 557 214 522 484 520 
Vertex 521 distance 14
0 577 348 521 
Vertex 522 distance 14
0 557 214 522 
Vertex 523 distance 28
0 557 65 466 108 562 523 
Vertex 524 distance 30
0 139 182 524 
Vertex 525 distance 24
0 482 233 57 525 
Vertex 526 distance 20
0 544 526 
Vertex 527 distance 41
0 482 194 334 228 216 527 
Vertex 528 distance 13
0 482 194 264 266 528 
Vertex 529 distance 14
0 482 233 628 529 
Vertex 530 distance 17
0 577 11 518 530 
Vertex 531 distance 31
0 482 194 264 323 531 
Vertex 532 distance 25
0 557 214 123 581 282 532 
Vertex 533 distance 32
0 482 194 264 266 533 
Vertex 534 distance 23
0 482 233 628 529 333 534 
Vertex 535 distance 26
0 482 194 535 
Vertex 536 distance 24
0 577 348 29 311 326 86 536 
Vertex 537 distance 28
0 482 194 274 426 30 478 537 
Vertex 538 distance 20
0 482 194 334 169 34 538 
Vertex 539 distance 27
0 482 233 628 529 333 534 539 
Vertex 540 distance 28
0 557 65 150 630 515 18 403 161 540 
Vertex 541 distance 30
0 557 65 231 28 541 
Vertex 542 distance 24
0 482 233 628 279 542 
Vertex 543 distance 29
0 577 173 329 543 
Vertex 544 distance 2
0 544 
Vertex 545 distance 30
0 557 214 123 458 566 463 545 
Vertex 546 distance 32
0 577 11 305 404 201 568 546 
Vertex 547 distance 42
0 482 233 628 429 46 586 272 547 
Vertex 548 distance 24
0 557 65 418 548 
Vertex 549 distance 41
0 557 214 502 189 281 230 175 549 
Vertex 550 distance 27
0 577 348 29 342 76 592 550 
Vertex 551 distance 28
0 557 65 150 630 515 18 551 
Vertex 552 distance 32
0 577 348 135 317 32 493 552 
Vertex 553 distance 29
0 482 194 264 266 528 456 121 553 
Vertex 554 distance 32
0 577 173 329 543 554 
Vertex 555 distance 37
0 482 398 112 516 555 
Vertex 556 distance 23
0 557 214 123 581 282 556 
Vertex 557 distance 1
0 557 
Vertex 558 distance 26
0 577 11 558 
Vertex 559 distance 24
0 557 259 8 300 423 559 
Vertex 560 distance 32
0 557 65 231 410 116 191 560 
Vertex 561 distance 32
0 482 194 80 3 561 
Vertex 562 distance 25
0 557 65 466 108 562 
Vertex 563 distance 18
0 139 563 
Vertex 564 distance 20
0 557 65 150 372 564 
Vertex 565 distance 41
0 482 233 628 52 19 186 565 
Vertex 566 distance 19
0 557 214 123 458 566 
Vertex 567 distance 29
0 557 65 150 630 515 103 567 
Vertex 568 distance 28
0 577 11 305 404 201 568 
Vertex 569 distance 27
0 557 214 45 504 569 
Vertex 570 distance 25
0 557 214 123 619 570 
Vertex 571 distance 42
0 557 214 522 578 571 
Vertex 572 distance 31
0 482 233 628 52 19 42 222 572 
Vertex 573 distance 21
0 482 194 334 169 573 
Vertex 574 distance 28
0 482 233 628 529 333 534 574 
Vertex 575 distance 18
0 577 173 439 575 
Vertex 576 distance 18
0 482 194 334 228 576 
Vertex 577 distance 3
0 577 
Vertex 578 distance 25
0 557 214 522 578 
Vertex 579 distance 19
0 577 348 521 265 579 
Vertex 580 distance 19
0 482 233 628 593 246 580 
Vertex 581 distance 18
0 557 214 123 581 
Vertex 582 distance 33
0 557 65 150 372 564 337 582 
Vertex 583 distance 39
0 557 214 270 583 
Vertex 584 distance 31
0 577 348 521 473 584 
Vertex 585 distance 34
0 557 214 123 458 585 
Vertex 586 distance 27
0 482 233 628 429 46 586 
Vertex 587 distance 34
0 557 214 502 15 286 60 587 
Vertex 588 distance 36
0 557 214 270 170 146 181 588 
Vertex 589 distance 44
0 557 65 150 372 607 402 81 589 
Vertex 590 distance 24
0 544 590 
Vertex 591 distance 31
0 557 214 502 189 281 35 591 
Vertex 592 distance 24
0 577 348 29 342 76 592 
Vertex 593 distance 10
0 482 233 628 593 
Vertex 594 distance 33
0 482 233 628 52 19 42 222 594 
Vertex 595 distance 27
0 482 194 334 228 341 595 
Vertex 596 distance 29
0 577 348 29 342 76 592 599 596 
Vertex 597 distance 27
0 557 214 45 504 597 
Vertex 598 distance 16
0 482 194 334 228 598 
Vertex 599 distance 25
0 577 348 29 342 76 592 599 
Vertex 600 distance 24
0 482 233 628 529 333 467 600 
Vertex 601 distance 20
0 557 214 270 170 601 
Vertex 602 distance 33
0 557 214 502 15 602 
Vertex 603 distance 33
0 482 194 264 323 63 354 603 
Vertex 604 distance 38
0 482 194 264 266 528 604 
Vertex 605 distance 29
0 557 214 123 458 566 445 605 
Vertex 606 distance 25
0 557 65 150 372 606 
Vertex 607 distance 20
0 557 65 150 372 607 
Vertex 608 distance 25
0 577 11 305 404 263 608 
Vertex 609 distance 27
0 482 194 264 266 528 456 609 
Vertex 610 distance 26
0 557 65 150 395 13 610 
Vertex 611 distance 29
0 577 348 29 342 76 592 611 
Vertex 612 distance 25
0 482 194 264 323 63 612 
Vertex 613 distance 22
0 482 233 628 613 
Vertex 614 distance 30
0 482 194 83 614 
Vertex 615 distance 27
0 557 65 150 355 313 615 
Vertex 616 distance 26
0 482 233 628 52 383 616 
Vertex 617 distance 20
0 577 617 
Vertex 618 distance 26
0 577 348 29 618 
Vertex 619 distance 18
0 557 214 123 619 
Vertex 620 distance 33
0 577 348 70 180 620 
Vertex 621 distance 41
0 557 65 231 621 
Vertex 622 distance 26
0 557 214 522 484 520 622 
Vertex 623 distance 22
0 557 65 231 74 623 
Vertex 624 distance 44
0 557 259 8 300 147 487 624 
Vertex 625 distance 30
0 482 194 334 169 118 625 
Vertex 626 distance 34
0 544 95 626 
Vertex 627 distance 21
0 577 348 290 105 627 
Vertex 628 distance 7
0 482 233 628 
Vertex 629 distance 38
0 557 65 231 28 541 629 
Vertex 630 distance 15
0 557 65 150 630 
Vertex 631 distance 30
0 557 65 466 108 562 523 631 
Vertex 632 distance 22
0 577 348 29 342 632 
Vertex 633 distance 39
0 557 65 150 372 564 337 582 145 633 
Vertex 634 distance 33
0 482 233 628 613 237 634 
Vertex 635 distance 27
0 482 194 264 266 275 125 635 
Vertex 636 distance 25
0 577 348 29 311 326 86 536 636 
Vertex 637 distance 25
0 577 11 303 637 
Vertex 638 distance 26
0 482 194 334 228 598 638 
Vertex 639 distance 30
0 482 194 264 266 275 125 635 639 
