Vertex 0 distance 0
0 0 
Vertex 1 distance 32
0 362 324 2 306 347 1 
Vertex 2 distance 16
0 362 324 2 
Vertex 3 distance 35
0 267 463 563 3 
Vertex 4 distance 32
0 267 4 
Vertex 5 distance 36
0 362 352 43 5 
Vertex 6 distance 35
0 362 519 538 234 6 
Vertex 7 distance 22
0 362 324 269 7 
Vertex 8 distance 30
0 267 463 563 8 
Vertex 9 distance 39
0 362 324 269 7 9 
Vertex 10 distance 24
0 267 516 10 
Vertex 11 distance 34
0 267 144 503 478 418 11 
Vertex 12 distance 33
0 362 324 2 283 453 638 12 
Vertex 13 distance 37
0 362 324 269 528 169 293 13 
Vertex 14 distance 32
0 362 324 2 148 554 364 628 14 
Vertex 15 distance 33
0 362 324 2 522 109 15 
Vertex 16 distance 50
0 362 324 2 322 421 124 16 
Vertex 17 distance 59
0 267 463 563 173 607 136 266 17 
Vertex 18 distance 52
0 590 171 18 
Vertex 19 distance 39
0 362 324 2 148 554 364 94 165 19 
Vertex 20 distance 38
0 362 519 37 78 20 
Vertex 21 distance 39
0 362 324 269 528 169 122 205 345 21 
Vertex 22 distance 41
0 590 273 22 
Vertex 23 distance 43
0 267 463 384 23 
Vertex 24 distance 38
0 267 516 10 376 622 24 
Vertex 25 distance 29
0 362 324 2 322 25 
Vertex 26 distance 31
0 362 259 26 
Vertex 27 distance 32
0 362 484 339 507 27 
Vertex 28 distance 38
0 362 324 2 148 554 364 628 14 28 
Vertex 29 distance 39
0 362 352 500 372 319 29 
Vertex 30 distance 36
0 362 324 2 148 554 364 422 396 30 
Vertex 31 distance 38
0 362 96 31 
Vertex 32 distance 32
0 362 324 2 306 32 
Vertex 33 distance 41
0 362 324 2 322 168 33 
Vertex 34 distance 29
0 362 352 500 34 
Vertex 35 distance 40
0 267 516 10 376 35 
Vertex 36 distance 43
0 362 96 192 314 428 551 36 
Vertex 37 distance 27
0 362 519 37 
Vertex 38 distance 25
0 362 324 2 522 38 
Vertex 39 distance 42
0 590 171 141 328 39 
Vertex 40 distance 24
0 362 324 2 148 554 364 40 
Vertex 41 distance 27
0 362 324 2 522 38 41 
Vertex 42 distance 29
0 362 324 2 148 554 364 40 42 
Vertex 43 distance 23
0 362 352 43 
Vertex 44 distance 37
0 267 463 384 232 447 620 338 44 
Vertex 45 distance 43
0 362 352 138 316 278 45 
Vertex 46 distance 53
0 362 96 192 473 510 46 
Vertex 47 distance 40
0 267 505 132 47 
Vertex 48 distance 37
0 267 516 261 48 
Vertex 49 distance 42
0 267 219 49 
Vertex 50 distance 42
0 362 324 2 522 109 15 492 412 50 
Vertex 51 distance 30
0 267 463 384 232 51 
Vertex 52 distance 28
0 362 484 339 315 52 
Vertex 53 distance 43
0 362 53 
Vertex 54 distance 32
0 267 463 575 54 
Vertex 55 distance 30
0 362 324 2 148 336 240 55 
Vertex 56 distance 44
0 267 463 563 543 235 317 167 166 56 
Vertex 57 distance 38
0 362 324 269 7 57 
Vertex 58 distance 23
0 362 324 2 322 299 58 
Vertex 59 distance 26
0 267 463 59 
Vertex 60 distance 38
0 362 324 2 306 347 87 60 
Vertex 61 distance 34
0 267 516 261 84 61 
Vertex 62 distance 33
0 362 324 2 283 62 
Vertex 63 distance 37
0 362 324 269 7 63 
Vertex 64 distance 37
0 362 352 500 34 162 64 
Vertex 65 distance 21
0 362 324 2 522 65 
Vertex 66 distance 32
0 362 352 530 558 204 296 66 
Vertex 67 distance 28
0 362 96 192 473 510 67 
Vertex 68 distance 23
0 362 352 68 
Vertex 69 distance 37
0 362 352 104 152 69 
Vertex 70 distance 32
0 590 171 436 70 
Vertex 71 distance 49
0 362 352 530 610 187 440 71 
Vertex 72 distance 35
0 362 352 530 558 521 72 
Vertex 73 distance 33
0 267 463 563 117 73 
Vertex 74 distance 27
0 590 74 
Vertex 75 distance 60
0 362 352 530 558 204 296 66 75 
Vertex 76 distance 37
0 362 96 192 473 510 67 390 76 
Vertex 77 distance 42
0 267 463 563 173 212 609 327 77 
Vertex 78 distance 32
0 362 519 37 78 
Vertex 79 distance 29
0 590 621 79 
Vertex 80 distance 31
0 267 516 80 
Vertex 81 distance 34
0 362 324 2 148 336 188 571 81 
Vertex 82 distance 38
0 590 74 475 82 
Vertex 83 distance 39
0 362 352 617 83 
Vertex 84 distance 31
0 267 516 261 84 
Vertex 85 distance 33
0 362 324 2 522 365 85 
Vertex 86 distance 39
0 267 516 86 
Vertex 87 distance 35
0 362 324 2 306 347 87 
Vertex 88 distance 37
0 590 171 480 88 
Vertex 89 distance 34
0 267 108 120 89 
Vertex 90 distance 33
0 590 90 
Vertex 91 distance 34
0 267 463 265 307 548 91 
Vertex 92 distance 40
0 267 463 265 307 548 91 92 
Vertex 93 distance 31
0 267 463 563 173 93 
Vertex 94 distance 25
0 362 324 2 148 554 364 94 
Vertex 95 distance 41
0 362 519 37 157 95 
Vertex 96 distance 13
0 362 96 
Vertex 97 distance 45
0 267 463 563 8 97 
Vertex 98 distance 30
0 362 96 192 473 595 562 98 
Vertex 99 distance 39
0 362 324 2 148 554 364 630 477 99 
Vertex 100 distance 50
0 362 324 269 7 203 608 342 100 
Vertex 101 distance 33
0 362 324 2 148 554 364 94 101 
Vertex 102 distance 43
0 362 324 269 528 169 293 13 102 
Vertex 103 distance 36
0 267 463 384 232 103 
Vertex 104 distance 32
0 362 352 104 
Vertex 105 distance 49
0 362 324 2 283 62 518 105 
Vertex 106 distance 36
0 267 516 542 626 106 
Vertex 107 distance 36
0 362 324 2 283 107 
Vertex 108 distance 20
0 267 108 
Vertex 109 distance 24
0 362 324 2 522 109 
Vertex 110 distance 34
0 267 463 563 543 235 110 
Vertex 111 distance 39
0 362 324 2 306 347 111 
Vertex 112 distance 41
0 362 324 2 306 32 435 225 112 
Vertex 113 distance 37
0 590 461 176 113 
Vertex 114 distance 39
0 362 324 269 528 169 122 114 
Vertex 115 distance 33
0 362 96 585 115 
Vertex 116 distance 55
0 362 96 517 116 
Vertex 117 distance 20
0 267 463 563 117 
Vertex 118 distance 31
0 267 144 118 
Vertex 119 distance 39
0 362 352 294 119 
Vertex 120 distance 30
0 267 108 120 
Vertex 121 distance 29
0 362 352 500 121 
Vertex 122 distance 31
0 362 324 269 528 169 122 
Vertex 123 distance 36
0 362 324 2 283 453 123 
Vertex 124 distance 40
0 362 324 2 322 421 124 
Vertex 125 distance 36
0 362 324 269 528 169 125 
Vertex 126 distance 39
0 362 324 2 306 32 435 225 126 
Vertex 127 distance 27
0 267 516 261 262 127 
Vertex 128 distance 50
0 267 516 10 611 128 
Vertex 129 distance 35
0 267 144 360 129 
Vertex 130 distance 28
0 267 516 261 262 127 130 
Vertex 131 distance 37
0 362 352 530 558 204 296 66 404 131 
Vertex 132 distance 27
0 267 505 132 
Vertex 133 distance 26
0 267 463 384 232 529 133 
Vertex 134 distance 30
0 267 463 575 134 
Vertex 135 distance 43
0 362 352 617 135 
Vertex 136 distance 28
0 267 463 563 173 607 136 
Vertex 137 distance 29
0 590 137 
Vertex 138 distance 25
0 362 352 138 
Vertex 139 distance 34
0 362 324 2 322 168 139 
Vertex 140 distance 55
0 362 324 2 283 453 638 587 140 
Vertex 141 distance 24
0 590 171 141 
Vertex 142 distance 32
0 267 516 80 142 
Vertex 143 distance 43
0 362 324 2 306 347 87 60 143 
Vertex 144 distance 25
0 267 144 
Vertex 145 distance 33
0 362 324 2 148 336 188 145 
Vertex 146 distance 36
0 362 324 269 528 169 293 146 
Vertex 147 distance 35
0 267 463 265 307 244 147 
Vertex 148 distance 20
0 362 324 2 148 
Vertex 149 distance 41
0 590 321 149 
Vertex 150 distance 39
0 267 463 265 307 244 341 163 150 
Vertex 151 distance 21
0 267 108 151 
Vertex 152 distance 36
0 362 352 104 152 
Vertex 153 distance 33
0 267 144 503 153 
Vertex 154 distance 43
0 362 96 192 473 510 67 390 154 
Vertex 155 distance 43
0 362 324 2 522 155 
Vertex 156 distance 39
0 362 352 530 558 194 156 
Vertex 157 distance 40
0 362 519 37 157 
Vertex 158 distance 42
0 362 352 530 610 158 
Vertex 159 distance 45
0 590 461 176 600 159 
Vertex 160 distance 33
0 362 352 294 160 
Vertex 161 distance 38
0 267 516 542 626 161 
Vertex 162 distance 36
0 362 352 500 34 162 
Vertex 163 distance 33
0 267 463 265 307 244 341 163 
Vertex 164 distance 48
0 362 352 530 610 187 243 164 
Vertex 165 distance 37
0 362 324 2 148 554 364 94 165 
Vertex 166 distance 36
0 267 463 563 543 235 317 167 166 
Vertex 167 distance 35
0 267 463 563 543 235 317 167 
Vertex 168 distance 27
0 362 324 2 322 168 
Vertex 169 distance 30
0 362 324 269 528 169 
Vertex 170 distance 34
0 362 484 339 507 170 
Vertex 171 distance 20
0 590 171 
Vertex 172 distance 44
0 362 324 2 148 554 364 630 477 172 
Vertex 173 distance 18
0 267 463 563 173 
Vertex 174 distance 33
0 267 463 265 307 244 218 174 
Vertex 175 distance 37
0 362 96 192 473 510 67 390 175 
Vertex 176 distance 30
0 590 461 176 
Vertex 177 distance 44
0 267 463 265 307 244 341 177 
Vertex 178 distance 39
0 267 463 384 232 178 
Vertex 179 distance 35
0 362 352 530 581 179 
Vertex 180 distance 40
0 362 96 192 401 546 180 
Vertex 181 distance 31
0 362 352 530 610 181 
Vertex 182 distance 33
0 362 352 104 182 
Vertex 183 distance 39
0 267 108 151 183 
Vertex 184 distance 50
0 590 171 247 443 184 
Vertex 185 distance 38
0 362 324 2 322 185 
Vertex 186 distance 39
0 362 324 2 283 62 186 
Vertex 187 distance 36
0 362 352 530 610 187 
Vertex 188 distance 32
0 362 324 2 148 336 188 
Vertex 189 distance 48
0 362 352 500 603 189 
Vertex 190 distance 39
0 362 324 2 322 299 58 190 
Vertex 191 distance 40
0 267 516 261 191 
Vertex 192 distance 15
0 362 96 192 
Vertex 193 distance 42
0 362 324 2 322 421 193 
Vertex 194 distance 35
0 362 352 530 558 194 
Vertex 195 distance 42
0 362 324 2 474 636 236 276 195 
Vertex 196 distance 39
0 267 463 265 307 548 337 196 
Vertex 197 distance 41
0 362 352 530 581 197 
Vertex 198 distance 40
0 267 463 563 173 607 136 266 198 
Vertex 199 distance 44
0 267 463 575 134 217 429 199 
Vertex 200 distance 45
0 362 96 192 200 
Vertex 201 distance 32
0 362 324 269 7 203 201 
Vertex 202 distance 49
0 267 463 563 173 212 609 327 202 
Vertex 203 distance 26
0 362 324 269 7 203 
Vertex 204 distance 28
0 362 352 530 558 204 
Vertex 205 distance 33
0 362 324 269 528 169 122 205 
Vertex 206 distance 36
0 362 352 530 206 
Vertex 207 distance 45
0 362 352 500 227 616 207 
Vertex 208 distance 38
0 267 516 208 
Vertex 209 distance 28
0 267 505 209 
Vertex 210 distance 39
0 267 505 210 
Vertex 211 distance 40
0 362 324 2 522 109 15 492 412 223 211 
Vertex 212 distance 26
0 267 463 563 173 212 
Vertex 213 distance 49
0 590 621 79 426 213 
Vertex 214 distance 34
0 362 324 2 522 38 41 214 
Vertex 215 distance 39
0 267 463 384 232 529 215 
Vertex 216 distance 45
0 362 96 192 473 510 67 390 216 
Vertex 217 distance 33
0 267 463 575 134 217 
Vertex 218 distance 32
0 267 463 265 307 244 218 
Vertex 219 distance 29
0 267 219 
Vertex 220 distance 44
0 362 352 530 558 521 72 489 220 
Vertex 221 distance 43
0 362 324 2 474 281 221 
Vertex 222 distance 37
0 267 463 265 307 244 218 174 222 
Vertex 223 distance 37
0 362 324 2 522 109 15 492 412 223 
Vertex 224 distance 35
0 362 484 339 507 27 355 224 
Vertex 225 distance 36
0 362 324 2 306 32 435 225 
Vertex 226 distance 36
0 267 463 563 173 607 634 226 
Vertex 227 distance 27
0 362 352 500 227 
Vertex 228 distance 42
0 267 463 575 54 228 
Vertex 229 distance 39
0 362 352 104 182 229 
Vertex 230 distance 37
0 267 505 132 230 
Vertex 231 distance 56
0 590 321 602 231 
Vertex 232 distance 16
0 267 463 384 232 
Vertex 233 distance 41
0 267 144 360 233 
Vertex 234 distance 32
0 362 519 538 234 
Vertex 235 distance 28
0 267 463 563 543 235 
Vertex 236 distance 30
0 362 324 2 474 636 236 
Vertex 237 distance 42
0 362 324 2 283 453 638 12 237 
Vertex 238 distance 26
0 267 463 238 
Vertex 239 distance 37
0 362 352 104 182 239 
Vertex 240 distance 26
0 362 324 2 148 336 240 
Vertex 241 distance 34
0 267 463 563 117 465 241 
Vertex 242 distance 34
0 590 258 242 
Vertex 243 distance 38
0 362 352 530 610 187 243 
Vertex 244 distance 26
0 267 463 265 307 244 
Vertex 245 distance 35
0 267 4 245 
Vertex 246 distance 25
0 362 324 2 522 246 
Vertex 247 distance 30
0 590 171 247 
Vertex 248 distance 29
0 362 484 339 248 
Vertex 249 distance 47
0 267 463 384 232 103 249 
Vertex 250 distance 31
0 362 96 192 473 595 250 
Vertex 251 distance 35
0 267 463 563 543 235 251 
Vertex 252 distance 36
0 362 352 252 
Vertex 253 distance 43
0 590 621 79 426 253 
Vertex 254 distance 33
0 267 108 120 254 
Vertex 255 distance 43
0 362 324 2 522 365 85 255 
Vertex 256 distance 38
0 362 96 192 256 
Vertex 257 distance 24
0 362 257 
Vertex 258 distance 28
0 590 258 
Vertex 259 distance 28
0 362 259 
Vertex 260 distance 36
0 362 352 530 610 181 260 
Vertex 261 distance 23
0 267 516 261 
Vertex 262 distance 25
0 267 516 261 262 
Vertex 263 distance 34
0 362 324 2 522 246 263 
Vertex 264 distance 36
0 362 324 2 283 264 
Vertex 265 distance 24
0 267 463 265 
Vertex 266 distance 33
0 267 463 563 173 607 136 266 
Vertex 267 distance 9
0 267 
Vertex 268 distance 32
0 267 463 563 543 235 268 
Vertex 269 distance 21
0 362 324 269 
Vertex 270 distance 35
0 362 324 2 148 554 364 628 14 270 
Vertex 271 distance 44
0 362 324 2 283 453 638 12 271 
Vertex 272 distance 38
0 362 324 2 283 453 638 587 272 
Vertex 273 distance 28
0 590 273 
Vertex 274 distance 37
0 267 4 245 274 
Vertex 275 distance 34
0 362 484 339 507 378 275 
Vertex 276 distance 33
0 362 324 2 474 636 236 276 
Vertex 277 distance 44
0 362 324 2 148 336 240 55 637 277 
Vertex 278 distance 35
0 362 352 138 316 278 
Vertex 279 distance 35
0 267 516 542 626 279 
Vertex 280 distance 38
0 362 96 192 473 595 280 
Vertex 281 distance 28
0 362 324 2 474 281 
Vertex 282 distance 38
0 590 461 176 113 282 
Vertex 283 distance 20
0 362 324 2 283 
Vertex 284 distance 46
0 267 516 542 597 284 
Vertex 285 distance 36
0 267 516 261 84 285 
Vertex 286 distance 37
0 267 463 384 232 287 286 
Vertex 287 distance 29
0 267 463 384 232 287 
Vertex 288 distance 31
0 362 96 192 401 452 288 
Vertex 289 distance 33
0 362 96 192 401 546 289 
Vertex 290 distance 34
0 267 463 563 117 73 290 
Vertex 291 distance 34
0 267 463 575 134 217 291 
Vertex 292 distance 37
0 362 324 2 522 109 292 
Vertex 293 distance 32
0 362 324 269 528 169 293 
Vertex 294 distance 15
0 362 352 294 
Vertex 295 distance 37
0 267 463 563 117 465 241 295 
Vertex 296 distance 31
0 362 352 530 558 204 296 
Vertex 297 distance 36
0 267 463 575 134 217 498 297 
Vertex 298 distance 35
0 267 463 563 173 539 423 298 
Vertex 299 distance 22
0 362 324 2 322 299 
Vertex 300 distance 38
0 267 463 384 232 51 300 
Vertex 301 distance 36
0 362 352 500 227 301 
Vertex 302 distance 57
0 362 352 302 
Vertex 303 distance 27
0 362 324 2 148 554 303 
Vertex 304 distance 27
0 362 352 294 333 304 
Vertex 305 distance 31
0 267 463 384 232 529 133 305 
Vertex 306 distance 26
0 362 324 2 306 
Vertex 307 distance 25
0 267 463 265 307 
Vertex 308 distance 39
0 362 324 2 148 554 512 308 
Vertex 309 distance 39
0 362 324 2 283 453 442 309 
Vertex 310 distance 31
0 590 541 310 
Vertex 311 distance 41
0 362 324 2 522 38 41 214 311 
Vertex 312 distance 35
0 267 516 261 262 127 312 
Vertex 313 distance 33
0 362 324 2 431 313 
Vertex 314 distance 26
0 362 96 192 314 
Vertex 315 distance 25
0 362 484 339 315 
Vertex 316 distance 29
0 362 352 138 316 
Vertex 317 distance 34
0 267 463 563 543 235 317 
Vertex 318 distance 43
0 267 463 563 543 235 268 318 
Vertex 319 distance 34
0 362 352 500 372 319 
Vertex 320 distance 33
0 362 96 192 473 510 67 320 
Vertex 321 distance 35
0 590 321 
Vertex 322 distance 20
0 362 324 2 322 
Vertex 323 distance 33
0 267 219 323 
Vertex 324 distance 14
0 362 324 
Vertex 325 distance 39
0 362 324 269 528 169 293 13 325 
Vertex 326 distance 31
0 267 516 261 262 127 326 
Vertex 327 distance 40
0 267 463 563 173 212 609 327 
Vertex 328 distance 26
0 590 171 141 328 
Vertex 329 distance 39
0 267 463 265 307 244 218 550 329 
Vertex 330 distance 51
0 362 324 269 7 381 330 
Vertex 331 distance 38
0 267 516 542 597 331 
Vertex 332 distance 34
0 362 352 530 558 332 
Vertex 333 distance 19
0 362 352 294 333 
Vertex 334 distance 39
0 362 96 585 115 334 
Vertex 335 distance 39
0 362 352 530 558 434 544 601 335 
Vertex 336 distance 21
0 362 324 2 148 336 
Vertex 337 distance 28
0 267 463 265 307 548 337 
Vertex 338 distance 34
0 267 463 384 232 447 620 338 
Vertex 339 distance 23
0 362 484 339 
Vertex 340 distance 38
0 267 144 503 153 340 
Vertex 341 distance 28
0 267 463 265 307 244 341 
Vertex 342 distance 40
0 362 324 269 7 203 608 342 
Vertex 343 distance 46
0 267 463 384 232 103 343 
Vertex 344 distance 24
0 362 352 530 344 
Vertex 345 distance 38
0 362 324 269 528 169 122 205 345 
Vertex 346 distance 34
0 267 463 563 117 73 346 
Vertex 347 distance 29
0 362 324 2 306 347 
Vertex 348 distance 44
0 362 324 2 522 109 15 492 348 
Vertex 349 distance 44
0 267 463 575 134 217 291 349 
Vertex 350 distance 34
0 267 516 261 262 127 350 
Vertex 351 distance 39
0 362 324 2 306 32 435 225 351 
Vertex 352 distance 12
0 362 352 
Vertex 353 distance 46
0 362 324 2 522 109 15 492 412 353 
Vertex 354 distance 31
0 362 484 339 507 354 
Vertex 355 distance 33
0 362 484 339 507 27 355 
Vertex 356 distance 41
0 267 516 542 626 161 356 
Vertex 357 distance 34
0 267 463 563 173 357 
Vertex 358 distance 47
0 590 74 475 82 358 
Vertex 359 distance 40
0 362 324 2 322 168 359 
Vertex 360 distance 33
0 267 144 360 
Vertex 361 distance 38
0 362 324 2 322 168 361 
Vertex 362 distance 5
0 362 
Vertex 363 distance 48
0 267 505 363 
Vertex 364 distance 23
0 362 324 2 148 554 364 
Vertex 365 distance 27
0 362 324 2 522 365 
Vertex 366 distance 38
0 362 519 538 430 366 
Vertex 367 distance 29
0 590 273 367 
Vertex 368 distance 33
0 267 463 384 232 287 368 
Vertex 369 distance 42
0 362 96 192 473 595 562 98 369 
Vertex 370 distance 42
0 362 352 294 160 370 
Vertex 371 distance 31
0 362 324 269 528 169 371 
Vertex 372 distance 32
0 362 352 500 372 
Vertex 373 distance 26
0 362 324 2 474 373 
Vertex 374 distance 52
0 267 463 384 23 374 
Vertex 375 distance 41
0 267 516 86 375 
Vertex 376 distance 25
0 267 516 10 376 
Vertex 377 distance 33
0 362 324 377 
Vertex 378 distance 29
0 362 484 339 507 378 
Vertex 379 distance 41
0 362 96 379 
Vertex 380 distance 22
0 267 463 563 117 380 
Vertex 381 distance 37
0 362 324 269 7 381 
Vertex 382 distance 34
0 267 463 563 173 607 136 382 
Vertex 383 distance 39
0 362 352 530 581 383 
Vertex 384 distance 12
0 267 463 384 
Vertex 385 distance 42
0 362 324 269 528 169 122 205 345 385 
Vertex 386 distance 52
0 362 324 269 528 386 
Vertex 387 distance 35
0 362 387 
Vertex 388 distance 51
0 267 463 563 8 388 
Vertex 389 distance 38
0 362 324 2 148 554 364 628 14 270 389 
Vertex 390 distance 30
0 362 96 192 473 510 67 390 
Vertex 391 distance 43
0 362 519 37 78 391 
Vertex 392 distance 42
0 362 324 2 283 453 442 309 392 
Vertex 393 distance 41
0 362 96 192 473 595 280 393 
Vertex 394 distance 30
0 362 324 269 7 394 
Vertex 395 distance 40
0 362 324 2 522 365 395 
Vertex 396 distance 34
0 362 324 2 148 554 364 422 396 
Vertex 397 distance 31
0 362 352 500 227 616 397 
Vertex 398 distance 36
0 267 463 265 398 
Vertex 399 distance 39
0 362 96 192 473 510 67 399 
Vertex 400 distance 36
0 362 352 500 227 616 400 
Vertex 401 distance 27
0 362 96 192 401 
Vertex 402 distance 31
0 362 324 2 283 453 456 402 
Vertex 403 distance 39
0 362 324 2 522 109 487 403 
Vertex 404 distance 35
0 362 352 530 558 204 296 66 404 
Vertex 405 distance 59
0 267 463 265 398 405 
Vertex 406 distance 37
0 590 461 176 406 
Vertex 407 distance 37
0 267 463 265 307 548 407 
Vertex 408 distance 38
0 267 463 563 173 539 423 298 408 
Vertex 409 distance 35
0 267 463 563 173 93 409 
Vertex 410 distance 34
0 590 171 141 328 410 
Vertex 411 distance 39
0 267 144 503 153 340 411 
Vertex 412 distance 36
0 362 324 2 522 109 15 492 412 
Vertex 413 distance 36
0 590 171 413 
Vertex 414 distance 43
0 362 96 192 473 595 250 495 414 
Vertex 415 distance 40
0 590 171 141 328 415 
Vertex 416 distance 34
0 362 352 294 160 416 
Vertex 417 distance 44
0 267 108 555 417 
Vertex 418 distance 31
0 267 144 503 478 418 
Vertex 419 distance 30
0 267 463 563 173 212 419 
Vertex 420 distance 42
0 362 324 269 7 524 420 
Vertex 421 distance 34
0 362 324 2 322 421 
Vertex 422 distance 30
0 362 324 2 148 554 364 422 
Vertex 423 distance 33
0 267 463 563 173 539 423 
Vertex 424 distance 55
0 362 324 269 7 203 633 424 
Vertex 425 distance 37
0 362 324 269 528 169 125 425 
Vertex 426 distance 32
0 590 621 79 426 
Vertex 427 distance 29
0 267 463 563 117 465 427 
Vertex 428 distance 28
0 362 96 192 314 428 
Vertex 429 distance 34
0 267 463 575 134 217 429 
Vertex 430 distance 36
0 362 519 538 430 
Vertex 431 distance 32
0 362 324 2 431 
Vertex 432 distance 42
0 362 259 577 432 
Vertex 433 distance 31
0 267 516 10 433 
Vertex 434 distance 31
0 362 352 530 558 434 
Vertex 435 distance 33
0 362 324 2 306 32 435 
Vertex 436 distance 31
0 590 171 436 
Vertex 437 distance 33
0 267 463 265 307 244 218 437 
Vertex 438 distance 34
0 267 463 563 543 438 
Vertex 439 distance 46
0 267 463 563 8 439 
Vertex 440 distance 41
0 362 352 530 610 187 440 
Vertex 441 distance 35
0 267 505 209 441 
Vertex 442 distance 35
0 362 324 2 283 453 442 
Vertex 443 distance 31
0 590 171 247 443 
Vertex 444 distance 33
0 590 621 79 426 444 
Vertex 445 distance 35
0 267 463 265 307 244 218 174 445 
Vertex 446 distance 50
0 362 352 530 527 446 
Vertex 447 distance 21
0 267 463 384 232 447 
Vertex 448 distance 35
0 362 324 2 148 336 188 571 448 
Vertex 449 distance 37
0 267 108 120 449 
Vertex 450 distance 40
0 267 463 563 173 93 409 552 450 
Vertex 451 distance 38
0 267 463 563 173 607 136 266 451 
Vertex 452 distance 28
0 362 96 192 401 452 
Vertex 453 distance 22
0 362 324 2 283 453 
Vertex 454 distance 44
0 267 463 384 232 287 368 454 
Vertex 455 distance 25
0 267 463 563 117 380 455 
Vertex 456 distance 30
0 362 324 2 283 453 456 
Vertex 457 distance 34
0 362 352 530 610 457 
Vertex 458 distance 33
0 362 324 2 283 453 456 458 
Vertex 459 distance 45
0 362 324 269 7 203 201 459 
Vertex 460 distance 42
0 267 516 261 84 460 
Vertex 461 distance 27
0 590 461 
Vertex 462 distance 49
0 362 324 2 283 62 186 462 
Vertex 463 distance 11
0 267 463 
Vertex 464 distance 42
0 362 352 500 227 616 464 
Vertex 465 distance 25
0 267 463 563 117 465 
Vertex 466 distance 33
0 267 463 563 173 212 466 
Vertex 467 distance 33
0 362 324 2 322 299 467 
Vertex 468 distance 34
0 590 621 79 426 444 468 
Vertex 469 distance 38
0 267 505 209 605 469 
Vertex 470 distance 35
0 267 463 384 470 
Vertex 471 distance 39
0 362 96 192 473 595 471 
Vertex 472 distance 43
0 362 324 2 306 32 435 225 112 472 
Vertex 473 distance 18
0 362 96 192 473 
Vertex 474 distance 20
0 362 324 2 474 
Vertex 475 distance 37
0 590 74 475 
Vertex 476 distance 35
0 362 259 476 
Vertex 477 distance 36
0 362 324 2 148 554 364 630 477 
Vertex 478 distance 30
0 267 144 503 478 
Vertex 479 distance 34
0 362 96 192 473 510 67 320 479 
Vertex 480 distance 32
0 590 171 480 
Vertex 481 distance 45
0 362 96 192 401 546 289 481 
Vertex 482 distance 47
0 362 324 2 306 32 435 225 112 482 
Vertex 483 distance 43
0 362 324 269 7 57 483 
Vertex 484 distance 17
0 362 484 
Vertex 485 distance 49
0 267 516 261 262 614 485 
Vertex 486 distance 35
0 590 461 486 
Vertex 487 distance 37
0 362 324 2 522 109 487 
Vertex 488 distance 43
0 362 352 530 581 383 488 
Vertex 489 distance 39
0 362 352 530 558 521 72 489 
Vertex 490 distance 40
0 267 516 10 490 
Vertex 491 distance 33
0 590 137 491 
Vertex 492 distance 34
0 362 324 2 522 109 15 492 
Vertex 493 distance 38
0 362 352 43 493 
Vertex 494 distance 34
0 362 324 2 322 299 467 494 
Vertex 495 distance 38
0 362 96 192 473 595 250 495 
Vertex 496 distance 38
0 362 324 2 522 365 534 496 
Vertex 497 distance 40
0 362 352 500 372 497 
Vertex 498 distance 34
0 267 463 575 134 217 498 
Vertex 499 distance 36
0 362 352 500 603 499 
Vertex 500 distance 21
0 362 352 500 
Vertex 501 distance 45
0 362 96 585 501 
Vertex 502 distance 52
0 267 463 575 502 
Vertex 503 distance 29
0 267 144 503 
Vertex 504 distance 34
0 362 352 294 504 
Vertex 505 distance 25
0 267 505 
Vertex 506 distance 46
0 362 324 269 528 169 122 205 506 
Vertex 507 distance 26
0 362 484 339 507 
Vertex 508 distance 31
0 362 96 192 473 510 67 508 
Vertex 509 distance 40
0 362 324 2 522 109 15 492 509 
Vertex 510 distance 19
0 362 96 192 473 510 
Vertex 511 distance 39
0 362 324 2 148 336 188 571 81 511 
Vertex 512 distance 35
0 362 324 2 148 554 512 
Vertex 513 distance 39
0 267 516 513 
Vertex 514 distance 44
0 267 108 120 254 514 
Vertex 515 distance 33
0 362 96 192 401 567 515 
Vertex 516 distance 20
0 267 516 
Vertex 517 distance 27
0 362 96 517 
Vertex 518 distance 41
0 362 324 2 283 62 518 
Vertex 519 distance 24
0 362 519 
Vertex 520 distance 30
0 590 273 367 520 
Vertex 521 distance 30
0 362 352 530 558 521 
Vertex 522 distance 19
0 362 324 2 522 
Vertex 523 distance 33
0 267 144 503 478 418 523 
Vertex 524 distance 26
0 362 324 269 7 524 
Vertex 525 distance 41
0 362 324 2 474 281 525 
Vertex 526 distance 39
0 362 352 530 527 612 526 
Vertex 527 distance 31
0 362 352 530 527 
Vertex 528 distance 27
0 362 324 269 528 
Vertex 529 distance 24
0 267 463 384 232 529 
Vertex 530 distance 21
0 362 352 530 
Vertex 531 distance 30
0 267 516 10 531 
Vertex 532 distance 37
0 362 259 476 532 
Vertex 533 distance 31
0 590 171 141 328 533 
Vertex 534 distance 33
0 362 324 2 522 365 534 
Vertex 535 distance 35
0 362 96 192 473 510 535 
Vertex 536 distance 41
0 590 90 536 
Vertex 537 distance 28
0 590 537 
Vertex 538 distance 29
0 362 519 538 
Vertex 539 distance 31
0 267 463 563 173 539 
Vertex 540 distance 40
0 267 463 265 398 540 
Vertex 541 distance 28
0 590 541 
Vertex 542 distance 21
0 267 516 542 
Vertex 543 distance 27
0 267 463 563 543 
Vertex 544 distance 35
0 362 352 530 558 434 544 
Vertex 545 distance 40
0 267 463 563 117 73 290 545 
Vertex 546 distance 32
0 362 96 192 401 546 
Vertex 547 distance 43
0 362 324 269 7 57 547 
Vertex 548 distance 26
0 267 463 265 307 548 
Vertex 549 distance 38
0 267 463 563 117 73 346 549 
Vertex 550 distance 38
0 267 463 265 307 244 218 550 
Vertex 551 distance 37
0 362 96 192 314 428 551 
Vertex 552 distance 37
0 267 463 563 173 93 409 552 
Vertex 553 distance 42
0 362 324 2 322 25 553 
Vertex 554 distance 21
0 362 324 2 148 554 
Vertex 555 distance 32
0 267 108 555 
Vertex 556 distance 49
0 267 463 563 173 93 556 
Vertex 557 distance 44
0 362 324 269 528 169 293 146 557 
Vertex 558 distance 23
0 362 352 530 558 
Vertex 559 distance 34
0 267 463 384 232 51 559 
Vertex 560 distance 43
0 267 516 86 560 
Vertex 561 distance 32
0 362 324 2 283 453 561 
Vertex 562 distance 24
0 362 96 192 473 595 562 
Vertex 563 distance 12
0 267 463 563 
Vertex 564 distance 41
0 362 96 192 473 595 250 495 564 
Vertex 565 distance 42
0 362 324 2 474 636 565 
Vertex 566 distance 44
0 362 519 37 566 
Vertex 567 distance 31
0 362 96 192 401 567 
Vertex 568 distance 37
0 267 463 563 117 73 290 568 
Vertex 569 distance 25
0 267 463 265 569 
Vertex 570 distance 36
0 590 137 570 
Vertex 571 distance 33
0 362 324 2 148 336 188 571 
Vertex 572 distance 38
0 267 108 120 254 572 
Vertex 573 distance 30
0 362 324 2 522 365 573 
Vertex 574 distance 38
0 267 516 261 84 285 574 
Vertex 575 distance 25
0 267 463 575 
Vertex 576 distance 31
0 267 463 238 576 
Vertex 577 distance 30
0 362 259 577 
Vertex 578 distance 39
0 590 621 79 426 444 468 578 
Vertex 579 distance 42
0 267 144 118 579 
Vertex 580 distance 45
0 362 352 530 581 179 580 
Vertex 581 distance 32
0 362 352 530 581 
Vertex 582 distance 45
0 267 463 265 398 540 582 
Vertex 583 distance 37
0 362 324 2 474 583 
Vertex 584 distance 38
0 267 463 265 307 244 218 584 
Vertex 585 distance 28
0 362 96 585 
Vertex 586 distance 45
0 362 519 37 586 
Vertex 587 distance 35
0 362 324 2 283 453 638 587 
Vertex 588 distance 36
0 267 463 563 173 93 588 
Vertex 589 distance 50
0 362 352 294 589 
Vertex 590 distance 13
0 590 
Vertex 591 distance 35
0 362 352 530 344 591 
Vertex 592 distance 32
0 362 324 2 474 592 
Vertex 593 distance 36
0 267 516 261 262 127 593 
Vertex 594 distance 45
0 267 463 265 307 244 341 177 594 
Vertex 595 distance 22
0 362 96 192 473 595 
Vertex 596 distance 35
0 362 324 2 474 604 596 
Vertex 597 distance 29
0 267 516 542 597 
Vertex 598 distance 44
0 362 96 192 473 510 67 320 598 
Vertex 599 distance 37
0 590 171 141 328 599 
Vertex 600 distance 31
0 590 461 176 600 
Vertex 601 distance 38
0 362 352 530 558 434 544 601 
Vertex 602 distance 44
0 590 321 602 
Vertex 603 distance 29
0 362 352 500 603 
Vertex 604 distance 31
0 362 324 2 474 604 
Vertex 605 distance 34
0 267 505 209 605 
Vertex 606 distance 46
0 362 519 37 606 
Vertex 607 distance 23
0 267 463 563 173 607 
Vertex 608 distance 27
0 362 324 269 7 203 608 
Vertex 609 distance 35
0 267 463 563 173 212 609 
Vertex 610 distance 28
0 362 352 530 610 
Vertex 611 distance 39
0 267 516 10 611 
Vertex 612 distance 36
0 362 352 530 527 612 
Vertex 613 distance 41
0 362 324 269 528 169 125 613 
Vertex 614 distance 38
0 267 516 261 262 614 
Vertex 615 distance 44
0 362 324 2 322 421 193 615 
Vertex 616 distance 30
0 362 352 500 227 616 
Vertex 617 distance 26
0 362 352 617 
Vertex 618 distance 41
0 362 324 2 148 554 364 94 101 618 
Vertex 619 distance 38
0 362 324 2 283 62 619 
Vertex 620 distance 33
0 267 463 384 232 447 620 
Vertex 621 distance 25
0 590 621 
Vertex 622 distance 34
0 267 516 10 376 622 
Vertex 623 distance 41
0 362 352 500 372 497 623 
Vertex 624 distance 39
0 267 463 563 543 235 317 167 624 
Vertex 625 distance 37
0 267 108 151 625 
Vertex 626 distance 22
0 267 516 542 626 
Vertex 627 distance 39
0 362 324 2 283 453 456 402 627 
Vertex 628 distance 30
0 362 324 2 148 554 364 628 
Vertex 629 distance 35
0 362 352 138 316 629 
Vertex 630 distance 29
0 362 324 2 148 554 364 630 
Vertex 631 distance 36
0 590 90 631 
Vertex 632 distance 39
0 267 463 265 307 244 218 584 632 
Vertex 633 distance 34
0 362 324 269 7 203 633 
Vertex 634 distance 24
0 267 463 563 173 607 634 
Vertex 635 distance 33
0 590 137 635 
Vertex 636 distance 27
0 362 324 2 474 636 
Vertex 637 distance 35
0 362 324 2 148 336 240 55 637 
Vertex 638 distance 32
0 362 324 2 283 453 638 
Vertex 639 distance 46
0 362 639 
