Vertex 0 distance 0
0 0 
Vertex 1 distance 18
0 414 438 506 14 1 
Vertex 2 distance 21
0 414 188 549 386 317 88 2 
Vertex 3 distance 22
0 414 188 379 406 509 140 398 117 3 
Vertex 4 distance 29
0 414 188 549 127 170 4 
Vertex 5 distance 27
0 414 188 217 47 512 307 5 
Vertex 6 distance 22
0 414 438 60 622 58 6 
Vertex 7 distance 26
0 414 188 549 386 317 38 7 
Vertex 8 distance 24
0 414 188 379 406 253 536 8 
Vertex 9 distance 24
0 414 188 379 406 509 140 398 117 3 9 
Vertex 10 distance 28
0 414 188 396 153 532 337 300 363 10 
Vertex 11 distance 28
0 414 188 379 406 509 84 53 11 
Vertex 12 distance 24
0 414 438 506 275 329 13 444 12 
Vertex 13 distance 19
0 414 438 506 275 329 13 
Vertex 14 distance 15
0 414 438 506 14 
Vertex 15 distance 19
0 414 188 396 153 532 15 
Vertex 16 distance 19
0 414 167 304 308 16 
Vertex 17 distance 26
0 414 188 379 406 509 140 398 117 3 9 63 17 
Vertex 18 distance 31
0 414 188 549 183 623 469 455 471 278 18 
Vertex 19 distance 32
0 414 188 379 406 509 433 68 636 19 
Vertex 20 distance 21
0 414 438 506 275 403 20 
Vertex 21 distance 20
0 414 188 549 127 341 21 
Vertex 22 distance 23
0 414 167 304 308 29 542 22 
Vertex 23 distance 24
0 414 159 580 23 
Vertex 24 distance 22
0 414 188 549 386 317 38 24 
Vertex 25 distance 33
0 414 188 454 25 
Vertex 26 distance 24
0 414 188 396 198 585 26 
Vertex 27 distance 30
0 414 188 379 406 453 457 76 27 
Vertex 28 distance 23
0 414 438 506 275 403 28 
Vertex 29 distance 15
0 414 167 304 308 29 
Vertex 30 distance 27
0 414 188 217 189 30 
Vertex 31 distance 24
0 414 31 
Vertex 32 distance 22
0 414 438 506 275 329 259 44 348 617 32 
Vertex 33 distance 23
0 414 438 506 14 136 33 
Vertex 34 distance 20
0 414 188 396 153 532 337 34 
Vertex 35 distance 23
0 414 188 549 183 301 355 35 
Vertex 36 distance 23
0 594 82 493 442 36 
Vertex 37 distance 21
0 414 188 549 183 405 394 37 
Vertex 38 distance 19
0 414 188 549 386 317 38 
Vertex 39 distance 23
0 270 376 211 297 39 
Vertex 40 distance 20
0 414 188 217 40 
Vertex 41 distance 22
0 414 188 549 183 301 355 516 41 
Vertex 42 distance 27
0 414 438 506 14 1 288 119 42 
Vertex 43 distance 29
0 414 438 506 14 215 132 43 
Vertex 44 distance 18
0 414 438 506 275 329 259 44 
Vertex 45 distance 24
0 414 188 396 79 45 
Vertex 46 distance 24
0 414 188 217 487 85 104 213 46 
Vertex 47 distance 20
0 414 188 217 47 
Vertex 48 distance 27
0 342 616 109 48 
Vertex 49 distance 27
0 414 438 506 14 473 331 49 
Vertex 50 distance 23
0 414 188 549 183 474 626 415 50 
Vertex 51 distance 23
0 414 188 379 406 509 140 398 51 
Vertex 52 distance 28
0 414 167 304 52 
Vertex 53 distance 27
0 414 188 379 406 509 84 53 
Vertex 54 distance 23
0 414 318 285 54 
Vertex 55 distance 23
0 414 188 217 487 85 104 55 
Vertex 56 distance 23
0 414 167 304 308 99 56 
Vertex 57 distance 25
0 414 188 549 183 474 626 323 197 57 
Vertex 58 distance 20
0 414 438 60 622 58 
Vertex 59 distance 27
0 414 188 217 521 59 
Vertex 60 distance 15
0 414 438 60 
Vertex 61 distance 29
0 414 188 379 163 61 
Vertex 62 distance 20
0 414 188 549 62 
Vertex 63 distance 25
0 414 188 379 406 509 140 398 117 3 9 63 
Vertex 64 distance 25
0 414 438 506 275 568 232 64 
Vertex 65 distance 22
0 414 188 549 183 623 469 65 
Vertex 66 distance 24
0 414 167 304 173 66 
Vertex 67 distance 27
0 414 167 304 173 310 67 
Vertex 68 distance 22
0 414 188 379 406 509 433 68 
Vertex 69 distance 18
0 414 188 217 69 
Vertex 70 distance 26
0 414 438 506 14 136 528 70 
Vertex 71 distance 24
0 270 376 211 297 71 
Vertex 72 distance 21
0 414 167 304 173 72 
Vertex 73 distance 18
0 414 438 60 622 137 73 
Vertex 74 distance 23
0 414 318 285 74 
Vertex 75 distance 28
0 414 188 549 183 301 355 516 75 
Vertex 76 distance 22
0 414 188 379 406 453 457 76 
Vertex 77 distance 15
0 77 
Vertex 78 distance 22
0 414 188 549 183 405 394 37 78 
Vertex 79 distance 18
0 414 188 396 79 
Vertex 80 distance 24
0 414 188 549 80 
Vertex 81 distance 34
0 414 188 379 313 81 
Vertex 82 distance 19
0 594 82 
Vertex 83 distance 21
0 414 167 83 
Vertex 84 distance 19
0 414 188 379 406 509 84 
Vertex 85 distance 19
0 414 188 217 487 85 
Vertex 86 distance 26
0 414 188 454 164 86 
Vertex 87 distance 29
0 270 376 211 297 39 429 87 
Vertex 88 distance 19
0 414 188 549 386 317 88 
Vertex 89 distance 24
0 594 82 493 442 380 89 
Vertex 90 distance 32
0 414 188 217 487 85 104 213 46 90 
Vertex 91 distance 22
0 414 188 217 487 496 91 
Vertex 92 distance 28
0 270 376 92 
Vertex 93 distance 18
0 414 167 103 93 
Vertex 94 distance 30
0 414 438 506 14 1 94 
Vertex 95 distance 25
0 77 548 95 
Vertex 96 distance 21
0 414 188 379 163 96 
Vertex 97 distance 26
0 414 188 396 153 532 15 97 
Vertex 98 distance 22
0 414 438 506 14 1 98 
Vertex 99 distance 22
0 414 167 304 308 99 
Vertex 100 distance 22
0 414 167 304 308 327 100 
Vertex 101 distance 24
0 414 167 149 562 101 
Vertex 102 distance 30
0 414 159 580 610 102 
Vertex 103 distance 14
0 414 167 103 
Vertex 104 distance 22
0 414 188 217 487 85 104 
Vertex 105 distance 23
0 414 188 549 183 378 105 
Vertex 106 distance 20
0 414 188 549 386 317 106 
Vertex 107 distance 23
0 414 188 107 
Vertex 108 distance 25
0 594 82 493 442 36 108 
Vertex 109 distance 24
0 342 616 109 
Vertex 110 distance 25
0 414 188 549 183 623 469 147 311 110 
Vertex 111 distance 22
0 414 188 379 406 253 517 638 111 
Vertex 112 distance 24
0 414 438 60 622 545 112 
Vertex 113 distance 26
0 414 188 549 183 474 626 323 197 57 113 
Vertex 114 distance 27
0 414 167 304 308 99 114 
Vertex 115 distance 21
0 414 188 549 183 405 394 115 
Vertex 116 distance 24
0 414 188 470 116 
Vertex 117 distance 21
0 414 188 379 406 509 140 398 117 
Vertex 118 distance 24
0 414 188 379 406 453 457 118 
Vertex 119 distance 22
0 414 438 506 14 1 288 119 
Vertex 120 distance 29
0 414 167 103 93 381 120 
Vertex 121 distance 29
0 414 438 506 275 121 
Vertex 122 distance 23
0 414 188 217 189 122 
Vertex 123 distance 20
0 414 188 549 127 341 123 
Vertex 124 distance 32
0 414 438 506 14 215 132 124 
Vertex 125 distance 23
0 414 188 549 183 623 469 125 
Vertex 126 distance 23
0 414 167 304 308 327 478 126 
Vertex 127 distance 17
0 414 188 549 127 
Vertex 128 distance 24
0 414 167 304 308 99 56 128 
Vertex 129 distance 26
0 270 376 211 297 39 129 
Vertex 130 distance 23
0 414 188 217 570 130 
Vertex 131 distance 29
0 414 188 217 521 369 131 
Vertex 132 distance 20
0 414 438 506 14 215 132 
Vertex 133 distance 25
0 414 188 379 406 453 547 133 
Vertex 134 distance 23
0 414 188 396 153 203 134 
Vertex 135 distance 36
0 414 438 506 275 251 135 
Vertex 136 distance 18
0 414 438 506 14 136 
Vertex 137 distance 17
0 414 438 60 622 137 
Vertex 138 distance 20
0 414 188 379 406 138 
Vertex 139 distance 25
0 77 139 
Vertex 140 distance 18
0 414 188 379 406 509 140 
Vertex 141 distance 20
0 414 188 549 183 301 141 
Vertex 142 distance 25
0 414 188 217 189 142 
Vertex 143 distance 28
0 414 188 549 386 317 106 143 
Vertex 144 distance 25
0 414 188 217 521 144 
Vertex 145 distance 26
0 414 188 549 183 623 469 125 145 
Vertex 146 distance 23
0 414 188 379 406 509 221 425 146 
Vertex 147 distance 22
0 414 188 549 183 623 469 147 
Vertex 148 distance 31
0 414 167 304 308 99 114 148 
Vertex 149 distance 17
0 414 167 149 
Vertex 150 distance 22
0 414 167 103 443 150 
Vertex 151 distance 26
0 414 188 217 219 556 151 
Vertex 152 distance 19
0 414 438 506 14 152 
Vertex 153 distance 16
0 414 188 396 153 
Vertex 154 distance 24
0 414 188 549 62 154 
Vertex 155 distance 24
0 414 167 304 155 
Vertex 156 distance 28
0 414 167 304 173 66 156 
Vertex 157 distance 22
0 342 616 165 157 
Vertex 158 distance 24
0 414 188 549 183 301 141 158 
Vertex 159 distance 18
0 414 159 
Vertex 160 distance 24
0 414 438 60 622 137 367 566 160 
Vertex 161 distance 32
0 414 188 379 406 509 84 161 
Vertex 162 distance 20
0 270 162 
Vertex 163 distance 18
0 414 188 379 163 
Vertex 164 distance 25
0 414 188 454 164 
Vertex 165 distance 21
0 342 616 165 
Vertex 166 distance 22
0 270 376 166 
Vertex 167 distance 10
0 414 167 
Vertex 168 distance 28
0 414 188 549 183 623 469 147 168 
Vertex 169 distance 24
0 414 188 549 183 405 394 560 169 
Vertex 170 distance 22
0 414 188 549 127 170 
Vertex 171 distance 24
0 414 167 304 308 99 171 
Vertex 172 distance 26
0 414 438 60 622 137 367 566 160 172 
Vertex 173 distance 17
0 414 167 304 173 
Vertex 174 distance 23
0 594 82 231 174 
Vertex 175 distance 25
0 414 318 285 54 175 
Vertex 176 distance 25
0 414 188 549 183 301 355 591 176 
Vertex 177 distance 21
0 414 188 217 487 85 177 
Vertex 178 distance 26
0 414 188 549 183 405 618 178 
Vertex 179 distance 25
0 414 438 60 622 545 112 179 
Vertex 180 distance 27
0 414 551 180 
Vertex 181 distance 21
0 414 188 549 386 317 38 181 
Vertex 182 distance 22
0 414 167 304 308 431 411 182 
Vertex 183 distance 14
0 414 188 549 183 
Vertex 184 distance 28
0 342 616 607 464 184 
Vertex 185 distance 31
0 414 438 506 275 403 20 484 185 
Vertex 186 distance 22
0 414 438 506 275 329 259 44 348 617 186 
Vertex 187 distance 24
0 414 188 549 183 474 187 
Vertex 188 distance 11
0 414 188 
Vertex 189 distance 19
0 414 188 217 189 
Vertex 190 distance 25
0 414 167 304 190 
Vertex 191 distance 22
0 414 188 549 183 301 244 191 
Vertex 192 distance 19
0 414 188 396 561 192 
Vertex 193 distance 22
0 280 225 193 
Vertex 194 distance 27
0 414 188 379 406 509 194 
Vertex 195 distance 24
0 414 188 549 183 623 469 228 195 
Vertex 196 distance 24
0 414 167 304 308 519 273 196 
Vertex 197 distance 24
0 414 188 549 183 474 626 323 197 
Vertex 198 distance 19
0 414 188 396 198 
Vertex 199 distance 29
0 414 188 549 183 474 626 323 197 57 199 
Vertex 200 distance 25
0 414 188 549 127 170 200 
Vertex 201 distance 37
0 414 188 396 153 532 337 34 201 
Vertex 202 distance 15
0 414 438 506 202 
Vertex 203 distance 21
0 414 188 396 153 203 
Vertex 204 distance 25
0 280 204 
Vertex 205 distance 27
0 414 188 217 69 254 205 
Vertex 206 distance 24
0 414 167 304 308 431 411 628 546 206 
Vertex 207 distance 24
0 414 188 396 198 207 
Vertex 208 distance 24
0 342 616 165 157 208 
Vertex 209 distance 28
0 270 376 211 209 
Vertex 210 distance 21
0 414 188 379 406 453 457 210 
Vertex 211 distance 18
0 270 376 211 
Vertex 212 distance 24
0 414 188 396 212 
Vertex 213 distance 23
0 414 188 217 487 85 104 213 
Vertex 214 distance 26
0 414 188 549 386 317 38 24 593 214 
Vertex 215 distance 17
0 414 438 506 14 215 
Vertex 216 distance 23
0 414 167 103 443 150 216 
Vertex 217 distance 16
0 414 188 217 
Vertex 218 distance 24
0 414 159 580 218 
Vertex 219 distance 20
0 414 188 217 219 
Vertex 220 distance 28
0 414 188 549 183 301 141 276 220 
Vertex 221 distance 18
0 414 188 379 406 509 221 
Vertex 222 distance 23
0 414 188 549 183 474 626 533 222 
Vertex 223 distance 27
0 414 438 506 14 1 288 119 223 
Vertex 224 distance 22
0 414 188 396 561 450 224 
Vertex 225 distance 20
0 280 225 
Vertex 226 distance 26
0 414 188 549 183 474 626 415 50 226 
Vertex 227 distance 20
0 414 227 
Vertex 228 distance 23
0 414 188 549 183 623 469 228 
Vertex 229 distance 25
0 414 188 217 189 581 526 229 
Vertex 230 distance 24
0 414 188 379 406 611 230 
Vertex 231 distance 21
0 594 82 231 
Vertex 232 distance 23
0 414 438 506 275 568 232 
Vertex 233 distance 21
0 414 188 217 233 
Vertex 234 distance 25
0 414 188 549 386 317 38 24 593 234 
Vertex 235 distance 19
0 414 438 506 235 
Vertex 236 distance 31
0 414 188 379 406 509 433 68 636 236 
Vertex 237 distance 22
0 414 188 396 237 
Vertex 238 distance 25
0 414 438 506 235 238 
Vertex 239 distance 24
0 414 167 103 459 239 
Vertex 240 distance 28
0 414 188 379 406 138 240 
Vertex 241 distance 23
0 414 188 396 198 585 241 
Vertex 242 distance 25
0 342 616 607 242 
Vertex 243 distance 24
0 414 167 103 243 
Vertex 244 distance 21
0 414 188 549 183 301 244 
Vertex 245 distance 24
0 414 188 549 183 623 245 
Vertex 246 distance 27
0 77 139 246 
Vertex 247 distance 26
0 342 616 165 157 208 247 
Vertex 248 distance 23
0 414 188 217 47 248 
Vertex 249 distance 29
0 414 188 470 116 249 
Vertex 250 distance 28
0 414 586 250 
Vertex 251 distance 26
0 414 438 506 275 251 
Vertex 252 distance 19
0 414 188 379 252 
Vertex 253 distance 17
0 414 188 379 406 253 
Vertex 254 distance 21
0 414 188 217 69 254 
Vertex 255 distance 25
0 280 225 193 255 
Vertex 256 distance 24
0 414 167 304 308 519 256 
Vertex 257 distance 20
0 414 188 217 487 257 
Vertex 258 distance 24
0 414 188 379 406 253 258 
Vertex 259 distance 16
0 414 438 506 275 329 259 
Vertex 260 distance 28
0 270 260 
Vertex 261 distance 22
0 270 376 361 261 
Vertex 262 distance 24
0 414 188 396 237 262 
Vertex 263 distance 29
0 414 188 549 183 474 626 323 197 57 113 263 
Vertex 264 distance 26
0 264 
Vertex 265 distance 23
0 414 167 304 308 29 542 265 
Vertex 266 distance 25
0 414 188 217 233 266 
Vertex 267 distance 25
0 594 82 231 267 
Vertex 268 distance 28
0 342 616 584 268 
Vertex 269 distance 28
0 414 188 396 237 269 
Vertex 270 distance 7
0 270 
Vertex 271 distance 18
0 271 
Vertex 272 distance 20
0 414 188 379 406 253 517 272 
Vertex 273 distance 23
0 414 167 304 308 519 273 
Vertex 274 distance 24
0 414 227 274 
Vertex 275 distance 13
0 414 438 506 275 
Vertex 276 distance 24
0 414 188 549 183 301 141 276 
Vertex 277 distance 22
0 414 188 217 277 
Vertex 278 distance 27
0 414 188 549 183 623 469 455 471 278 
Vertex 279 distance 34
0 414 188 549 183 301 355 365 399 541 279 
Vertex 280 distance 19
0 280 
Vertex 281 distance 28
0 414 188 549 183 474 626 323 197 57 281 
Vertex 282 distance 22
0 414 586 282 
Vertex 283 distance 25
0 414 188 379 406 509 433 283 
Vertex 284 distance 27
0 414 188 379 579 284 
Vertex 285 distance 21
0 414 318 285 
Vertex 286 distance 21
0 414 188 396 561 450 286 
Vertex 287 distance 22
0 414 586 621 287 
Vertex 288 distance 21
0 414 438 506 14 1 288 
Vertex 289 distance 22
0 414 188 549 127 341 21 289 
Vertex 290 distance 30
0 414 188 549 183 623 469 125 624 290 
Vertex 291 distance 27
0 342 616 109 372 291 
Vertex 292 distance 19
0 414 167 149 292 
Vertex 293 distance 26
0 414 188 396 153 412 293 
Vertex 294 distance 27
0 414 438 506 14 136 294 
Vertex 295 distance 21
0 414 438 506 14 136 295 
Vertex 296 distance 30
0 414 188 396 153 532 337 300 363 296 
Vertex 297 distance 20
0 270 376 211 297 
Vertex 298 distance 29
0 414 167 304 173 72 298 
Vertex 299 distance 25
0 414 188 454 387 299 
Vertex 300 distance 20
0 414 188 396 153 532 337 300 
Vertex 301 distance 17
0 414 188 549 183 301 
Vertex 302 distance 28
0 414 438 506 14 302 
Vertex 303 distance 26
0 414 188 379 406 509 221 425 303 
Vertex 304 distance 11
0 414 167 304 
Vertex 305 distance 26
0 414 438 60 569 305 
Vertex 306 distance 34
0 414 318 285 54 175 306 
Vertex 307 distance 23
0 414 188 217 47 512 307 
Vertex 308 distance 12
0 414 167 304 308 
Vertex 309 distance 30
0 414 188 379 406 453 457 314 309 
Vertex 310 distance 22
0 414 167 304 173 310 
Vertex 311 distance 23
0 414 188 549 183 623 469 147 311 
Vertex 312 distance 28
0 270 376 361 357 312 
Vertex 313 distance 23
0 414 188 379 313 
Vertex 314 distance 26
0 414 188 379 406 453 457 314 
Vertex 315 distance 23
0 414 438 506 14 215 132 315 
Vertex 316 distance 18
0 414 438 583 316 
Vertex 317 distance 17
0 414 188 549 386 317 
Vertex 318 distance 20
0 414 318 
Vertex 319 distance 21
0 414 188 379 406 509 319 
Vertex 320 distance 26
0 414 167 103 443 320 
Vertex 321 distance 29
0 414 438 506 275 329 259 44 348 321 
Vertex 322 distance 20
0 414 167 322 
Vertex 323 distance 20
0 414 188 549 183 474 626 323 
Vertex 324 distance 17
0 414 324 
Vertex 325 distance 21
0 414 188 549 386 325 
Vertex 326 distance 29
0 414 188 379 406 509 433 68 524 326 
Vertex 327 distance 20
0 414 167 304 308 327 
Vertex 328 distance 27
0 414 188 379 406 253 517 328 
Vertex 329 distance 15
0 414 438 506 275 329 
Vertex 330 distance 24
0 414 438 506 14 1 98 330 
Vertex 331 distance 26
0 414 438 506 14 473 331 
Vertex 332 distance 23
0 414 438 506 14 473 332 
Vertex 333 distance 22
0 414 188 549 386 317 333 
Vertex 334 distance 26
0 414 167 304 334 
Vertex 335 distance 28
0 414 438 506 275 403 28 335 
Vertex 336 distance 24
0 414 438 60 622 137 367 603 336 
Vertex 337 distance 19
0 414 188 396 153 532 337 
Vertex 338 distance 22
0 414 188 396 198 338 
Vertex 339 distance 29
0 414 167 304 308 339 
Vertex 340 distance 24
0 414 188 217 487 496 340 
Vertex 341 distance 19
0 414 188 549 127 341 
Vertex 342 distance 15
0 342 
Vertex 343 distance 22
0 414 438 506 14 152 343 
Vertex 344 distance 25
0 414 438 506 202 344 
Vertex 345 distance 23
0 414 188 549 183 301 355 365 399 345 
Vertex 346 distance 26
0 414 188 396 153 441 346 
Vertex 347 distance 24
0 414 188 549 183 301 355 365 399 541 347 
Vertex 348 distance 19
0 414 438 506 275 329 259 44 348 
Vertex 349 distance 28
0 414 188 549 386 325 520 349 
Vertex 350 distance 28
0 414 438 506 275 329 350 
Vertex 351 distance 28
0 414 188 379 406 453 598 351 
Vertex 352 distance 22
0 414 188 217 352 
Vertex 353 distance 27
0 414 188 379 406 509 433 486 353 
Vertex 354 distance 38
0 414 188 217 521 369 354 
Vertex 355 distance 18
0 414 188 549 183 301 355 
Vertex 356 distance 26
0 414 188 379 406 453 457 210 356 
Vertex 357 distance 24
0 270 376 361 357 
Vertex 358 distance 28
0 414 188 379 406 453 547 133 358 
Vertex 359 distance 24
0 414 188 379 406 509 319 359 
Vertex 360 distance 30
0 594 82 360 
Vertex 361 distance 21
0 270 376 361 
Vertex 362 distance 26
0 414 188 396 153 412 362 
Vertex 363 distance 21
0 414 188 396 153 532 337 300 363 
Vertex 364 distance 28
0 414 167 304 308 29 542 265 364 
Vertex 365 distance 21
0 414 188 549 183 301 355 365 
Vertex 366 distance 29
0 414 188 396 153 412 293 366 
Vertex 367 distance 18
0 414 438 60 622 137 367 
Vertex 368 distance 22
0 342 616 165 368 
Vertex 369 distance 24
0 414 188 217 521 369 
Vertex 370 distance 21
0 414 188 549 183 474 626 533 370 
Vertex 371 distance 31
0 270 376 211 297 39 429 422 371 
Vertex 372 distance 26
0 342 616 109 372 
Vertex 373 distance 24
0 414 324 456 373 
Vertex 374 distance 33
0 414 438 60 622 137 374 
Vertex 375 distance 27
0 414 188 549 386 325 375 
Vertex 376 distance 17
0 270 376 
Vertex 377 distance 27
0 414 438 506 377 
Vertex 378 distance 21
0 414 188 549 183 378 
Vertex 379 distance 14
0 414 188 379 
Vertex 380 distance 23
0 594 82 493 442 380 
Vertex 381 distance 22
0 414 167 103 93 381 
Vertex 382 distance 25
0 414 167 149 562 382 
Vertex 383 distance 24
0 414 188 549 183 405 394 37 78 383 
Vertex 384 distance 23
0 414 324 456 384 
Vertex 385 distance 26
0 414 167 304 308 327 100 385 
Vertex 386 distance 15
0 414 188 549 386 
Vertex 387 distance 24
0 414 188 454 387 
Vertex 388 distance 25
0 414 188 379 406 453 457 210 388 
Vertex 389 distance 25
0 414 188 217 487 85 389 
Vertex 390 distance 28
0 414 188 396 153 441 390 
Vertex 391 distance 24
0 414 188 549 62 391 
Vertex 392 distance 35
0 414 188 396 153 532 337 300 619 392 
Vertex 393 distance 25
0 342 393 
Vertex 394 distance 20
0 414 188 549 183 405 394 
Vertex 395 distance 26
0 414 188 549 183 474 626 415 50 575 395 
Vertex 396 distance 15
0 414 188 396 
Vertex 397 distance 22
0 414 438 60 622 137 73 397 
Vertex 398 distance 19
0 414 188 379 406 509 140 398 
Vertex 399 distance 22
0 414 188 549 183 301 355 365 399 
Vertex 400 distance 25
0 414 188 396 153 400 
Vertex 401 distance 26
0 414 188 549 62 401 
Vertex 402 distance 22
0 414 188 549 386 317 38 181 402 
Vertex 403 distance 20
0 414 438 506 275 403 
Vertex 404 distance 26
0 414 188 549 386 317 38 24 404 
Vertex 405 distance 17
0 414 188 549 183 405 
Vertex 406 distance 16
0 414 188 379 406 
Vertex 407 distance 21
0 414 167 304 308 327 407 
Vertex 408 distance 24
0 414 188 217 487 496 91 408 
Vertex 409 distance 23
0 414 188 379 406 453 598 409 
Vertex 410 distance 20
0 414 324 424 410 
Vertex 411 distance 18
0 414 167 304 308 431 411 
Vertex 412 distance 21
0 414 188 396 153 412 
Vertex 413 distance 29
0 414 188 549 62 522 413 
Vertex 414 distance 8
0 414 
Vertex 415 distance 20
0 414 188 549 183 474 626 415 
Vertex 416 distance 23
0 414 438 506 275 466 416 
Vertex 417 distance 28
0 414 188 396 153 441 417 
Vertex 418 distance 25
0 414 227 504 418 
Vertex 419 distance 27
0 414 438 60 622 137 367 566 419 
Vertex 420 distance 22
0 414 188 396 561 450 489 420 
Vertex 421 distance 30
0 594 421 
Vertex 422 distance 27
0 270 376 211 297 39 429 422 
Vertex 423 distance 28
0 414 188 549 386 317 106 423 
Vertex 424 distance 19
0 414 324 424 
Vertex 425 distance 21
0 414 188 379 406 509 221 425 
Vertex 426 distance 32
0 414 188 549 386 317 106 423 426 
Vertex 427 distance 28
0 414 167 304 308 519 256 488 427 
Vertex 428 distance 25
0 414 188 549 183 405 394 37 428 
Vertex 429 distance 24
0 270 376 211 297 39 429 
Vertex 430 distance 26
0 414 188 549 386 317 333 430 
Vertex 431 distance 17
0 414 167 304 308 431 
Vertex 432 distance 26
0 414 188 217 521 369 432 
Vertex 433 distance 21
0 414 188 379 406 509 433 
Vertex 434 distance 25
0 414 188 217 487 565 434 
Vertex 435 distance 26
0 414 188 379 406 611 435 
Vertex 436 distance 19
0 342 616 436 
Vertex 437 distance 23
0 271 437 
Vertex 438 distance 11
0 414 438 
Vertex 439 distance 33
0 414 188 217 189 581 526 229 439 
Vertex 440 distance 21
0 414 167 322 440 
Vertex 441 distance 20
0 414 188 396 153 441 
Vertex 442 distance 22
0 594 82 493 442 
Vertex 443 distance 18
0 414 167 103 443 
Vertex 444 distance 22
0 414 438 506 275 329 13 444 
Vertex 445 distance 28
0 414 31 445 
Vertex 446 distance 25
0 271 446 
Vertex 447 distance 30
0 414 167 149 562 447 
Vertex 448 distance 26
0 414 188 396 448 
Vertex 449 distance 20
0 414 188 217 487 449 
Vertex 450 distance 18
0 414 188 396 561 450 
Vertex 451 distance 24
0 451 
Vertex 452 distance 24
0 414 438 452 
Vertex 453 distance 17
0 414 188 379 406 453 
Vertex 454 distance 20
0 414 188 454 
Vertex 455 distance 23
0 414 188 549 183 623 469 455 
Vertex 456 distance 20
0 414 324 456 
Vertex 457 distance 19
0 414 188 379 406 453 457 
Vertex 458 distance 25
0 414 188 549 183 623 469 147 311 458 
Vertex 459 distance 20
0 414 167 103 459 
Vertex 460 distance 24
0 414 188 549 386 317 38 463 460 
Vertex 461 distance 29
0 414 188 379 406 253 517 638 461 
Vertex 462 distance 16
0 414 188 549 462 
Vertex 463 distance 23
0 414 188 549 386 317 38 463 
Vertex 464 distance 24
0 342 616 607 464 
Vertex 465 distance 24
0 414 438 506 14 1 288 119 465 
Vertex 466 distance 19
0 414 438 506 275 466 
Vertex 467 distance 27
0 414 438 506 275 329 259 44 467 
Vertex 468 distance 23
0 414 188 379 406 253 536 518 468 
Vertex 469 distance 21
0 414 188 549 183 623 469 
Vertex 470 distance 23
0 414 188 470 
Vertex 471 distance 24
0 414 188 549 183 623 469 455 471 
Vertex 472 distance 25
0 414 167 304 173 472 
Vertex 473 distance 22
0 414 438 506 14 473 
Vertex 474 distance 15
0 414 188 549 183 474 
Vertex 475 distance 23
0 414 438 506 235 475 
Vertex 476 distance 26
0 342 616 165 157 208 476 
Vertex 477 distance 21
0 414 188 217 487 257 477 
Vertex 478 distance 22
0 414 167 304 308 327 478 
Vertex 479 distance 25
0 414 438 506 14 152 479 
Vertex 480 distance 23
0 414 188 379 406 480 
Vertex 481 distance 23
0 414 188 396 198 338 481 
Vertex 482 distance 20
0 414 188 217 487 482 
Vertex 483 distance 27
0 414 167 149 562 483 
Vertex 484 distance 29
0 414 438 506 275 403 20 484 
Vertex 485 distance 27
0 414 188 549 183 485 
Vertex 486 distance 26
0 414 188 379 406 509 433 486 
Vertex 487 distance 18
0 414 188 217 487 
Vertex 488 distance 25
0 414 167 304 308 519 256 488 
Vertex 489 distance 19
0 414 188 396 561 450 489 
Vertex 490 distance 38
0 414 167 304 308 431 411 182 490 
Vertex 491 distance 19
0 414 438 60 622 137 491 
Vertex 492 distance 27
0 414 188 379 406 253 517 272 492 
Vertex 493 distance 20
0 594 82 493 
Vertex 494 distance 23
0 414 188 549 183 301 494 
Vertex 495 distance 23
0 414 188 549 183 301 141 495 
Vertex 496 distance 20
0 414 188 217 487 496 
Vertex 497 distance 24
0 414 188 379 406 453 457 76 497 
Vertex 498 distance 29
0 414 188 549 183 623 469 455 471 498 
Vertex 499 distance 27
0 414 438 499 
Vertex 500 distance 25
0 414 167 304 173 500 
Vertex 501 distance 22
0 414 188 549 183 301 244 501 
Vertex 502 distance 26
0 414 188 549 183 301 502 
Vertex 503 distance 21
0 414 227 503 
Vertex 504 distance 24
0 414 227 504 
Vertex 505 distance 20
0 414 438 506 14 136 505 
Vertex 506 distance 12
0 414 438 506 
Vertex 507 distance 22
0 414 188 217 558 507 
Vertex 508 distance 23
0 414 227 503 508 
Vertex 509 distance 17
0 414 188 379 406 509 
Vertex 510 distance 30
0 414 188 549 62 522 413 510 
Vertex 511 distance 23
0 414 188 549 183 623 511 
Vertex 512 distance 22
0 414 188 217 47 512 
Vertex 513 distance 25
0 77 548 513 
Vertex 514 distance 22
0 414 188 549 183 474 626 533 514 
Vertex 515 distance 27
0 414 188 549 183 623 469 65 515 
Vertex 516 distance 21
0 414 188 549 183 301 355 516 
Vertex 517 distance 19
0 414 188 379 406 253 517 
Vertex 518 distance 22
0 414 188 379 406 253 536 518 
Vertex 519 distance 21
0 414 167 304 308 519 
Vertex 520 distance 25
0 414 188 549 386 325 520 
Vertex 521 distance 23
0 414 188 217 521 
Vertex 522 distance 22
0 414 188 549 62 522 
Vertex 523 distance 23
0 414 167 304 308 431 411 523 
Vertex 524 distance 27
0 414 188 379 406 509 433 68 524 
Vertex 525 distance 23
0 414 188 549 183 301 355 516 41 525 
Vertex 526 distance 22
0 414 188 217 189 581 526 
Vertex 527 distance 31
0 414 188 549 183 301 355 516 41 525 527 
Vertex 528 distance 22
0 414 438 506 14 136 528 
Vertex 529 distance 27
0 414 227 274 529 
Vertex 530 distance 22
0 414 438 583 316 530 
Vertex 531 distance 26
0 414 167 304 308 16 531 
Vertex 532 distance 17
0 414 188 396 153 532 
Vertex 533 distance 18
0 414 188 549 183 474 626 533 
Vertex 534 distance 23
0 414 188 549 183 405 618 534 
Vertex 535 distance 20
0 342 616 436 535 
Vertex 536 distance 20
0 414 188 379 406 253 536 
Vertex 537 distance 23
0 414 188 396 198 537 
Vertex 538 distance 24
0 280 538 
Vertex 539 distance 24
0 414 438 506 14 215 132 539 
Vertex 540 distance 24
0 414 188 549 183 301 355 516 41 525 540 
Vertex 541 distance 23
0 414 188 549 183 301 355 365 399 541 
Vertex 542 distance 18
0 414 167 304 308 29 542 
Vertex 543 distance 24
0 414 188 379 406 509 543 
Vertex 544 distance 24
0 414 167 103 459 544 
Vertex 545 distance 20
0 414 438 60 622 545 
Vertex 546 distance 22
0 414 167 304 308 431 411 628 546 
Vertex 547 distance 22
0 414 188 379 406 453 547 
Vertex 548 distance 21
0 77 548 
Vertex 549 distance 13
0 414 188 549 
Vertex 550 distance 27
0 414 188 549 386 317 38 181 402 550 
Vertex 551 distance 26
0 414 551 
Vertex 552 distance 26
0 414 188 217 487 85 552 
Vertex 553 distance 28
0 414 227 503 553 
Vertex 554 distance 22
0 414 167 322 440 554 
Vertex 555 distance 26
0 414 438 506 14 1 98 330 555 
Vertex 556 distance 24
0 414 188 217 219 556 
Vertex 557 distance 26
0 414 188 549 183 623 469 65 557 
Vertex 558 distance 21
0 414 188 217 558 
Vertex 559 distance 27
0 414 167 304 173 72 559 
Vertex 560 distance 23
0 414 188 549 183 405 394 560 
Vertex 561 distance 16
0 414 188 396 561 
Vertex 562 distance 19
0 414 167 149 562 
Vertex 563 distance 27
0 414 167 304 308 29 563 
Vertex 564 distance 21
0 414 167 304 308 431 411 564 
Vertex 565 distance 20
0 414 188 217 487 565 
Vertex 566 distance 23
0 414 438 60 622 137 367 566 
Vertex 567 distance 26
0 414 188 396 198 537 567 
Vertex 568 distance 19
0 414 438 506 275 568 
Vertex 569 distance 25
0 414 438 60 569 
Vertex 570 distance 20
0 414 188 217 570 
Vertex 571 distance 24
0 414 167 103 459 571 
Vertex 572 distance 22
0 414 188 549 183 474 626 533 370 572 
Vertex 573 distance 24
0 414 188 549 183 405 394 37 573 
Vertex 574 distance 21
0 594 82 493 574 
Vertex 575 distance 25
0 414 188 549 183 474 626 415 50 575 
Vertex 576 distance 27
0 342 616 607 464 576 
Vertex 577 distance 27
0 414 227 503 508 577 
Vertex 578 distance 31
0 342 393 578 
Vertex 579 distance 26
0 414 188 379 579 
Vertex 580 distance 21
0 414 159 580 
Vertex 581 distance 21
0 414 188 217 189 581 
Vertex 582 distance 22
0 414 438 506 275 466 608 582 
Vertex 583 distance 14
0 414 438 583 
Vertex 584 distance 27
0 342 616 584 
Vertex 585 distance 22
0 414 188 396 198 585 
Vertex 586 distance 17
0 414 586 
Vertex 587 distance 32
0 414 188 217 487 588 587 
Vertex 588 distance 29
0 414 188 217 487 588 
Vertex 589 distance 24
0 271 589 
Vertex 590 distance 20
0 414 167 103 93 590 
Vertex 591 distance 24
0 414 188 549 183 301 355 591 
Vertex 592 distance 30
0 414 167 304 308 29 592 
Vertex 593 distance 24
0 414 188 549 386 317 38 24 593 
Vertex 594 distance 13
0 594 
Vertex 595 distance 20
0 414 438 60 622 595 
Vertex 596 distance 25
0 414 438 506 275 403 28 596 
Vertex 597 distance 24
0 414 188 549 386 317 88 2 597 
Vertex 598 distance 22
0 414 188 379 406 453 598 
Vertex 599 distance 31
0 414 188 396 153 412 362 599 
Vertex 600 distance 22
0 414 188 379 252 600 
Vertex 601 distance 24
0 414 438 506 275 466 608 601 
Vertex 602 distance 31
0 414 188 217 521 602 
Vertex 603 distance 22
0 414 438 60 622 137 367 603 
Vertex 604 distance 26
0 414 188 549 183 301 141 276 604 
Vertex 605 distance 31
0 414 188 549 183 301 244 501 605 
Vertex 606 distance 21
0 342 606 
Vertex 607 distance 22
0 342 616 607 
Vertex 608 distance 21
0 414 438 506 275 466 608 
Vertex 609 distance 25
0 342 616 609 
Vertex 610 distance 25
0 414 159 580 610 
Vertex 611 distance 17
0 414 188 379 406 611 
Vertex 612 distance 28
0 414 167 304 308 431 411 182 612 
Vertex 613 distance 27
0 414 188 396 561 613 
Vertex 614 distance 27
0 414 188 549 127 341 123 614 
Vertex 615 distance 26
0 414 188 379 406 253 517 272 615 
Vertex 616 distance 16
0 342 616 
Vertex 617 distance 20
0 414 438 506 275 329 259 44 348 617 
Vertex 618 distance 18
0 414 188 549 183 405 618 
Vertex 619 distance 22
0 414 188 396 153 532 337 300 619 
Vertex 620 distance 25
0 414 188 549 386 317 38 24 620 
Vertex 621 distance 19
0 414 586 621 
Vertex 622 distance 16
0 414 438 60 622 
Vertex 623 distance 18
0 414 188 549 183 623 
Vertex 624 distance 29
0 414 188 549 183 623 469 125 624 
Vertex 625 distance 25
0 414 188 396 153 532 337 34 625 
Vertex 626 distance 16
0 414 188 549 183 474 626 
Vertex 627 distance 24
0 414 159 627 
Vertex 628 distance 21
0 414 167 304 308 431 411 628 
Vertex 629 distance 28
0 342 393 629 
Vertex 630 distance 26
0 414 188 549 183 623 469 147 311 458 630 
Vertex 631 distance 29
0 414 438 583 316 530 631 
Vertex 632 distance 24
0 414 188 379 406 509 632 
Vertex 633 distance 28
0 414 188 549 386 317 38 24 593 214 633 
Vertex 634 distance 27
0 414 188 549 386 317 38 24 593 214 634 
Vertex 635 distance 24
0 414 438 506 275 403 635 
Vertex 636 distance 25
0 414 188 379 406 509 433 68 636 
Vertex 637 distance 27
0 414 188 549 183 301 637 
Vertex 638 distance 21
0 414 188 379 406 253 517 638 
Vertex 639 distance 26
0 414 188 379 406 138 639 
