Vertex 0 distance 0
0 0 
Vertex 1 distance 15
0 320 261 1 
Vertex 2 distance 23
0 256 508 548 504 2 
Vertex 3 distance 27
0 126 596 4 625 123 52 174 3 
Vertex 4 distance 9
0 126 596 4 
Vertex 5 distance 25
0 126 596 4 625 498 54 5 
Vertex 6 distance 24
0 320 425 406 169 480 6 
Vertex 7 distance 21
0 320 425 11 46 19 92 528 7 
Vertex 8 distance 30
0 214 555 458 8 
Vertex 9 distance 24
0 126 596 197 551 503 9 
Vertex 10 distance 30
0 126 596 331 416 604 10 
Vertex 11 distance 13
0 320 425 11 
Vertex 12 distance 16
0 126 596 473 210 31 374 12 
Vertex 13 distance 17
0 320 425 11 46 19 13 
Vertex 14 distance 21
0 126 596 512 387 443 14 
Vertex 15 distance 27
0 126 596 473 210 427 30 616 15 
Vertex 16 distance 20
0 256 542 68 462 328 16 
Vertex 17 distance 30
0 126 596 512 148 17 
Vertex 18 distance 21
0 126 596 473 210 294 18 
Vertex 19 distance 15
0 320 425 11 46 19 
Vertex 20 distance 19
0 320 425 71 314 20 
Vertex 21 distance 23
0 126 596 4 625 465 21 
Vertex 22 distance 36
0 126 596 473 210 31 146 511 22 
Vertex 23 distance 19
0 126 596 473 210 31 374 23 
Vertex 24 distance 23
0 256 186 24 
Vertex 25 distance 13
0 126 596 473 210 31 316 25 
Vertex 26 distance 23
0 256 542 68 307 101 26 
Vertex 27 distance 29
0 126 596 473 255 125 27 
Vertex 28 distance 27
0 320 315 368 571 28 
Vertex 29 distance 20
0 320 621 592 389 29 
Vertex 30 distance 19
0 126 596 473 210 427 30 
Vertex 31 distance 9
0 126 596 473 210 31 
Vertex 32 distance 23
0 126 596 473 210 31 374 12 310 32 
Vertex 33 distance 30
0 320 621 108 407 129 33 
Vertex 34 distance 17
0 126 596 197 381 209 238 73 34 
Vertex 35 distance 29
0 126 596 473 210 427 30 616 107 297 35 
Vertex 36 distance 23
0 256 508 586 637 36 
Vertex 37 distance 15
0 320 425 11 46 37 
Vertex 38 distance 20
0 320 425 11 38 
Vertex 39 distance 20
0 256 542 217 241 39 
Vertex 40 distance 24
0 320 425 11 336 451 160 40 
Vertex 41 distance 22
0 126 596 197 180 507 41 
Vertex 42 distance 29
0 126 596 4 479 42 
Vertex 43 distance 29
0 320 315 368 543 43 
Vertex 44 distance 10
0 126 596 512 387 44 
Vertex 45 distance 17
0 320 261 45 
Vertex 46 distance 14
0 320 425 11 46 
Vertex 47 distance 26
0 126 596 4 625 383 327 47 
Vertex 48 distance 18
0 320 425 48 
Vertex 49 distance 31
0 185 88 49 
Vertex 50 distance 30
0 320 315 442 275 50 
Vertex 51 distance 21
0 126 596 473 210 31 374 78 51 
Vertex 52 distance 18
0 126 596 4 625 123 52 
Vertex 53 distance 17
0 126 596 473 210 31 374 477 53 
Vertex 54 distance 18
0 126 596 4 625 498 54 
Vertex 55 distance 15
0 256 542 68 462 55 
Vertex 56 distance 25
0 320 425 48 484 196 570 56 
Vertex 57 distance 34
0 214 502 151 573 57 
Vertex 58 distance 33
0 126 596 473 255 481 382 58 
Vertex 59 distance 15
0 126 596 197 381 209 614 59 
Vertex 60 distance 28
0 126 596 512 387 443 14 222 60 
Vertex 61 distance 16
0 320 621 61 
Vertex 62 distance 23
0 214 502 151 62 
Vertex 63 distance 25
0 256 542 68 462 328 157 63 
Vertex 64 distance 19
0 320 621 61 64 
Vertex 65 distance 30
0 320 425 71 314 65 
Vertex 66 distance 34
0 320 425 11 336 451 160 66 
Vertex 67 distance 24
0 256 542 68 462 328 67 
Vertex 68 distance 8
0 256 542 68 
Vertex 69 distance 22
0 126 596 473 210 31 146 99 333 601 69 
Vertex 70 distance 33
0 126 596 4 625 123 52 174 369 70 
Vertex 71 distance 12
0 320 425 71 
Vertex 72 distance 19
0 126 596 197 180 72 
Vertex 73 distance 16
0 126 596 197 381 209 238 73 
Vertex 74 distance 31
0 320 261 139 385 74 
Vertex 75 distance 26
0 126 596 473 210 427 243 544 75 
Vertex 76 distance 29
0 256 542 68 462 576 245 76 
Vertex 77 distance 25
0 214 502 151 154 77 
Vertex 78 distance 18
0 126 596 473 210 31 374 78 
Vertex 79 distance 27
0 256 542 68 307 101 296 79 
Vertex 80 distance 36
0 320 261 139 385 143 80 
Vertex 81 distance 19
0 320 425 71 81 
Vertex 82 distance 19
0 126 596 4 204 82 
Vertex 83 distance 39
0 256 542 68 462 83 
Vertex 84 distance 14
0 126 520 454 84 
Vertex 85 distance 28
0 320 425 48 85 
Vertex 86 distance 24
0 126 596 4 204 86 
Vertex 87 distance 20
0 320 261 139 385 87 
Vertex 88 distance 20
0 185 88 
Vertex 89 distance 23
0 320 315 89 
Vertex 90 distance 30
0 320 425 11 336 451 160 40 90 
Vertex 91 distance 34
0 214 502 151 154 77 91 
Vertex 92 distance 18
0 320 425 11 46 19 92 
Vertex 93 distance 20
0 126 596 473 210 31 316 25 93 
Vertex 94 distance 29
0 256 542 445 94 
Vertex 95 distance 18
0 126 596 473 210 31 316 25 95 
Vertex 96 distance 42
0 320 425 11 46 19 522 226 183 203 96 
Vertex 97 distance 23
0 256 508 264 97 
Vertex 98 distance 32
0 126 596 473 210 486 98 
Vertex 99 distance 16
0 126 596 473 210 31 146 99 
Vertex 100 distance 16
0 320 425 11 100 
Vertex 101 distance 20
0 256 542 68 307 101 
Vertex 102 distance 11
0 126 596 473 255 102 
Vertex 103 distance 28
0 126 596 473 255 638 103 
Vertex 104 distance 24
0 256 542 68 462 390 104 
Vertex 105 distance 26
0 126 596 331 416 115 164 105 
Vertex 106 distance 29
0 126 596 473 210 31 146 99 333 106 
Vertex 107 distance 23
0 126 596 473 210 427 30 616 107 
Vertex 108 distance 14
0 320 621 108 
Vertex 109 distance 20
0 320 425 11 100 109 
Vertex 110 distance 19
0 126 596 473 255 102 110 
Vertex 111 distance 17
0 126 596 512 111 
Vertex 112 distance 20
0 126 596 473 210 31 316 25 112 
Vertex 113 distance 23
0 126 596 429 113 
Vertex 114 distance 21
0 320 425 71 81 114 
Vertex 115 distance 18
0 126 596 331 416 115 
Vertex 116 distance 34
0 126 596 512 111 372 356 116 
Vertex 117 distance 19
0 126 117 
Vertex 118 distance 44
0 256 542 217 241 118 
Vertex 119 distance 15
0 126 596 512 387 44 119 
Vertex 120 distance 21
0 126 596 4 625 383 120 
Vertex 121 distance 15
0 126 596 197 381 450 121 
Vertex 122 distance 21
0 126 117 122 
Vertex 123 distance 15
0 126 596 4 625 123 
Vertex 124 distance 34
0 320 425 11 46 137 124 
Vertex 125 distance 18
0 126 596 473 255 125 
Vertex 126 distance 3
0 126 
Vertex 127 distance 15
0 320 156 178 127 
Vertex 128 distance 26
0 320 621 108 407 129 128 
Vertex 129 distance 20
0 320 621 108 407 129 
Vertex 130 distance 23
0 126 596 4 130 
Vertex 131 distance 19
0 126 596 4 479 131 
Vertex 132 distance 54
0 320 315 368 571 491 132 
Vertex 133 distance 11
0 126 596 512 387 133 
Vertex 134 distance 23
0 320 621 61 134 
Vertex 135 distance 27
0 320 425 11 38 135 
Vertex 136 distance 21
0 320 261 136 
Vertex 137 distance 18
0 320 425 11 46 137 
Vertex 138 distance 24
0 320 425 71 591 138 
Vertex 139 distance 15
0 320 261 139 
Vertex 140 distance 21
0 126 596 197 180 140 
Vertex 141 distance 19
0 320 621 108 141 
Vertex 142 distance 24
0 320 283 142 
Vertex 143 distance 19
0 320 261 139 385 143 
Vertex 144 distance 23
0 126 596 473 255 306 144 
Vertex 145 distance 24
0 320 425 11 46 19 522 145 
Vertex 146 distance 14
0 126 596 473 210 31 146 
Vertex 147 distance 22
0 126 596 197 381 209 434 202 147 
Vertex 148 distance 17
0 126 596 512 148 
Vertex 149 distance 15
0 126 596 473 149 
Vertex 150 distance 31
0 126 596 473 210 431 150 
Vertex 151 distance 11
0 214 502 151 
Vertex 152 distance 32
0 320 261 139 385 87 152 
Vertex 153 distance 28
0 126 342 153 
Vertex 154 distance 22
0 214 502 151 154 
Vertex 155 distance 22
0 256 365 155 
Vertex 156 distance 9
0 320 156 
Vertex 157 distance 18
0 256 542 68 462 328 157 
Vertex 158 distance 17
0 256 542 68 462 158 
Vertex 159 distance 20
0 126 596 331 416 159 
Vertex 160 distance 22
0 320 425 11 336 451 160 
Vertex 161 distance 30
0 126 117 589 161 
Vertex 162 distance 18
0 126 596 4 625 498 162 
Vertex 163 distance 11
0 126 596 197 381 450 163 
Vertex 164 distance 24
0 126 596 331 416 115 164 
Vertex 165 distance 26
0 320 425 11 336 451 160 40 165 
Vertex 166 distance 26
0 126 596 473 210 431 166 
Vertex 167 distance 20
0 126 596 473 210 294 167 
Vertex 168 distance 18
0 126 520 454 84 168 
Vertex 169 distance 18
0 320 425 406 169 
Vertex 170 distance 21
0 320 425 406 169 170 
Vertex 171 distance 18
0 126 596 4 625 123 171 
Vertex 172 distance 24
0 320 425 11 336 451 172 
Vertex 173 distance 16
0 126 596 173 
Vertex 174 distance 20
0 126 596 4 625 123 52 174 
Vertex 175 distance 26
0 126 596 429 175 
Vertex 176 distance 28
0 126 596 4 625 251 176 
Vertex 177 distance 29
0 126 596 473 210 427 347 337 177 
Vertex 178 distance 14
0 320 156 178 
Vertex 179 distance 18
0 320 156 178 179 
Vertex 180 distance 7
0 126 596 197 180 
Vertex 181 distance 23
0 214 555 458 181 
Vertex 182 distance 39
0 126 596 473 210 31 146 99 333 601 69 182 
Vertex 183 distance 20
0 320 425 11 46 19 522 226 183 
Vertex 184 distance 14
0 126 596 473 210 31 316 25 184 
Vertex 185 distance 8
0 185 
Vertex 186 distance 21
0 256 186 
Vertex 187 distance 20
0 126 596 473 210 31 374 12 187 
Vertex 188 distance 28
0 320 425 11 46 19 522 145 188 
Vertex 189 distance 18
0 126 596 473 255 189 
Vertex 190 distance 28
0 320 261 139 385 143 240 190 
Vertex 191 distance 30
0 126 596 473 210 31 374 23 191 
Vertex 192 distance 16
0 126 596 197 381 209 238 192 
Vertex 193 distance 20
0 126 596 512 148 193 
Vertex 194 distance 22
0 126 596 4 625 123 171 564 194 
Vertex 195 distance 14
0 195 
Vertex 196 distance 22
0 320 425 48 484 196 
Vertex 197 distance 6
0 126 596 197 
Vertex 198 distance 25
0 126 596 4 625 123 52 198 
Vertex 199 distance 21
0 126 596 512 387 212 199 
Vertex 200 distance 23
0 126 596 473 210 31 316 25 93 200 
Vertex 201 distance 26
0 320 621 108 407 367 201 
Vertex 202 distance 19
0 126 596 197 381 209 434 202 
Vertex 203 distance 22
0 320 425 11 46 19 522 226 183 203 
Vertex 204 distance 17
0 126 596 4 204 
Vertex 205 distance 18
0 214 205 
Vertex 206 distance 33
0 320 425 11 46 37 471 206 
Vertex 207 distance 32
0 126 596 473 210 31 316 25 112 605 207 
Vertex 208 distance 28
0 126 596 473 210 294 370 208 
Vertex 209 distance 10
0 126 596 197 381 209 
Vertex 210 distance 8
0 126 596 473 210 
Vertex 211 distance 40
0 126 596 473 210 431 150 211 
Vertex 212 distance 14
0 126 596 512 387 212 
Vertex 213 distance 34
0 320 315 368 571 28 213 
Vertex 214 distance 9
0 214 
Vertex 215 distance 34
0 256 542 68 462 328 157 215 
Vertex 216 distance 25
0 126 596 4 479 216 
Vertex 217 distance 16
0 256 542 217 
Vertex 218 distance 21
0 320 425 11 46 37 218 
Vertex 219 distance 60
0 320 283 357 298 219 
Vertex 220 distance 34
0 320 425 11 46 37 218 220 
Vertex 221 distance 35
0 320 425 48 484 196 570 56 221 
Vertex 222 distance 23
0 126 596 512 387 443 14 222 
Vertex 223 distance 22
0 320 425 406 169 223 
Vertex 224 distance 24
0 126 596 197 381 209 238 73 34 629 224 
Vertex 225 distance 25
0 256 236 225 
Vertex 226 distance 19
0 320 425 11 46 19 522 226 
Vertex 227 distance 32
0 126 596 4 204 607 227 
Vertex 228 distance 23
0 126 596 228 
Vertex 229 distance 21
0 320 608 229 
Vertex 230 distance 22
0 126 596 473 210 31 230 
Vertex 231 distance 26
0 320 425 231 
Vertex 232 distance 20
0 256 546 232 
Vertex 233 distance 27
0 320 425 406 169 480 6 233 
Vertex 234 distance 20
0 320 425 11 46 19 522 226 234 
Vertex 235 distance 35
0 320 425 11 46 19 13 235 
Vertex 236 distance 3
0 256 236 
Vertex 237 distance 26
0 126 596 473 210 31 230 237 
Vertex 238 distance 15
0 126 596 197 381 209 238 
Vertex 239 distance 24
0 126 596 473 210 31 374 23 239 
Vertex 240 distance 24
0 320 261 139 385 143 240 
Vertex 241 distance 19
0 256 542 217 241 
Vertex 242 distance 22
0 126 596 197 180 72 242 
Vertex 243 distance 16
0 126 596 473 210 427 243 
Vertex 244 distance 36
0 214 276 244 
Vertex 245 distance 21
0 256 542 68 462 576 245 
Vertex 246 distance 27
0 256 542 217 241 39 246 
Vertex 247 distance 25
0 126 596 473 210 31 316 247 
Vertex 248 distance 24
0 126 520 454 84 248 
Vertex 249 distance 28
0 320 425 71 314 349 319 249 
Vertex 250 distance 27
0 569 250 
Vertex 251 distance 13
0 126 596 4 625 251 
Vertex 252 distance 15
0 126 596 197 381 209 434 252 
Vertex 253 distance 21
0 256 508 610 253 
Vertex 254 distance 24
0 256 186 254 
Vertex 255 distance 8
0 126 596 473 255 
Vertex 256 distance 2
0 256 
Vertex 257 distance 28
0 320 621 108 407 593 257 
Vertex 258 distance 24
0 126 596 473 255 322 258 
Vertex 259 distance 19
0 126 596 4 625 123 52 259 
Vertex 260 distance 30
0 320 425 406 169 260 
Vertex 261 distance 11
0 320 261 
Vertex 262 distance 23
0 126 596 473 210 427 243 544 262 
Vertex 263 distance 19
0 126 596 473 210 31 316 263 
Vertex 264 distance 15
0 256 508 264 
Vertex 265 distance 22
0 126 596 473 255 265 
Vertex 266 distance 19
0 126 596 473 210 31 146 266 
Vertex 267 distance 23
0 320 621 108 267 
Vertex 268 distance 22
0 126 596 197 381 268 
Vertex 269 distance 33
0 126 596 473 210 31 374 269 
Vertex 270 distance 29
0 320 261 270 
Vertex 271 distance 20
0 320 283 357 271 
Vertex 272 distance 27
0 126 596 4 204 329 272 
Vertex 273 distance 18
0 214 555 273 
Vertex 274 distance 18
0 320 425 71 314 349 274 
Vertex 275 distance 23
0 320 315 442 275 
Vertex 276 distance 22
0 214 276 
Vertex 277 distance 32
0 126 596 4 625 123 277 
Vertex 278 distance 17
0 320 425 406 278 
Vertex 279 distance 18
0 126 596 197 381 209 434 279 
Vertex 280 distance 22
0 126 596 473 255 102 110 449 280 
Vertex 281 distance 15
0 126 596 197 381 281 
Vertex 282 distance 22
0 126 596 473 210 31 146 266 282 
Vertex 283 distance 14
0 320 283 
Vertex 284 distance 23
0 320 283 357 271 284 
Vertex 285 distance 18
0 126 596 473 255 638 285 
Vertex 286 distance 24
0 320 621 108 407 593 286 
Vertex 287 distance 32
0 126 596 197 551 503 287 
Vertex 288 distance 20
0 126 596 197 381 209 238 192 288 
Vertex 289 distance 29
0 126 596 4 354 289 
Vertex 290 distance 28
0 126 596 473 210 31 316 247 290 
Vertex 291 distance 21
0 256 542 68 462 328 157 291 
Vertex 292 distance 23
0 126 596 331 416 159 292 
Vertex 293 distance 18
0 126 596 197 381 209 434 252 293 
Vertex 294 distance 11
0 126 596 473 210 294 
Vertex 295 distance 29
0 320 425 71 81 295 
Vertex 296 distance 21
0 256 542 68 307 101 296 
Vertex 297 distance 25
0 126 596 473 210 427 30 616 107 297 
Vertex 298 distance 23
0 320 283 357 298 
Vertex 299 distance 22
0 126 596 4 625 383 120 299 
Vertex 300 distance 24
0 256 542 68 307 101 296 300 
Vertex 301 distance 20
0 320 425 11 46 426 301 
Vertex 302 distance 24
0 126 596 197 180 507 302 
Vertex 303 distance 29
0 126 596 473 210 427 303 
Vertex 304 distance 28
0 126 596 473 210 427 347 304 
Vertex 305 distance 34
0 126 596 4 625 498 54 330 305 
Vertex 306 distance 16
0 126 596 473 255 306 
Vertex 307 distance 14
0 256 542 68 307 
Vertex 308 distance 14
0 320 425 11 308 
Vertex 309 distance 23
0 126 596 473 210 31 374 23 309 
Vertex 310 distance 19
0 126 596 473 210 31 374 12 310 
Vertex 311 distance 36
0 126 596 197 381 450 163 335 313 572 311 
Vertex 312 distance 22
0 256 508 548 312 
Vertex 313 distance 29
0 126 596 197 381 450 163 335 313 
Vertex 314 distance 16
0 320 425 71 314 
Vertex 315 distance 10
0 320 315 
Vertex 316 distance 11
0 126 596 473 210 31 316 
Vertex 317 distance 27
0 320 315 317 
Vertex 318 distance 31
0 126 596 473 210 31 146 99 333 601 318 
Vertex 319 distance 23
0 320 425 71 314 349 319 
Vertex 320 distance 7
0 320 
Vertex 321 distance 32
0 126 596 197 381 209 614 613 482 321 
Vertex 322 distance 18
0 126 596 473 255 322 
Vertex 323 distance 27
0 256 542 68 462 390 104 323 
Vertex 324 distance 17
0 214 502 151 573 324 
Vertex 325 distance 22
0 126 596 512 387 133 325 
Vertex 326 distance 22
0 126 596 197 326 
Vertex 327 distance 23
0 126 596 4 625 383 327 
Vertex 328 distance 17
0 256 542 68 462 328 
Vertex 329 distance 26
0 126 596 4 204 329 
Vertex 330 distance 22
0 126 596 4 625 498 54 330 
Vertex 331 distance 15
0 126 596 331 
Vertex 332 distance 25
0 126 596 4 332 
Vertex 333 distance 17
0 126 596 473 210 31 146 99 333 
Vertex 334 distance 29
0 214 205 334 
Vertex 335 distance 17
0 126 596 197 381 450 163 335 
Vertex 336 distance 20
0 320 425 11 336 
Vertex 337 distance 22
0 126 596 473 210 427 347 337 
Vertex 338 distance 20
0 320 621 108 407 338 
Vertex 339 distance 22
0 256 542 68 523 359 339 
Vertex 340 distance 22
0 256 542 68 462 328 157 340 
Vertex 341 distance 15
0 126 596 197 180 507 341 
Vertex 342 distance 26
0 126 342 
Vertex 343 distance 28
0 320 425 48 444 343 
Vertex 344 distance 33
0 126 596 512 387 212 582 344 
Vertex 345 distance 21
0 126 596 345 
Vertex 346 distance 17
0 126 596 512 387 133 346 
Vertex 347 distance 18
0 126 596 473 210 427 347 
Vertex 348 distance 21
0 126 596 4 625 123 348 
Vertex 349 distance 17
0 320 425 71 314 349 
Vertex 350 distance 30
0 256 186 254 350 
Vertex 351 distance 21
0 214 364 531 351 
Vertex 352 distance 28
0 256 542 68 462 158 352 
Vertex 353 distance 29
0 320 425 11 46 19 522 226 183 353 
Vertex 354 distance 14
0 126 596 4 354 
Vertex 355 distance 20
0 126 596 197 381 450 163 335 355 
Vertex 356 distance 20
0 126 596 512 111 372 356 
Vertex 357 distance 16
0 320 283 357 
Vertex 358 distance 23
0 126 596 512 387 44 119 358 
Vertex 359 distance 19
0 256 542 68 523 359 
Vertex 360 distance 22
0 126 596 4 625 383 360 
Vertex 361 distance 30
0 320 425 406 169 480 6 233 361 
Vertex 362 distance 21
0 126 596 512 387 443 362 
Vertex 363 distance 26
0 320 425 48 484 196 570 363 
Vertex 364 distance 13
0 214 364 
Vertex 365 distance 18
0 256 365 
Vertex 366 distance 19
0 126 596 4 354 366 
Vertex 367 distance 23
0 320 621 108 407 367 
Vertex 368 distance 13
0 320 315 368 
Vertex 369 distance 29
0 126 596 4 625 123 52 174 369 
Vertex 370 distance 25
0 126 596 473 210 294 370 
Vertex 371 distance 29
0 126 596 197 381 209 238 73 34 629 622 371 
Vertex 372 distance 18
0 126 596 512 111 372 
Vertex 373 distance 32
0 126 596 473 210 427 30 616 107 373 
Vertex 374 distance 15
0 126 596 473 210 31 374 
Vertex 375 distance 19
0 126 520 454 84 375 
Vertex 376 distance 37
0 126 596 512 387 133 428 618 563 376 
Vertex 377 distance 26
0 256 508 548 504 377 
Vertex 378 distance 23
0 126 596 473 255 102 110 449 378 
Vertex 379 distance 25
0 126 596 197 381 209 614 547 379 
Vertex 380 distance 7
0 256 236 380 
Vertex 381 distance 9
0 126 596 197 381 
Vertex 382 distance 27
0 126 596 473 255 481 382 
Vertex 383 distance 17
0 126 596 4 625 383 
Vertex 384 distance 24
0 320 425 11 46 19 522 384 
Vertex 385 distance 17
0 320 261 139 385 
Vertex 386 distance 32
0 320 315 368 543 43 386 
Vertex 387 distance 9
0 126 596 512 387 
Vertex 388 distance 14
0 320 425 11 388 
Vertex 389 distance 18
0 320 621 592 389 
Vertex 390 distance 14
0 256 542 68 462 390 
Vertex 391 distance 35
0 256 365 391 
Vertex 392 distance 25
0 320 425 11 392 
Vertex 393 distance 27
0 320 425 11 393 
Vertex 394 distance 22
0 126 596 4 625 383 394 
Vertex 395 distance 25
0 214 502 151 573 324 395 
Vertex 396 distance 21
0 126 596 473 210 31 146 266 396 
Vertex 397 distance 29
0 256 542 68 462 55 397 
Vertex 398 distance 22
0 126 596 473 210 427 243 398 
Vertex 399 distance 22
0 126 596 473 210 31 146 399 
Vertex 400 distance 24
0 126 596 473 530 400 
Vertex 401 distance 21
0 126 596 473 210 31 146 401 
Vertex 402 distance 24
0 185 402 
Vertex 403 distance 33
0 126 596 197 381 209 614 547 403 
Vertex 404 distance 30
0 126 596 512 387 404 
Vertex 405 distance 70
0 126 596 512 387 133 428 618 405 
Vertex 406 distance 15
0 320 425 406 
Vertex 407 distance 19
0 320 621 108 407 
Vertex 408 distance 26
0 126 596 4 625 383 394 408 
Vertex 409 distance 24
0 320 425 11 46 19 522 226 183 203 409 
Vertex 410 distance 16
0 126 596 197 551 410 
Vertex 411 distance 25
0 320 608 229 411 
Vertex 412 distance 26
0 126 596 197 381 209 238 73 34 629 224 412 
Vertex 413 distance 20
0 126 596 473 255 638 285 413 
Vertex 414 distance 19
0 126 596 473 255 481 414 
Vertex 415 distance 20
0 320 261 139 385 415 
Vertex 416 distance 17
0 126 596 331 416 
Vertex 417 distance 18
0 126 596 197 381 209 614 59 417 
Vertex 418 distance 21
0 418 
Vertex 419 distance 23
0 320 608 419 
Vertex 420 distance 22
0 256 236 422 420 
Vertex 421 distance 28
0 126 596 4 625 498 54 558 421 
Vertex 422 distance 20
0 256 236 422 
Vertex 423 distance 22
0 126 596 197 381 209 614 59 423 
Vertex 424 distance 20
0 256 542 68 462 576 493 489 424 
Vertex 425 distance 10
0 320 425 
Vertex 426 distance 19
0 320 425 11 46 426 
Vertex 427 distance 11
0 126 596 473 210 427 
Vertex 428 distance 16
0 126 596 512 387 133 428 
Vertex 429 distance 18
0 126 596 429 
Vertex 430 distance 26
0 320 283 430 
Vertex 431 distance 23
0 126 596 473 210 431 
Vertex 432 distance 21
0 126 596 512 387 133 428 432 
Vertex 433 distance 28
0 214 502 600 478 433 
Vertex 434 distance 14
0 126 596 197 381 209 434 
Vertex 435 distance 29
0 320 425 11 617 435 
Vertex 436 distance 27
0 256 542 68 462 158 436 
Vertex 437 distance 32
0 126 596 473 210 31 146 399 437 
Vertex 438 distance 31
0 256 542 68 523 359 339 438 
Vertex 439 distance 16
0 320 621 108 439 
Vertex 440 distance 29
0 126 596 331 416 115 164 440 
Vertex 441 distance 27
0 569 441 
Vertex 442 distance 19
0 320 315 442 
Vertex 443 distance 14
0 126 596 512 387 443 
Vertex 444 distance 25
0 320 425 48 444 
Vertex 445 distance 19
0 256 542 445 
Vertex 446 distance 23
0 320 261 524 446 
Vertex 447 distance 21
0 256 542 217 241 39 447 
Vertex 448 distance 30
0 126 596 197 381 450 163 335 313 448 
Vertex 449 distance 20
0 126 596 473 255 102 110 449 
Vertex 450 distance 10
0 126 596 197 381 450 
Vertex 451 distance 21
0 320 425 11 336 451 
Vertex 452 distance 18
0 126 596 473 210 31 452 
Vertex 453 distance 36
0 126 596 512 387 133 428 432 453 
Vertex 454 distance 12
0 126 520 454 
Vertex 455 distance 27
0 126 596 197 180 507 41 455 
Vertex 456 distance 26
0 126 520 454 84 248 456 
Vertex 457 distance 28
0 126 596 473 255 481 457 
Vertex 458 distance 18
0 214 555 458 
Vertex 459 distance 26
0 256 542 68 462 390 459 
Vertex 460 distance 26
0 320 425 71 591 460 
Vertex 461 distance 40
0 320 425 71 81 114 461 
Vertex 462 distance 9
0 256 542 68 462 
Vertex 463 distance 27
0 126 596 4 625 498 54 463 
Vertex 464 distance 25
0 256 542 217 241 39 447 464 
Vertex 465 distance 18
0 126 596 4 625 465 
Vertex 466 distance 35
0 256 508 586 637 36 466 
Vertex 467 distance 28
0 126 596 512 387 443 14 222 467 
Vertex 468 distance 29
0 126 596 331 416 159 292 468 
Vertex 469 distance 37
0 214 469 
Vertex 470 distance 36
0 126 596 512 470 
Vertex 471 distance 21
0 320 425 11 46 37 471 
Vertex 472 distance 10
0 214 472 
Vertex 473 distance 7
0 126 596 473 
Vertex 474 distance 25
0 256 508 610 253 474 
Vertex 475 distance 25
0 256 546 232 475 
Vertex 476 distance 23
0 256 542 68 513 476 
Vertex 477 distance 16
0 126 596 473 210 31 374 477 
Vertex 478 distance 27
0 214 502 600 478 
Vertex 479 distance 15
0 126 596 4 479 
Vertex 480 distance 19
0 320 425 406 169 480 
Vertex 481 distance 14
0 126 596 473 255 481 
Vertex 482 distance 24
0 126 596 197 381 209 614 613 482 
Vertex 483 distance 28
0 126 596 473 210 431 166 483 
Vertex 484 distance 20
0 320 425 48 484 
Vertex 485 distance 25
0 126 596 197 381 450 163 335 355 485 
Vertex 486 distance 14
0 126 596 473 210 486 
Vertex 487 distance 31
0 126 596 173 487 
Vertex 488 distance 23
0 320 261 524 488 
Vertex 489 distance 15
0 256 542 68 462 576 493 489 
Vertex 490 distance 21
0 126 596 4 479 131 490 
Vertex 491 distance 22
0 320 315 368 571 491 
Vertex 492 distance 29
0 320 315 89 492 
Vertex 493 distance 12
0 256 542 68 462 576 493 
Vertex 494 distance 21
0 126 596 4 354 366 494 
Vertex 495 distance 23
0 256 542 68 462 328 495 
Vertex 496 distance 29
0 214 555 458 181 496 
Vertex 497 distance 23
0 126 596 4 625 123 545 497 
Vertex 498 distance 15
0 126 596 4 625 498 
Vertex 499 distance 25
0 320 425 11 46 19 522 226 183 203 499 
Vertex 500 distance 17
0 126 596 473 500 
Vertex 501 distance 24
0 256 542 68 462 501 
Vertex 502 distance 10
0 214 502 
Vertex 503 distance 18
0 126 596 197 551 503 
Vertex 504 distance 21
0 256 508 548 504 
Vertex 505 distance 26
0 126 596 512 387 133 428 505 
Vertex 506 distance 17
0 126 520 506 
Vertex 507 distance 13
0 126 596 197 180 507 
Vertex 508 distance 5
0 256 508 
Vertex 509 distance 17
0 126 596 4 625 123 509 
Vertex 510 distance 21
0 126 596 197 381 209 434 279 510 
Vertex 511 distance 29
0 126 596 473 210 31 146 511 
Vertex 512 distance 8
0 126 596 512 
Vertex 513 distance 21
0 256 542 68 513 
Vertex 514 distance 38
0 126 596 473 500 515 514 
Vertex 515 distance 28
0 126 596 473 500 515 
Vertex 516 distance 26
0 126 596 473 210 31 146 266 516 
Vertex 517 distance 26
0 126 596 429 517 
Vertex 518 distance 33
0 256 546 232 518 
Vertex 519 distance 23
0 320 425 11 46 19 92 519 
Vertex 520 distance 10
0 126 520 
Vertex 521 distance 19
0 256 542 68 462 390 521 
Vertex 522 distance 18
0 320 425 11 46 19 522 
Vertex 523 distance 17
0 256 542 68 523 
Vertex 524 distance 20
0 320 261 524 
Vertex 525 distance 24
0 126 520 454 84 375 525 
Vertex 526 distance 23
0 126 596 197 180 72 526 
Vertex 527 distance 27
0 320 315 368 571 491 527 
Vertex 528 distance 20
0 320 425 11 46 19 92 528 
Vertex 529 distance 30
0 320 621 108 407 338 529 
Vertex 530 distance 18
0 126 596 473 530 
Vertex 531 distance 18
0 214 364 531 
Vertex 532 distance 22
0 320 425 11 46 37 218 532 
Vertex 533 distance 22
0 320 425 533 
Vertex 534 distance 30
0 320 621 592 389 534 
Vertex 535 distance 25
0 126 596 4 625 498 54 558 535 
Vertex 536 distance 23
0 126 596 197 381 268 536 
Vertex 537 distance 43
0 126 596 4 625 465 537 
Vertex 538 distance 22
0 126 596 4 479 538 
Vertex 539 distance 26
0 320 156 178 127 539 
Vertex 540 distance 27
0 214 502 151 154 77 540 
Vertex 541 distance 33
0 320 621 108 407 367 201 541 
Vertex 542 distance 6
0 256 542 
Vertex 543 distance 18
0 320 315 368 543 
Vertex 544 distance 20
0 126 596 473 210 427 243 544 
Vertex 545 distance 20
0 126 596 4 625 123 545 
Vertex 546 distance 17
0 256 546 
Vertex 547 distance 22
0 126 596 197 381 209 614 547 
Vertex 548 distance 20
0 256 508 548 
Vertex 549 distance 27
0 126 596 512 549 
Vertex 550 distance 33
0 126 596 473 210 427 347 304 550 
Vertex 551 distance 9
0 126 596 197 551 
Vertex 552 distance 29
0 320 261 552 
Vertex 553 distance 28
0 320 261 553 
Vertex 554 distance 44
0 126 596 4 625 383 120 299 554 
Vertex 555 distance 14
0 214 555 
Vertex 556 distance 19
0 320 425 406 169 556 
Vertex 557 distance 24
0 126 596 473 255 102 110 557 
Vertex 558 distance 19
0 126 596 4 625 498 54 558 
Vertex 559 distance 34
0 256 542 217 594 559 
Vertex 560 distance 38
0 320 425 11 46 19 522 226 234 560 
Vertex 561 distance 21
0 126 596 4 625 465 561 
Vertex 562 distance 30
0 126 596 473 255 306 562 
Vertex 563 distance 26
0 126 596 512 387 133 428 618 563 
Vertex 564 distance 20
0 126 596 4 625 123 171 564 
Vertex 565 distance 21
0 126 596 512 387 44 119 565 
Vertex 566 distance 22
0 320 425 11 46 19 13 566 
Vertex 567 distance 22
0 320 261 45 567 
Vertex 568 distance 24
0 126 596 473 210 31 316 263 568 
Vertex 569 distance 25
0 569 
Vertex 570 distance 24
0 320 425 48 484 196 570 
Vertex 571 distance 17
0 320 315 368 571 
Vertex 572 distance 30
0 126 596 197 381 450 163 335 313 572 
Vertex 573 distance 16
0 214 502 151 573 
Vertex 574 distance 30
0 126 520 454 84 168 574 
Vertex 575 distance 23
0 320 621 108 439 575 
Vertex 576 distance 11
0 256 542 68 462 576 
Vertex 577 distance 21
0 126 596 512 387 212 577 
Vertex 578 distance 24
0 126 596 197 381 209 238 578 
Vertex 579 distance 23
0 320 425 11 46 19 13 588 579 
Vertex 580 distance 24
0 126 596 473 210 31 146 580 
Vertex 581 distance 30
0 256 508 548 581 
Vertex 582 distance 15
0 126 596 512 387 212 582 
Vertex 583 distance 20
0 126 596 4 583 
Vertex 584 distance 26
0 320 425 406 584 
Vertex 585 distance 22
0 320 425 11 46 19 92 585 
Vertex 586 distance 18
0 256 508 586 
Vertex 587 distance 38
0 256 542 68 307 101 26 587 
Vertex 588 distance 20
0 320 425 11 46 19 13 588 
Vertex 589 distance 21
0 126 117 589 
Vertex 590 distance 28
0 126 596 512 387 133 428 505 590 
Vertex 591 distance 17
0 320 425 71 591 
Vertex 592 distance 16
0 320 621 592 
Vertex 593 distance 20
0 320 621 108 407 593 
Vertex 594 distance 20
0 256 542 217 594 
Vertex 595 distance 18
0 256 546 595 
Vertex 596 distance 5
0 126 596 
Vertex 597 distance 33
0 320 425 406 169 480 6 233 597 
Vertex 598 distance 24
0 320 425 71 598 
Vertex 599 distance 23
0 256 236 422 599 
Vertex 600 distance 14
0 214 502 600 
Vertex 601 distance 19
0 126 596 473 210 31 146 99 333 601 
Vertex 602 distance 26
0 126 596 473 210 31 316 25 602 
Vertex 603 distance 31
0 126 596 4 625 251 176 603 
Vertex 604 distance 26
0 126 596 331 416 604 
Vertex 605 distance 21
0 126 596 473 210 31 316 25 112 605 
Vertex 606 distance 26
0 320 425 11 46 426 301 606 
Vertex 607 distance 18
0 126 596 4 204 607 
Vertex 608 distance 17
0 320 608 
Vertex 609 distance 29
0 126 596 473 210 31 316 25 93 200 609 
Vertex 610 distance 19
0 256 508 610 
Vertex 611 distance 27
0 256 542 68 462 158 611 
Vertex 612 distance 26
0 126 596 512 148 612 
Vertex 613 distance 18
0 126 596 197 381 209 614 613 
Vertex 614 distance 14
0 126 596 197 381 209 614 
Vertex 615 distance 27
0 320 315 615 
Vertex 616 distance 20
0 126 596 473 210 427 30 616 
Vertex 617 distance 28
0 320 425 11 617 
Vertex 618 distance 25
0 126 596 512 387 133 428 618 
Vertex 619 distance 22
0 320 156 178 179 619 
Vertex 620 distance 24
0 126 596 197 326 620 
Vertex 621 distance 13
0 320 621 
Vertex 622 distance 25
0 126 596 197 381 209 238 73 34 629 622 
Vertex 623 distance 19
0 256 508 264 623 
Vertex 624 distance 29
0 126 596 4 625 624 
Vertex 625 distance 10
0 126 596 4 625 
Vertex 626 distance 10
0 185 626 
Vertex 627 distance 28
0 214 502 627 
Vertex 628 distance 30
0 256 546 232 475 628 
Vertex 629 distance 20
0 126 596 197 381 209 238 73 34 629 
Vertex 630 distance 32
0 320 425 71 81 295 630 
Vertex 631 distance 29
0 126 596 4 625 123 545 631 
Vertex 632 distance 23
0 320 425 71 314 20 632 
Vertex 633 distance 31
0 126 342 633 
Vertex 634 distance 34
0 214 276 634 
Vertex 635 distance 19
0 214 555 635 
Vertex 636 distance 24
0 126 596 473 210 294 167 636 
Vertex 637 distance 21
0 256 508 586 637 
Vertex 638 distance 16
0 126 596 473 255 638 
Vertex 639 distance 26
0 126 596 473 210 427 30 616 107 639 
