Vertex 0 distance 0
0 0 
Vertex 1 distance 22
0 538 59 263 73 614 617 1 
Vertex 2 distance 16
0 558 8 387 171 471 2 
Vertex 3 distance 15
0 538 262 319 20 3 
Vertex 4 distance 15
0 538 404 84 205 4 
Vertex 5 distance 15
0 538 59 263 73 217 107 512 5 
Vertex 6 distance 22
0 538 262 319 20 203 6 
Vertex 7 distance 12
0 538 404 7 
Vertex 8 distance 6
0 558 8 
Vertex 9 distance 30
0 538 271 54 105 428 9 
Vertex 10 distance 17
0 538 262 319 366 208 10 
Vertex 11 distance 17
0 538 262 280 537 377 333 230 274 11 
Vertex 12 distance 19
0 538 262 319 115 507 12 
Vertex 13 distance 19
0 538 262 319 452 14 351 309 13 
Vertex 14 distance 12
0 538 262 319 452 14 
Vertex 15 distance 14
0 558 8 339 15 
Vertex 16 distance 18
0 538 59 263 73 614 540 386 16 
Vertex 17 distance 23
0 538 404 7 553 17 
Vertex 18 distance 19
0 558 8 157 18 
Vertex 19 distance 17
0 538 59 609 19 
Vertex 20 distance 11
0 538 262 319 20 
Vertex 21 distance 10
0 538 59 263 73 21 
Vertex 22 distance 19
0 538 262 319 115 507 506 22 
Vertex 23 distance 25
0 538 262 451 26 430 542 534 23 
Vertex 24 distance 12
0 538 404 37 24 
Vertex 25 distance 19
0 538 262 451 412 25 
Vertex 26 distance 10
0 538 262 451 26 
Vertex 27 distance 14
0 538 404 530 487 27 
Vertex 28 distance 15
0 538 262 319 20 28 
Vertex 29 distance 22
0 538 262 319 452 494 29 
Vertex 30 distance 11
0 538 262 451 26 30 
Vertex 31 distance 13
0 639 31 
Vertex 32 distance 27
0 538 262 319 452 32 
Vertex 33 distance 15
0 639 31 33 
Vertex 34 distance 25
0 639 575 450 34 
Vertex 35 distance 17
0 558 174 511 35 
Vertex 36 distance 13
0 538 262 319 20 36 
Vertex 37 distance 10
0 538 404 37 
Vertex 38 distance 23
0 558 8 157 38 
Vertex 39 distance 16
0 538 404 530 487 477 39 
Vertex 40 distance 21
0 538 59 381 574 40 
Vertex 41 distance 18
0 538 59 263 272 431 41 
Vertex 42 distance 14
0 538 262 451 412 42 
Vertex 43 distance 14
0 538 262 319 591 43 
Vertex 44 distance 16
0 538 262 319 591 44 
Vertex 45 distance 14
0 538 262 451 132 45 
Vertex 46 distance 16
0 538 404 84 328 46 
Vertex 47 distance 14
0 538 262 197 273 293 47 
Vertex 48 distance 18
0 538 262 319 452 14 48 
Vertex 49 distance 19
0 538 59 263 186 550 49 
Vertex 50 distance 23
0 538 59 263 625 419 50 
Vertex 51 distance 16
0 538 404 84 205 4 51 
Vertex 52 distance 12
0 558 174 255 52 
Vertex 53 distance 22
0 538 59 263 73 478 597 53 
Vertex 54 distance 8
0 538 271 54 
Vertex 55 distance 19
0 538 262 451 26 430 542 294 214 449 55 
Vertex 56 distance 11
0 538 59 69 56 
Vertex 57 distance 17
0 538 59 263 73 217 107 512 5 57 
Vertex 58 distance 14
0 538 59 58 
Vertex 59 distance 7
0 538 59 
Vertex 60 distance 11
0 538 59 263 625 60 
Vertex 61 distance 15
0 538 262 197 440 267 175 61 
Vertex 62 distance 19
0 538 251 62 
Vertex 63 distance 13
0 538 262 451 26 430 63 
Vertex 64 distance 18
0 538 271 54 105 455 364 631 64 
Vertex 65 distance 16
0 538 59 532 443 65 
Vertex 66 distance 22
0 538 404 530 113 607 66 
Vertex 67 distance 15
0 538 404 530 487 543 67 
Vertex 68 distance 15
0 538 404 332 88 68 
Vertex 69 distance 10
0 538 59 69 
Vertex 70 distance 17
0 538 262 197 440 638 70 
Vertex 71 distance 18
0 538 59 263 186 550 510 71 
Vertex 72 distance 15
0 538 262 451 26 401 72 
Vertex 73 distance 9
0 538 59 263 73 
Vertex 74 distance 17
0 538 262 280 537 557 74 
Vertex 75 distance 18
0 538 262 451 26 30 285 499 75 
Vertex 76 distance 15
0 538 271 54 105 455 364 76 
Vertex 77 distance 15
0 538 404 530 487 543 77 
Vertex 78 distance 16
0 538 59 609 527 78 
Vertex 79 distance 19
0 538 262 280 537 373 551 79 
Vertex 80 distance 20
0 538 271 54 105 455 364 76 627 481 80 
Vertex 81 distance 18
0 558 174 81 
Vertex 82 distance 14
0 538 59 69 56 485 82 
Vertex 83 distance 20
0 538 404 7 357 491 468 297 83 
Vertex 84 distance 9
0 538 404 84 
Vertex 85 distance 19
0 538 262 280 537 557 85 
Vertex 86 distance 20
0 538 262 319 20 86 
Vertex 87 distance 19
0 538 262 197 440 133 87 
Vertex 88 distance 11
0 538 404 332 88 
Vertex 89 distance 18
0 538 262 252 582 89 
Vertex 90 distance 11
0 538 59 541 90 
Vertex 91 distance 16
0 538 271 54 105 455 364 76 91 
Vertex 92 distance 18
0 538 262 319 591 106 581 632 303 92 
Vertex 93 distance 15
0 538 262 319 591 93 
Vertex 94 distance 12
0 538 59 94 
Vertex 95 distance 24
0 538 262 451 26 401 173 576 95 
Vertex 96 distance 19
0 558 174 255 52 96 
Vertex 97 distance 17
0 538 262 319 591 106 322 97 
Vertex 98 distance 14
0 538 262 319 20 187 98 
Vertex 99 distance 11
0 558 99 
Vertex 100 distance 19
0 558 174 255 52 258 100 
Vertex 101 distance 18
0 538 404 332 593 442 101 
Vertex 102 distance 15
0 538 59 532 350 102 
Vertex 103 distance 19
0 538 59 381 599 447 103 
Vertex 104 distance 13
0 538 262 451 26 430 104 
Vertex 105 distance 10
0 538 271 54 105 
Vertex 106 distance 12
0 538 262 319 591 106 
Vertex 107 distance 13
0 538 59 263 73 217 107 
Vertex 108 distance 14
0 538 262 319 20 187 108 
Vertex 109 distance 14
0 558 174 552 109 
Vertex 110 distance 19
0 538 262 319 20 187 98 110 
Vertex 111 distance 18
0 538 262 197 440 267 604 202 111 
Vertex 112 distance 19
0 538 262 451 412 231 112 
Vertex 113 distance 11
0 538 404 530 113 
Vertex 114 distance 17
0 538 554 206 458 114 
Vertex 115 distance 12
0 538 262 319 115 
Vertex 116 distance 23
0 538 59 532 443 65 438 116 
Vertex 117 distance 24
0 538 262 319 591 106 389 117 
Vertex 118 distance 18
0 538 59 263 272 405 118 
Vertex 119 distance 16
0 538 262 451 549 119 
Vertex 120 distance 16
0 558 153 120 
Vertex 121 distance 16
0 538 262 451 26 430 542 294 121 
Vertex 122 distance 22
0 558 8 339 122 
Vertex 123 distance 19
0 538 262 451 26 235 123 
Vertex 124 distance 18
0 538 59 263 73 478 124 
Vertex 125 distance 16
0 538 262 319 452 14 351 204 125 
Vertex 126 distance 16
0 538 404 126 
Vertex 127 distance 14
0 538 262 451 26 401 127 
Vertex 128 distance 17
0 538 59 69 497 182 128 
Vertex 129 distance 18
0 538 262 451 26 401 129 
Vertex 130 distance 19
0 538 262 280 172 308 130 
Vertex 131 distance 16
0 538 554 439 131 
Vertex 132 distance 13
0 538 262 451 132 
Vertex 133 distance 12
0 538 262 197 440 133 
Vertex 134 distance 16
0 538 262 197 273 293 47 134 
Vertex 135 distance 16
0 538 554 439 135 
Vertex 136 distance 20
0 538 262 363 136 
Vertex 137 distance 16
0 538 271 54 105 137 
Vertex 138 distance 14
0 538 404 530 487 138 
Vertex 139 distance 16
0 558 174 552 139 
Vertex 140 distance 20
0 538 262 319 591 106 581 632 303 140 
Vertex 141 distance 13
0 538 262 451 26 430 542 141 
Vertex 142 distance 20
0 538 262 280 537 142 
Vertex 143 distance 16
0 538 262 197 440 267 175 143 
Vertex 144 distance 12
0 538 59 263 186 144 
Vertex 145 distance 14
0 538 59 69 56 485 145 
Vertex 146 distance 15
0 538 404 84 518 480 146 
Vertex 147 distance 18
0 538 554 206 486 147 
Vertex 148 distance 16
0 538 404 84 205 409 148 
Vertex 149 distance 18
0 538 59 381 599 447 149 
Vertex 150 distance 15
0 538 554 290 539 150 
Vertex 151 distance 19
0 538 404 530 487 151 
Vertex 152 distance 19
0 538 262 451 26 30 285 499 603 152 
Vertex 153 distance 15
0 558 153 
Vertex 154 distance 22
0 538 59 263 73 395 154 
Vertex 155 distance 20
0 538 262 319 591 155 
Vertex 156 distance 17
0 538 59 609 156 
Vertex 157 distance 16
0 558 8 157 
Vertex 158 distance 17
0 538 262 319 591 158 
Vertex 159 distance 16
0 538 59 263 73 395 159 
Vertex 160 distance 14
0 538 59 69 160 
Vertex 161 distance 16
0 558 8 387 224 161 
Vertex 162 distance 18
0 538 404 37 24 162 
Vertex 163 distance 19
0 538 262 451 26 401 194 163 
Vertex 164 distance 22
0 538 59 69 164 
Vertex 165 distance 17
0 558 8 567 165 
Vertex 166 distance 18
0 558 99 166 
Vertex 167 distance 16
0 538 262 319 278 167 
Vertex 168 distance 19
0 538 262 215 279 168 
Vertex 169 distance 14
0 538 404 84 205 169 
Vertex 170 distance 14
0 538 404 37 170 
Vertex 171 distance 14
0 558 8 387 171 
Vertex 172 distance 10
0 538 262 280 172 
Vertex 173 distance 16
0 538 262 451 26 401 173 
Vertex 174 distance 10
0 558 174 
Vertex 175 distance 13
0 538 262 197 440 267 175 
Vertex 176 distance 20
0 538 404 84 518 480 176 
Vertex 177 distance 14
0 538 262 280 537 177 
Vertex 178 distance 18
0 538 404 530 487 477 39 178 
Vertex 179 distance 18
0 538 404 37 24 286 179 
Vertex 180 distance 20
0 538 262 215 279 321 180 
Vertex 181 distance 10
0 538 554 290 181 
Vertex 182 distance 16
0 538 59 69 497 182 
Vertex 183 distance 16
0 538 59 69 183 
Vertex 184 distance 20
0 538 262 451 26 430 219 184 
Vertex 185 distance 14
0 538 59 263 186 144 185 
Vertex 186 distance 11
0 538 59 263 186 
Vertex 187 distance 13
0 538 262 319 20 187 
Vertex 188 distance 18
0 538 59 69 497 188 
Vertex 189 distance 24
0 538 262 451 26 430 542 190 365 189 
Vertex 190 distance 14
0 538 262 451 26 430 542 190 
Vertex 191 distance 13
0 538 262 319 20 203 191 
Vertex 192 distance 20
0 538 404 84 205 4 595 192 
Vertex 193 distance 17
0 538 404 7 193 
Vertex 194 distance 15
0 538 262 451 26 401 194 
Vertex 195 distance 16
0 558 153 195 
Vertex 196 distance 16
0 538 262 197 440 267 604 196 
Vertex 197 distance 8
0 538 262 197 
Vertex 198 distance 21
0 538 262 197 473 397 198 
Vertex 199 distance 16
0 538 262 197 440 267 175 199 
Vertex 200 distance 17
0 639 575 361 260 200 
Vertex 201 distance 18
0 538 262 197 473 397 201 
Vertex 202 distance 15
0 538 262 197 440 267 604 202 
Vertex 203 distance 12
0 538 262 319 20 203 
Vertex 204 distance 15
0 538 262 319 452 14 351 204 
Vertex 205 distance 12
0 538 404 84 205 
Vertex 206 distance 8
0 538 554 206 
Vertex 207 distance 22
0 538 59 532 350 102 207 
Vertex 208 distance 15
0 538 262 319 366 208 
Vertex 209 distance 20
0 538 262 319 591 106 334 209 
Vertex 210 distance 21
0 538 262 319 591 106 210 
Vertex 211 distance 17
0 538 404 530 211 
Vertex 212 distance 21
0 538 262 451 26 212 
Vertex 213 distance 17
0 538 271 54 105 137 213 
Vertex 214 distance 14
0 538 262 451 26 430 542 294 214 
Vertex 215 distance 13
0 538 262 215 
Vertex 216 distance 19
0 558 382 620 311 216 
Vertex 217 distance 11
0 538 59 263 73 217 
Vertex 218 distance 18
0 538 262 451 26 30 285 499 603 218 
Vertex 219 distance 14
0 538 262 451 26 430 219 
Vertex 220 distance 16
0 538 271 54 105 455 364 398 220 
Vertex 221 distance 17
0 538 262 319 452 494 221 
Vertex 222 distance 15
0 538 404 222 
Vertex 223 distance 16
0 538 404 530 487 138 223 
Vertex 224 distance 15
0 558 8 387 224 
Vertex 225 distance 17
0 538 404 530 487 138 223 225 
Vertex 226 distance 19
0 538 262 451 549 119 226 
Vertex 227 distance 15
0 538 262 451 227 
Vertex 228 distance 16
0 538 262 302 228 
Vertex 229 distance 16
0 538 59 263 73 478 229 
Vertex 230 distance 14
0 538 262 280 537 377 333 230 
Vertex 231 distance 17
0 538 262 451 412 231 
Vertex 232 distance 21
0 538 262 197 440 475 232 
Vertex 233 distance 18
0 538 262 280 537 545 233 
Vertex 234 distance 23
0 538 404 530 234 
Vertex 235 distance 16
0 538 262 451 26 235 
Vertex 236 distance 20
0 538 262 319 115 507 12 236 
Vertex 237 distance 15
0 538 262 451 26 30 285 237 
Vertex 238 distance 18
0 538 404 332 593 238 
Vertex 239 distance 15
0 538 404 37 384 239 
Vertex 240 distance 24
0 538 251 240 
Vertex 241 distance 20
0 538 404 84 368 241 
Vertex 242 distance 22
0 538 262 319 115 242 
Vertex 243 distance 15
0 538 404 530 487 543 243 
Vertex 244 distance 19
0 538 262 319 452 494 221 244 
Vertex 245 distance 24
0 558 174 255 245 
Vertex 246 distance 17
0 538 262 197 473 246 
Vertex 247 distance 20
0 538 59 263 73 614 617 247 
Vertex 248 distance 20
0 538 404 222 566 248 
Vertex 249 distance 19
0 558 8 567 165 249 
Vertex 250 distance 17
0 538 404 84 328 250 
Vertex 251 distance 8
0 538 251 
Vertex 252 distance 8
0 538 262 252 
Vertex 253 distance 16
0 538 59 541 90 434 253 
Vertex 254 distance 16
0 538 262 280 537 377 358 254 
Vertex 255 distance 11
0 558 174 255 
Vertex 256 distance 18
0 538 262 280 537 377 358 256 
Vertex 257 distance 14
0 538 404 257 
Vertex 258 distance 17
0 558 174 255 52 258 
Vertex 259 distance 19
0 558 8 259 
Vertex 260 distance 16
0 639 575 361 260 
Vertex 261 distance 16
0 538 59 69 261 
Vertex 262 distance 6
0 538 262 
Vertex 263 distance 8
0 538 59 263 
Vertex 264 distance 18
0 538 59 58 264 
Vertex 265 distance 15
0 538 59 532 443 265 
Vertex 266 distance 21
0 538 262 319 20 36 266 
Vertex 267 distance 12
0 538 262 197 440 267 
Vertex 268 distance 18
0 538 262 197 440 267 175 199 268 
Vertex 269 distance 18
0 538 59 541 90 434 269 
Vertex 270 distance 21
0 538 59 381 599 447 149 270 
Vertex 271 distance 7
0 538 271 
Vertex 272 distance 14
0 538 59 263 272 
Vertex 273 distance 11
0 538 262 197 273 
Vertex 274 distance 15
0 538 262 280 537 377 333 230 274 
Vertex 275 distance 17
0 538 404 530 113 467 275 
Vertex 276 distance 20
0 558 8 157 18 276 
Vertex 277 distance 16
0 558 8 339 15 277 
Vertex 278 distance 13
0 538 262 319 278 
Vertex 279 distance 16
0 538 262 215 279 
Vertex 280 distance 9
0 538 262 280 
Vertex 281 distance 19
0 538 554 439 131 281 
Vertex 282 distance 18
0 538 404 530 113 467 282 
Vertex 283 distance 16
0 538 262 197 273 293 298 283 
Vertex 284 distance 20
0 558 8 387 623 284 
Vertex 285 distance 12
0 538 262 451 26 30 285 
Vertex 286 distance 15
0 538 404 37 24 286 
Vertex 287 distance 23
0 558 8 339 15 400 287 
Vertex 288 distance 12
0 538 59 532 288 
Vertex 289 distance 16
0 538 59 501 289 
Vertex 290 distance 8
0 538 554 290 
Vertex 291 distance 19
0 538 59 263 272 405 291 
Vertex 292 distance 11
0 538 262 451 292 
Vertex 293 distance 13
0 538 262 197 273 293 
Vertex 294 distance 13
0 538 262 451 26 430 542 294 
Vertex 295 distance 15
0 538 404 530 113 295 
Vertex 296 distance 17
0 538 262 252 582 296 
Vertex 297 distance 17
0 538 404 7 357 491 468 297 
Vertex 298 distance 14
0 538 262 197 273 293 298 
Vertex 299 distance 20
0 538 59 263 272 405 118 299 
Vertex 300 distance 31
0 538 59 263 73 612 300 
Vertex 301 distance 15
0 538 262 451 26 430 542 301 
Vertex 302 distance 11
0 538 262 302 
Vertex 303 distance 16
0 538 262 319 591 106 581 632 303 
Vertex 304 distance 21
0 538 59 263 186 144 185 525 304 
Vertex 305 distance 14
0 538 59 263 73 305 
Vertex 306 distance 17
0 538 262 319 452 378 573 306 
Vertex 307 distance 14
0 538 262 197 440 307 
Vertex 308 distance 11
0 538 262 280 172 308 
Vertex 309 distance 15
0 538 262 319 452 14 351 309 
Vertex 310 distance 11
0 538 554 290 310 
Vertex 311 distance 14
0 558 382 620 311 
Vertex 312 distance 18
0 538 59 263 73 305 531 312 
Vertex 313 distance 13
0 538 404 530 113 607 313 
Vertex 314 distance 17
0 538 59 532 288 444 314 
Vertex 315 distance 18
0 538 262 280 537 177 315 
Vertex 316 distance 19
0 538 262 451 412 362 316 
Vertex 317 distance 21
0 538 404 530 487 477 317 
Vertex 318 distance 19
0 558 99 318 
Vertex 319 distance 8
0 538 262 319 
Vertex 320 distance 13
0 558 174 255 52 320 
Vertex 321 distance 17
0 538 262 215 279 321 
Vertex 322 distance 14
0 538 262 319 591 106 322 
Vertex 323 distance 17
0 538 262 280 537 177 323 
Vertex 324 distance 19
0 538 262 280 537 557 324 
Vertex 325 distance 14
0 538 262 319 452 14 325 
Vertex 326 distance 14
0 538 554 326 
Vertex 327 distance 16
0 538 262 451 227 327 
Vertex 328 distance 12
0 538 404 84 328 
Vertex 329 distance 17
0 538 59 532 329 
Vertex 330 distance 16
0 538 404 37 330 
Vertex 331 distance 23
0 558 174 423 331 
Vertex 332 distance 9
0 538 404 332 
Vertex 333 distance 13
0 538 262 280 537 377 333 
Vertex 334 distance 14
0 538 262 319 591 106 334 
Vertex 335 distance 17
0 538 59 263 73 478 229 335 
Vertex 336 distance 16
0 538 262 319 591 43 336 
Vertex 337 distance 18
0 538 404 530 487 477 460 337 
Vertex 338 distance 16
0 558 174 255 52 338 
Vertex 339 distance 10
0 558 8 339 
Vertex 340 distance 20
0 538 59 263 186 144 563 626 340 
Vertex 341 distance 18
0 538 404 530 487 341 
Vertex 342 distance 15
0 538 262 197 273 344 342 
Vertex 343 distance 13
0 538 59 263 73 395 343 
Vertex 344 distance 13
0 538 262 197 273 344 
Vertex 345 distance 19
0 538 271 54 105 455 364 631 64 345 
Vertex 346 distance 17
0 538 262 197 273 344 342 346 
Vertex 347 distance 18
0 347 
Vertex 348 distance 19
0 538 59 69 56 517 348 
Vertex 349 distance 18
0 538 271 54 105 455 349 
Vertex 350 distance 13
0 538 59 532 350 
Vertex 351 distance 14
0 538 262 319 452 14 351 
Vertex 352 distance 12
0 538 262 451 26 352 
Vertex 353 distance 15
0 538 554 290 353 
Vertex 354 distance 16
0 538 262 197 273 354 
Vertex 355 distance 16
0 538 404 7 355 
Vertex 356 distance 16
0 538 262 319 366 356 
Vertex 357 distance 13
0 538 404 7 357 
Vertex 358 distance 14
0 538 262 280 537 377 358 
Vertex 359 distance 12
0 538 59 263 186 359 
Vertex 360 distance 21
0 538 404 332 593 442 101 360 
Vertex 361 distance 13
0 639 575 361 
Vertex 362 distance 17
0 538 262 451 412 362 
Vertex 363 distance 18
0 538 262 363 
Vertex 364 distance 14
0 538 271 54 105 455 364 
Vertex 365 distance 15
0 538 262 451 26 430 542 190 365 
Vertex 366 distance 12
0 538 262 319 366 
Vertex 367 distance 20
0 538 262 451 549 402 367 
Vertex 368 distance 18
0 538 404 84 368 
Vertex 369 distance 15
0 538 59 541 369 
Vertex 370 distance 18
0 538 59 381 599 447 370 
Vertex 371 distance 19
0 538 59 541 90 371 
Vertex 372 distance 18
0 538 59 532 350 372 
Vertex 373 distance 12
0 538 262 280 537 373 
Vertex 374 distance 21
0 538 262 197 429 374 
Vertex 375 distance 17
0 558 174 552 109 375 
Vertex 376 distance 18
0 538 59 263 625 419 376 
Vertex 377 distance 11
0 538 262 280 537 377 
Vertex 378 distance 12
0 538 262 319 452 378 
Vertex 379 distance 22
0 538 262 197 440 267 175 143 379 
Vertex 380 distance 19
0 538 404 332 88 68 380 
Vertex 381 distance 8
0 538 59 381 
Vertex 382 distance 8
0 558 382 
Vertex 383 distance 13
0 538 262 451 26 430 383 
Vertex 384 distance 14
0 538 404 37 384 
Vertex 385 distance 17
0 538 554 439 569 385 
Vertex 386 distance 17
0 538 59 263 73 614 540 386 
Vertex 387 distance 13
0 558 8 387 
Vertex 388 distance 11
0 538 251 388 
Vertex 389 distance 17
0 538 262 319 591 106 389 
Vertex 390 distance 23
0 538 262 319 20 187 98 390 
Vertex 391 distance 21
0 538 262 280 537 377 333 420 391 
Vertex 392 distance 18
0 558 8 339 15 277 392 
Vertex 393 distance 17
0 538 59 263 73 217 107 512 5 637 393 
Vertex 394 distance 21
0 538 404 84 205 492 394 
Vertex 395 distance 10
0 538 59 263 73 395 
Vertex 396 distance 21
0 538 59 263 186 550 396 
Vertex 397 distance 16
0 538 262 197 473 397 
Vertex 398 distance 15
0 538 271 54 105 455 364 398 
Vertex 399 distance 18
0 538 404 530 487 543 67 399 
Vertex 400 distance 18
0 558 8 339 15 400 
Vertex 401 distance 13
0 538 262 451 26 401 
Vertex 402 distance 16
0 538 262 451 549 402 
Vertex 403 distance 18
0 403 
Vertex 404 distance 8
0 538 404 
Vertex 405 distance 17
0 538 59 263 272 405 
Vertex 406 distance 19
0 538 262 451 132 406 
Vertex 407 distance 18
0 538 59 263 186 144 185 407 
Vertex 408 distance 17
0 538 262 319 20 203 408 
Vertex 409 distance 13
0 538 404 84 205 409 
Vertex 410 distance 21
0 538 59 541 90 434 269 410 
Vertex 411 distance 19
0 538 404 530 635 411 
Vertex 412 distance 12
0 538 262 451 412 
Vertex 413 distance 19
0 538 554 206 413 
Vertex 414 distance 16
0 538 262 451 412 414 
Vertex 415 distance 23
0 538 59 263 73 478 597 53 415 
Vertex 416 distance 17
0 538 554 439 131 416 
Vertex 417 distance 15
0 538 262 451 292 417 
Vertex 418 distance 15
0 538 59 501 418 
Vertex 419 distance 17
0 538 59 263 625 419 
Vertex 420 distance 16
0 538 262 280 537 377 333 420 
Vertex 421 distance 26
0 538 59 609 527 78 421 
Vertex 422 distance 17
0 538 59 69 422 
Vertex 423 distance 13
0 558 174 423 
Vertex 424 distance 17
0 538 262 319 452 14 351 204 125 424 
Vertex 425 distance 17
0 538 262 319 425 
Vertex 426 distance 19
0 538 271 54 105 426 
Vertex 427 distance 20
0 639 575 361 260 427 
Vertex 428 distance 12
0 538 271 54 105 428 
Vertex 429 distance 10
0 538 262 197 429 
Vertex 430 distance 11
0 538 262 451 26 430 
Vertex 431 distance 16
0 538 59 263 272 431 
Vertex 432 distance 16
0 538 262 319 591 106 581 632 432 
Vertex 433 distance 15
0 538 404 332 433 
Vertex 434 distance 15
0 538 59 541 90 434 
Vertex 435 distance 19
0 538 59 263 73 478 588 600 435 
Vertex 436 distance 17
0 538 262 197 440 267 175 436 
Vertex 437 distance 18
0 558 8 339 437 
Vertex 438 distance 17
0 538 59 532 443 65 438 
Vertex 439 distance 14
0 538 554 439 
Vertex 440 distance 11
0 538 262 197 440 
Vertex 441 distance 21
0 558 153 195 441 
Vertex 442 distance 17
0 538 404 332 593 442 
Vertex 443 distance 13
0 538 59 532 443 
Vertex 444 distance 16
0 538 59 532 288 444 
Vertex 445 distance 17
0 538 262 197 440 267 604 445 
Vertex 446 distance 12
0 538 262 197 273 446 
Vertex 447 distance 16
0 538 59 381 599 447 
Vertex 448 distance 22
0 538 262 319 591 106 581 632 303 448 
Vertex 449 distance 18
0 538 262 451 26 430 542 294 214 449 
Vertex 450 distance 15
0 639 575 450 
Vertex 451 distance 9
0 538 262 451 
Vertex 452 distance 10
0 538 262 319 452 
Vertex 453 distance 16
0 538 404 7 453 
Vertex 454 distance 20
0 538 554 454 
Vertex 455 distance 12
0 538 271 54 105 455 
Vertex 456 distance 16
0 538 59 263 73 21 456 
Vertex 457 distance 21
0 538 59 609 527 457 
Vertex 458 distance 11
0 538 554 206 458 
Vertex 459 distance 15
0 538 262 197 273 459 
Vertex 460 distance 17
0 538 404 530 487 477 460 
Vertex 461 distance 22
0 538 262 319 366 356 461 
Vertex 462 distance 14
0 538 59 263 73 614 462 
Vertex 463 distance 17
0 538 262 197 440 475 463 
Vertex 464 distance 16
0 538 251 464 
Vertex 465 distance 17
0 538 404 84 518 480 146 465 
Vertex 466 distance 18
0 538 59 263 186 144 185 466 
Vertex 467 distance 13
0 538 404 530 113 467 
Vertex 468 distance 16
0 538 404 7 357 491 468 
Vertex 469 distance 17
0 538 404 84 205 492 469 
Vertex 470 distance 11
0 538 271 54 470 
Vertex 471 distance 15
0 558 8 387 171 471 
Vertex 472 distance 21
0 538 59 541 498 472 
Vertex 473 distance 12
0 538 262 197 473 
Vertex 474 distance 16
0 538 404 37 170 474 
Vertex 475 distance 16
0 538 262 197 440 475 
Vertex 476 distance 16
0 538 59 541 476 
Vertex 477 distance 15
0 538 404 530 487 477 
Vertex 478 distance 12
0 538 59 263 73 478 
Vertex 479 distance 16
0 538 262 197 273 344 342 479 
Vertex 480 distance 13
0 538 404 84 518 480 
Vertex 481 distance 18
0 538 271 54 105 455 364 76 627 481 
Vertex 482 distance 16
0 639 31 482 
Vertex 483 distance 17
0 538 262 451 292 417 483 
Vertex 484 distance 17
0 538 59 263 186 550 484 
Vertex 485 distance 13
0 538 59 69 56 485 
Vertex 486 distance 13
0 538 554 206 486 
Vertex 487 distance 10
0 538 404 530 487 
Vertex 488 distance 19
0 538 262 197 273 293 488 
Vertex 489 distance 14
0 538 262 252 489 
Vertex 490 distance 11
0 538 554 206 490 
Vertex 491 distance 15
0 538 404 7 357 491 
Vertex 492 distance 15
0 538 404 84 205 492 
Vertex 493 distance 14
0 538 59 263 73 217 107 493 
Vertex 494 distance 15
0 538 262 319 452 494 
Vertex 495 distance 23
0 538 404 530 487 151 495 
Vertex 496 distance 19
0 558 174 255 52 320 496 
Vertex 497 distance 15
0 538 59 69 497 
Vertex 498 distance 17
0 538 59 541 498 
Vertex 499 distance 14
0 538 262 451 26 30 285 499 
Vertex 500 distance 19
0 639 500 
Vertex 501 distance 13
0 538 59 501 
Vertex 502 distance 20
0 538 404 332 88 522 502 
Vertex 503 distance 23
0 538 262 319 115 507 12 236 503 
Vertex 504 distance 15
0 538 262 451 132 45 504 
Vertex 505 distance 16
0 538 404 84 328 505 
Vertex 506 distance 17
0 538 262 319 115 507 506 
Vertex 507 distance 15
0 538 262 319 115 507 
Vertex 508 distance 17
0 538 262 451 26 235 508 
Vertex 509 distance 17
0 538 404 84 518 509 
Vertex 510 distance 17
0 538 59 263 186 550 510 
Vertex 511 distance 11
0 558 174 511 
Vertex 512 distance 14
0 538 59 263 73 217 107 512 
Vertex 513 distance 11
0 538 554 206 513 
Vertex 514 distance 13
0 538 262 319 20 514 
Vertex 515 distance 22
0 538 262 451 26 430 542 190 365 515 
Vertex 516 distance 16
0 538 59 263 73 21 516 
Vertex 517 distance 18
0 538 59 69 56 517 
Vertex 518 distance 12
0 538 404 84 518 
Vertex 519 distance 16
0 538 262 197 473 519 
Vertex 520 distance 21
0 538 59 263 73 478 588 600 589 520 
Vertex 521 distance 18
0 538 404 84 205 492 521 
Vertex 522 distance 16
0 538 404 332 88 522 
Vertex 523 distance 17
0 538 59 263 73 217 523 
Vertex 524 distance 20
0 538 404 530 487 477 460 524 
Vertex 525 distance 17
0 538 59 263 186 144 185 525 
Vertex 526 distance 18
0 538 262 252 489 526 
Vertex 527 distance 14
0 538 59 609 527 
Vertex 528 distance 16
0 538 262 280 537 528 
Vertex 529 distance 17
0 538 404 529 
Vertex 530 distance 9
0 538 404 530 
Vertex 531 distance 17
0 538 59 263 73 305 531 
Vertex 532 distance 11
0 538 59 532 
Vertex 533 distance 13
0 558 174 533 
Vertex 534 distance 22
0 538 262 451 26 430 542 534 
Vertex 535 distance 23
0 538 262 451 26 401 194 535 
Vertex 536 distance 19
0 538 59 541 90 434 536 
Vertex 537 distance 10
0 538 262 280 537 
Vertex 538 distance 3
0 538 
Vertex 539 distance 10
0 538 554 290 539 
Vertex 540 distance 14
0 538 59 263 73 614 540 
Vertex 541 distance 8
0 538 59 541 
Vertex 542 distance 12
0 538 262 451 26 430 542 
Vertex 543 distance 13
0 538 404 530 487 543 
Vertex 544 distance 18
0 538 59 58 544 
Vertex 545 distance 15
0 538 262 280 537 545 
Vertex 546 distance 14
0 538 262 451 549 546 
Vertex 547 distance 18
0 538 262 451 26 401 72 547 
Vertex 548 distance 19
0 538 59 69 497 548 
Vertex 549 distance 11
0 538 262 451 549 
Vertex 550 distance 14
0 538 59 263 186 550 
Vertex 551 distance 13
0 538 262 280 537 373 551 
Vertex 552 distance 12
0 558 174 552 
Vertex 553 distance 18
0 538 404 7 553 
Vertex 554 distance 7
0 538 554 
Vertex 555 distance 19
0 538 59 541 90 434 253 555 
Vertex 556 distance 18
0 538 262 319 452 494 556 
Vertex 557 distance 14
0 538 262 280 537 557 
Vertex 558 distance 5
0 558 
Vertex 559 distance 20
0 538 59 263 186 605 559 
Vertex 560 distance 18
0 538 262 197 273 344 342 560 
Vertex 561 distance 15
0 538 59 263 73 614 462 561 
Vertex 562 distance 15
0 538 404 530 562 
Vertex 563 distance 15
0 538 59 263 186 144 563 
Vertex 564 distance 17
0 538 59 263 73 21 456 564 
Vertex 565 distance 17
0 538 262 252 489 565 
Vertex 566 distance 16
0 538 404 222 566 
Vertex 567 distance 16
0 558 8 567 
Vertex 568 distance 17
0 538 59 263 73 217 107 512 5 568 
Vertex 569 distance 15
0 538 554 439 569 
Vertex 570 distance 19
0 538 59 570 
Vertex 571 distance 14
0 538 59 94 571 
Vertex 572 distance 18
0 538 404 37 24 572 
Vertex 573 distance 13
0 538 262 319 452 378 573 
Vertex 574 distance 13
0 538 59 381 574 
Vertex 575 distance 12
0 639 575 
Vertex 576 distance 19
0 538 262 451 26 401 173 576 
Vertex 577 distance 19
0 538 404 530 113 577 
Vertex 578 distance 18
0 538 262 451 412 362 578 
Vertex 579 distance 22
0 538 262 319 115 507 579 
Vertex 580 distance 22
0 538 262 319 366 580 
Vertex 581 distance 14
0 538 262 319 591 106 581 
Vertex 582 distance 16
0 538 262 252 582 
Vertex 583 distance 16
0 538 262 319 366 583 
Vertex 584 distance 16
0 558 174 255 52 320 584 
Vertex 585 distance 19
0 538 554 326 585 
Vertex 586 distance 18
0 538 59 263 272 405 586 
Vertex 587 distance 22
0 538 404 37 384 239 587 
Vertex 588 distance 16
0 538 59 263 73 478 588 
Vertex 589 distance 19
0 538 59 263 73 478 588 600 589 
Vertex 590 distance 21
0 538 59 263 73 217 107 590 
Vertex 591 distance 10
0 538 262 319 591 
Vertex 592 distance 20
0 538 404 7 553 592 
Vertex 593 distance 15
0 538 404 332 593 
Vertex 594 distance 18
0 538 262 319 591 44 594 
Vertex 595 distance 17
0 538 404 84 205 4 595 
Vertex 596 distance 22
0 538 404 530 635 596 
Vertex 597 distance 18
0 538 59 263 73 478 597 
Vertex 598 distance 16
0 538 59 541 369 598 
Vertex 599 distance 12
0 538 59 381 599 
Vertex 600 distance 17
0 538 59 263 73 478 588 600 
Vertex 601 distance 20
0 538 59 381 599 447 370 601 
Vertex 602 distance 15
0 538 262 280 537 377 602 
Vertex 603 distance 15
0 538 262 451 26 30 285 499 603 
Vertex 604 distance 14
0 538 262 197 440 267 604 
Vertex 605 distance 15
0 538 59 263 186 605 
Vertex 606 distance 16
0 558 174 606 
Vertex 607 distance 12
0 538 404 530 113 607 
Vertex 608 distance 20
0 538 262 197 440 267 604 608 
Vertex 609 distance 10
0 538 59 609 
Vertex 610 distance 24
0 538 404 530 487 543 77 610 
Vertex 611 distance 21
0 538 271 54 105 611 
Vertex 612 distance 18
0 538 59 263 73 612 
Vertex 613 distance 16
0 538 271 54 470 613 
Vertex 614 distance 12
0 538 59 263 73 614 
Vertex 615 distance 19
0 538 262 280 537 373 615 
Vertex 616 distance 15
0 538 59 69 56 485 145 616 
Vertex 617 distance 19
0 538 59 263 73 614 617 
Vertex 618 distance 18
0 538 262 280 537 557 74 618 
Vertex 619 distance 20
0 538 404 530 211 619 
Vertex 620 distance 13
0 558 382 620 
Vertex 621 distance 22
0 538 262 197 273 344 342 560 621 
Vertex 622 distance 16
0 538 271 54 105 428 622 
Vertex 623 distance 18
0 558 8 387 623 
Vertex 624 distance 21
0 538 262 451 412 231 112 624 
Vertex 625 distance 10
0 538 59 263 625 
Vertex 626 distance 17
0 538 59 263 186 144 563 626 
Vertex 627 distance 17
0 538 271 54 105 455 364 76 627 
Vertex 628 distance 14
0 558 382 620 628 
Vertex 629 distance 18
0 538 404 7 357 491 468 629 
Vertex 630 distance 24
0 538 262 451 412 231 112 630 
Vertex 631 distance 16
0 538 271 54 105 455 364 631 
Vertex 632 distance 15
0 538 262 319 591 106 581 632 
Vertex 633 distance 21
0 538 271 54 105 455 364 633 
Vertex 634 distance 19
0 538 404 84 205 409 148 634 
Vertex 635 distance 12
0 538 404 530 635 
Vertex 636 distance 16
0 538 404 530 113 607 313 636 
Vertex 637 distance 16
0 538 59 263 73 217 107 512 5 637 
Vertex 638 distance 15
0 538 262 197 440 638 
Vertex 639 distance 11
0 639 
