Vertex 0 distance 0
0 0 
Vertex 1 distance 36
0 158 415 209 95 390 1 
Vertex 2 distance 34
0 117 44 284 2 
Vertex 3 distance 23
0 158 378 191 94 288 179 520 264 3 
Vertex 4 distance 38
0 158 378 623 257 534 428 4 
Vertex 5 distance 35
0 158 378 191 94 288 179 304 5 
Vertex 6 distance 23
0 158 437 6 
Vertex 7 distance 35
0 158 517 210 7 
Vertex 8 distance 39
0 158 437 335 8 
Vertex 9 distance 34
0 158 437 488 486 346 9 
Vertex 10 distance 33
0 158 378 191 94 245 547 10 
Vertex 11 distance 33
0 158 378 191 94 529 11 
Vertex 12 distance 30
0 158 378 623 372 290 621 407 12 
Vertex 13 distance 26
0 158 437 6 13 
Vertex 14 distance 39
0 158 415 209 408 14 
Vertex 15 distance 40
0 158 415 293 103 224 220 156 104 15 
Vertex 16 distance 22
0 158 415 293 48 445 16 
Vertex 17 distance 37
0 158 378 623 67 97 259 17 
Vertex 18 distance 30
0 158 378 623 19 18 
Vertex 19 distance 24
0 158 378 623 19 
Vertex 20 distance 18
0 158 378 623 372 290 20 
Vertex 21 distance 32
0 158 437 488 486 21 
Vertex 22 distance 41
0 158 415 293 48 282 271 181 22 
Vertex 23 distance 37
0 158 348 410 528 23 
Vertex 24 distance 23
0 492 24 
Vertex 25 distance 25
0 121 25 
Vertex 26 distance 43
0 158 378 623 67 97 233 514 26 
Vertex 27 distance 27
0 158 415 601 27 
Vertex 28 distance 29
0 158 415 293 48 515 28 
Vertex 29 distance 27
0 158 378 191 94 288 179 29 
Vertex 30 distance 32
0 30 
Vertex 31 distance 33
0 158 348 596 325 207 397 629 31 
Vertex 32 distance 28
0 158 378 191 94 288 542 193 433 32 
Vertex 33 distance 38
0 158 378 623 257 534 142 33 
Vertex 34 distance 45
0 158 415 293 48 34 
Vertex 35 distance 25
0 158 378 56 35 
Vertex 36 distance 28
0 158 378 191 94 245 522 36 
Vertex 37 distance 41
0 158 415 601 619 270 285 174 37 
Vertex 38 distance 39
0 158 378 191 94 288 179 520 264 3 38 
Vertex 39 distance 29
0 158 378 623 372 290 465 39 
Vertex 40 distance 25
0 158 517 231 160 496 503 40 
Vertex 41 distance 41
0 121 387 41 
Vertex 42 distance 31
0 201 180 63 471 42 
Vertex 43 distance 23
0 158 415 506 541 43 
Vertex 44 distance 27
0 117 44 
Vertex 45 distance 30
0 158 415 293 103 232 559 141 49 478 45 
Vertex 46 distance 37
0 121 162 203 46 
Vertex 47 distance 31
0 385 306 329 47 
Vertex 48 distance 13
0 158 415 293 48 
Vertex 49 distance 27
0 158 415 293 103 232 559 141 49 
Vertex 50 distance 22
0 158 415 209 50 
Vertex 51 distance 30
0 158 415 293 48 164 354 51 
Vertex 52 distance 26
0 158 378 56 147 52 
Vertex 53 distance 24
0 158 378 191 94 288 179 304 184 53 
Vertex 54 distance 24
0 158 378 191 54 
Vertex 55 distance 31
0 158 437 488 486 346 81 55 
Vertex 56 distance 20
0 158 378 56 
Vertex 57 distance 19
0 158 378 332 57 
Vertex 58 distance 25
0 158 415 293 103 224 58 
Vertex 59 distance 22
0 121 291 60 59 
Vertex 60 distance 17
0 121 291 60 
Vertex 61 distance 9
0 385 61 
Vertex 62 distance 32
0 158 415 293 103 232 62 
Vertex 63 distance 26
0 201 180 63 
Vertex 64 distance 22
0 158 378 623 238 64 
Vertex 65 distance 28
0 158 378 638 75 65 
Vertex 66 distance 33
0 158 378 623 238 64 66 
Vertex 67 distance 21
0 158 378 623 67 
Vertex 68 distance 44
0 158 378 623 372 290 465 39 68 
Vertex 69 distance 27
0 158 415 506 541 69 
Vertex 70 distance 28
0 158 348 70 
Vertex 71 distance 38
0 158 415 209 50 226 454 71 
Vertex 72 distance 38
0 158 348 331 468 72 
Vertex 73 distance 29
0 121 291 60 59 73 
Vertex 74 distance 34
0 158 378 623 67 97 74 
Vertex 75 distance 24
0 158 378 638 75 
Vertex 76 distance 24
0 158 415 293 48 76 
Vertex 77 distance 26
0 158 378 191 94 288 77 
Vertex 78 distance 27
0 158 378 191 94 288 78 
Vertex 79 distance 35
0 158 378 623 223 263 79 
Vertex 80 distance 38
0 158 517 231 160 80 
Vertex 81 distance 20
0 158 437 488 486 346 81 
Vertex 82 distance 34
0 30 82 
Vertex 83 distance 21
0 158 415 293 48 445 323 83 
Vertex 84 distance 48
0 158 348 410 300 565 84 
Vertex 85 distance 22
0 158 437 488 486 346 81 85 
Vertex 86 distance 22
0 158 378 623 223 86 
Vertex 87 distance 29
0 121 162 382 87 
Vertex 88 distance 23
0 158 415 293 48 445 88 
Vertex 89 distance 43
0 158 415 256 635 89 
Vertex 90 distance 30
0 158 378 623 372 90 
Vertex 91 distance 37
0 121 387 421 204 373 91 
Vertex 92 distance 33
0 158 415 293 48 515 92 
Vertex 93 distance 24
0 385 306 93 
Vertex 94 distance 13
0 158 378 191 94 
Vertex 95 distance 20
0 158 415 209 95 
Vertex 96 distance 31
0 158 378 191 94 152 96 
Vertex 97 distance 26
0 158 378 623 67 97 
Vertex 98 distance 21
0 158 378 332 57 98 
Vertex 99 distance 40
0 158 378 623 223 263 610 99 
Vertex 100 distance 32
0 158 378 623 372 611 297 100 
Vertex 101 distance 35
0 158 348 596 325 101 
Vertex 102 distance 59
0 121 291 182 307 138 102 
Vertex 103 distance 14
0 158 415 293 103 
Vertex 104 distance 31
0 158 415 293 103 224 220 156 104 
Vertex 105 distance 29
0 158 378 623 223 86 166 105 
Vertex 106 distance 36
0 158 378 191 94 568 106 
Vertex 107 distance 37
0 158 378 191 94 288 179 29 107 
Vertex 108 distance 40
0 158 415 293 48 164 354 51 634 108 
Vertex 109 distance 41
0 158 415 209 95 390 254 109 
Vertex 110 distance 30
0 158 378 623 257 534 110 
Vertex 111 distance 35
0 158 415 601 619 270 285 111 
Vertex 112 distance 36
0 158 415 256 344 112 
Vertex 113 distance 28
0 158 378 623 372 290 113 
Vertex 114 distance 35
0 158 409 114 
Vertex 115 distance 33
0 158 378 623 370 347 115 
Vertex 116 distance 30
0 121 162 382 279 521 116 
Vertex 117 distance 16
0 117 
Vertex 118 distance 34
0 117 44 284 118 
Vertex 119 distance 31
0 158 348 331 119 
Vertex 120 distance 29
0 158 415 293 48 445 88 120 
Vertex 121 distance 5
0 121 
Vertex 122 distance 26
0 158 269 481 122 
Vertex 123 distance 20
0 121 291 182 123 
Vertex 124 distance 28
0 158 437 488 124 
Vertex 125 distance 26
0 158 378 191 94 245 522 227 125 
Vertex 126 distance 32
0 158 378 623 257 534 110 126 
Vertex 127 distance 28
0 158 437 127 
Vertex 128 distance 28
0 158 378 191 94 245 522 627 128 
Vertex 129 distance 26
0 158 437 488 486 346 368 129 
Vertex 130 distance 38
0 158 415 293 48 445 323 434 570 130 
Vertex 131 distance 30
0 158 378 191 94 288 179 29 131 
Vertex 132 distance 15
0 158 415 293 103 132 
Vertex 133 distance 24
0 385 306 133 
Vertex 134 distance 23
0 158 378 623 372 290 20 134 
Vertex 135 distance 28
0 158 517 231 160 135 
Vertex 136 distance 20
0 158 348 596 136 
Vertex 137 distance 28
0 158 415 601 619 369 137 
Vertex 138 distance 23
0 121 291 182 307 138 
Vertex 139 distance 27
0 158 378 56 139 
Vertex 140 distance 30
0 117 140 
Vertex 141 distance 24
0 158 415 293 103 232 559 141 
Vertex 142 distance 29
0 158 378 623 257 534 142 
Vertex 143 distance 24
0 158 437 488 143 
Vertex 144 distance 42
0 158 348 144 
Vertex 145 distance 43
0 121 291 182 123 417 145 
Vertex 146 distance 24
0 158 378 579 146 
Vertex 147 distance 23
0 158 378 56 147 
Vertex 148 distance 39
0 158 378 191 94 245 522 627 412 148 
Vertex 149 distance 36
0 158 415 209 408 355 149 
Vertex 150 distance 28
0 158 378 623 372 290 621 202 150 
Vertex 151 distance 46
0 158 378 623 223 151 
Vertex 152 distance 21
0 158 378 191 94 152 
Vertex 153 distance 38
0 158 415 293 103 224 220 153 
Vertex 154 distance 19
0 385 61 154 
Vertex 155 distance 21
0 158 517 231 160 496 155 
Vertex 156 distance 22
0 158 415 293 103 224 220 156 
Vertex 157 distance 28
0 121 162 382 583 584 157 
Vertex 158 distance 2
0 158 
Vertex 159 distance 28
0 121 162 382 279 521 159 
Vertex 160 distance 9
0 158 517 231 160 
Vertex 161 distance 27
0 158 378 191 94 288 542 193 433 161 
Vertex 162 distance 15
0 121 162 
Vertex 163 distance 23
0 158 415 293 103 224 220 156 163 
Vertex 164 distance 27
0 158 415 293 48 164 
Vertex 165 distance 32
0 158 378 191 94 288 542 193 433 32 165 
Vertex 166 distance 28
0 158 378 623 223 86 166 
Vertex 167 distance 26
0 158 517 231 160 496 200 167 
Vertex 168 distance 18
0 158 378 191 94 288 168 
Vertex 169 distance 36
0 158 378 623 372 290 621 392 626 169 
Vertex 170 distance 31
0 121 162 382 87 170 
Vertex 171 distance 25
0 158 378 171 
Vertex 172 distance 28
0 121 291 182 123 417 172 
Vertex 173 distance 33
0 158 378 623 372 290 621 202 173 
Vertex 174 distance 35
0 158 415 601 619 270 285 174 
Vertex 175 distance 38
0 158 437 488 486 346 315 175 
Vertex 176 distance 22
0 158 415 601 176 
Vertex 177 distance 30
0 158 415 256 177 
Vertex 178 distance 31
0 158 348 596 183 178 
Vertex 179 distance 19
0 158 378 191 94 288 179 
Vertex 180 distance 19
0 201 180 
Vertex 181 distance 37
0 158 415 293 48 282 271 181 
Vertex 182 distance 18
0 121 291 182 
Vertex 183 distance 27
0 158 348 596 183 
Vertex 184 distance 23
0 158 378 191 94 288 179 304 184 
Vertex 185 distance 28
0 158 517 231 160 496 155 342 185 
Vertex 186 distance 34
0 158 415 293 103 574 186 
Vertex 187 distance 27
0 158 437 488 486 595 187 
Vertex 188 distance 32
0 121 162 382 583 260 188 
Vertex 189 distance 29
0 158 437 488 486 241 189 
Vertex 190 distance 23
0 158 378 191 94 245 522 190 
Vertex 191 distance 9
0 158 378 191 
Vertex 192 distance 38
0 158 415 506 541 69 317 192 
Vertex 193 distance 24
0 158 378 191 94 288 542 193 
Vertex 194 distance 33
0 121 291 194 
Vertex 195 distance 35
0 121 291 553 195 
Vertex 196 distance 44
0 158 415 293 103 232 559 141 49 478 45 425 196 
Vertex 197 distance 41
0 385 197 
Vertex 198 distance 33
0 158 378 623 257 534 469 198 
Vertex 199 distance 34
0 158 378 191 94 245 547 287 199 
Vertex 200 distance 22
0 158 517 231 160 496 200 
Vertex 201 distance 16
0 201 
Vertex 202 distance 26
0 158 378 623 372 290 621 202 
Vertex 203 distance 16
0 121 162 203 
Vertex 204 distance 25
0 121 387 421 204 
Vertex 205 distance 31
0 158 415 209 95 205 
Vertex 206 distance 26
0 385 61 154 206 
Vertex 207 distance 22
0 158 348 596 325 207 
Vertex 208 distance 31
0 385 61 154 208 
Vertex 209 distance 9
0 158 415 209 
Vertex 210 distance 22
0 158 517 210 
Vertex 211 distance 36
0 117 140 211 
Vertex 212 distance 36
0 158 415 293 48 282 313 212 
Vertex 213 distance 27
0 158 517 210 213 
Vertex 214 distance 28
0 158 378 623 257 214 
Vertex 215 distance 32
0 158 378 191 94 245 547 616 215 
Vertex 216 distance 31
0 158 415 601 176 311 216 
Vertex 217 distance 39
0 158 517 231 160 537 217 
Vertex 218 distance 21
0 158 437 488 218 
Vertex 219 distance 21
0 158 415 293 103 224 220 219 
Vertex 220 distance 19
0 158 415 293 103 224 220 
Vertex 221 distance 44
0 158 378 623 257 534 469 198 221 
Vertex 222 distance 42
0 158 437 488 486 222 
Vertex 223 distance 21
0 158 378 623 223 
Vertex 224 distance 16
0 158 415 293 103 224 
Vertex 225 distance 26
0 158 415 601 225 
Vertex 226 distance 29
0 158 415 209 50 226 
Vertex 227 distance 24
0 158 378 191 94 245 522 227 
Vertex 228 distance 26
0 158 437 6 228 
Vertex 229 distance 31
0 158 437 6 228 229 
Vertex 230 distance 38
0 158 378 191 94 288 179 520 264 3 452 230 
Vertex 231 distance 6
0 158 517 231 
Vertex 232 distance 22
0 158 415 293 103 232 
Vertex 233 distance 30
0 158 378 623 67 97 233 
Vertex 234 distance 45
0 158 348 596 613 234 
Vertex 235 distance 40
0 158 415 601 27 235 
Vertex 236 distance 33
0 158 437 488 486 241 236 
Vertex 237 distance 22
0 385 306 237 
Vertex 238 distance 15
0 158 378 623 238 
Vertex 239 distance 28
0 158 378 191 94 288 179 304 239 
Vertex 240 distance 29
0 121 291 182 123 417 240 
Vertex 241 distance 26
0 158 437 488 486 241 
Vertex 242 distance 63
0 158 378 623 238 64 458 414 242 
Vertex 243 distance 32
0 158 378 191 94 152 243 
Vertex 244 distance 31
0 201 180 63 244 
Vertex 245 distance 18
0 158 378 191 94 245 
Vertex 246 distance 38
0 158 415 256 246 
Vertex 247 distance 34
0 158 415 209 95 205 247 
Vertex 248 distance 33
0 492 24 345 248 
Vertex 249 distance 30
0 121 291 182 307 138 560 249 
Vertex 250 distance 44
0 158 415 293 103 232 559 141 49 478 45 250 
Vertex 251 distance 33
0 121 162 382 583 251 
Vertex 252 distance 34
0 158 378 623 67 324 276 252 
Vertex 253 distance 29
0 158 415 293 48 253 
Vertex 254 distance 27
0 158 415 209 95 390 254 
Vertex 255 distance 35
0 158 415 293 48 399 255 
Vertex 256 distance 29
0 158 415 256 
Vertex 257 distance 15
0 158 378 623 257 
Vertex 258 distance 35
0 158 378 623 372 290 258 
Vertex 259 distance 36
0 158 378 623 67 97 259 
Vertex 260 distance 31
0 121 162 382 583 260 
Vertex 261 distance 36
0 158 517 231 160 496 155 342 185 495 261 
Vertex 262 distance 30
0 158 378 191 94 288 179 520 264 3 262 
Vertex 263 distance 22
0 158 378 623 223 263 
Vertex 264 distance 21
0 158 378 191 94 288 179 520 264 
Vertex 265 distance 15
0 385 61 265 
Vertex 266 distance 26
0 158 378 623 483 266 
Vertex 267 distance 27
0 385 61 265 267 
Vertex 268 distance 28
0 158 415 601 27 268 
Vertex 269 distance 15
0 158 269 
Vertex 270 distance 31
0 158 415 601 619 270 
Vertex 271 distance 24
0 158 415 293 48 282 271 
Vertex 272 distance 23
0 158 517 231 160 496 272 
Vertex 273 distance 65
0 158 378 191 94 568 424 273 
Vertex 274 distance 42
0 158 437 488 386 274 
Vertex 275 distance 33
0 158 378 623 372 611 297 477 275 
Vertex 276 distance 32
0 158 378 623 67 324 276 
Vertex 277 distance 31
0 158 378 623 238 64 458 277 
Vertex 278 distance 29
0 117 398 278 
Vertex 279 distance 20
0 121 162 382 279 
Vertex 280 distance 23
0 158 415 293 103 224 220 219 358 280 
Vertex 281 distance 33
0 201 180 63 471 42 281 
Vertex 282 distance 16
0 158 415 293 48 282 
Vertex 283 distance 27
0 158 517 231 283 
Vertex 284 distance 29
0 117 44 284 
Vertex 285 distance 32
0 158 415 601 619 270 285 
Vertex 286 distance 32
0 158 378 623 19 286 
Vertex 287 distance 26
0 158 378 191 94 245 547 287 
Vertex 288 distance 14
0 158 378 191 94 288 
Vertex 289 distance 38
0 158 378 623 483 590 474 289 
Vertex 290 distance 14
0 158 378 623 372 290 
Vertex 291 distance 15
0 121 291 
Vertex 292 distance 29
0 121 291 182 516 292 
Vertex 293 distance 11
0 158 415 293 
Vertex 294 distance 28
0 385 61 294 
Vertex 295 distance 35
0 158 269 510 396 295 
Vertex 296 distance 36
0 158 437 488 486 595 187 296 
Vertex 297 distance 17
0 158 378 623 372 611 297 
Vertex 298 distance 48
0 158 348 410 528 298 
Vertex 299 distance 30
0 158 378 191 94 288 542 299 
Vertex 300 distance 30
0 158 348 410 300 
Vertex 301 distance 36
0 158 437 488 486 346 301 
Vertex 302 distance 33
0 158 415 293 48 282 476 302 
Vertex 303 distance 34
0 158 378 638 75 303 
Vertex 304 distance 20
0 158 378 191 94 288 179 304 
Vertex 305 distance 45
0 158 415 506 541 69 545 637 305 
Vertex 306 distance 20
0 385 306 
Vertex 307 distance 22
0 121 291 182 307 
Vertex 308 distance 32
0 158 437 488 486 241 308 
Vertex 309 distance 26
0 158 378 623 372 290 621 376 309 
Vertex 310 distance 27
0 158 378 623 67 310 
Vertex 311 distance 24
0 158 415 601 176 311 
Vertex 312 distance 47
0 158 378 623 366 353 312 
Vertex 313 distance 27
0 158 415 293 48 282 313 
Vertex 314 distance 32
0 158 378 638 314 
Vertex 315 distance 35
0 158 437 488 486 346 315 
Vertex 316 distance 30
0 158 378 191 94 288 168 316 
Vertex 317 distance 30
0 158 415 506 541 69 317 
Vertex 318 distance 40
0 158 517 497 532 318 
Vertex 319 distance 30
0 158 378 191 94 288 179 552 319 
Vertex 320 distance 33
0 158 415 293 103 224 220 156 104 320 
Vertex 321 distance 33
0 158 415 293 103 232 559 141 321 
Vertex 322 distance 27
0 158 378 191 94 288 179 304 322 
Vertex 323 distance 18
0 158 415 293 48 445 323 
Vertex 324 distance 26
0 158 378 623 67 324 
Vertex 325 distance 21
0 158 348 596 325 
Vertex 326 distance 28
0 158 415 293 103 224 220 156 326 
Vertex 327 distance 30
0 158 378 623 238 575 327 
Vertex 328 distance 43
0 158 415 293 48 445 323 434 570 607 328 
Vertex 329 distance 29
0 385 306 329 
Vertex 330 distance 30
0 158 378 191 94 568 330 
Vertex 331 distance 17
0 158 348 331 
Vertex 332 distance 17
0 158 378 332 
Vertex 333 distance 43
0 158 378 191 573 333 
Vertex 334 distance 34
0 158 378 623 372 290 621 392 626 334 
Vertex 335 distance 22
0 158 437 335 
Vertex 336 distance 28
0 158 269 510 396 336 
Vertex 337 distance 35
0 158 415 601 27 268 337 
Vertex 338 distance 36
0 158 415 209 408 592 338 
Vertex 339 distance 44
0 158 378 191 94 245 522 227 125 339 
Vertex 340 distance 46
0 158 437 488 486 346 420 549 340 
Vertex 341 distance 24
0 121 291 60 59 341 
Vertex 342 distance 23
0 158 517 231 160 496 155 342 
Vertex 343 distance 39
0 158 378 191 94 288 542 299 343 
Vertex 344 distance 35
0 158 415 256 344 
Vertex 345 distance 28
0 492 24 345 
Vertex 346 distance 19
0 158 437 488 486 346 
Vertex 347 distance 28
0 158 378 623 370 347 
Vertex 348 distance 13
0 158 348 
Vertex 349 distance 29
0 158 378 623 372 290 621 392 349 
Vertex 350 distance 29
0 158 517 231 283 350 
Vertex 351 distance 34
0 158 378 623 372 290 621 202 173 351 
Vertex 352 distance 38
0 158 378 623 372 290 621 202 150 352 
Vertex 353 distance 25
0 158 378 623 366 353 
Vertex 354 distance 28
0 158 415 293 48 164 354 
Vertex 355 distance 26
0 158 415 209 408 355 
Vertex 356 distance 38
0 158 269 510 396 295 356 
Vertex 357 distance 37
0 158 415 293 48 399 357 
Vertex 358 distance 22
0 158 415 293 103 224 220 219 358 
Vertex 359 distance 44
0 158 378 623 483 618 359 
Vertex 360 distance 33
0 158 378 191 94 245 547 287 360 
Vertex 361 distance 31
0 158 378 623 483 618 361 
Vertex 362 distance 21
0 158 378 623 372 290 362 
Vertex 363 distance 23
0 158 437 335 363 
Vertex 364 distance 31
0 158 517 231 160 496 155 364 
Vertex 365 distance 22
0 117 365 
Vertex 366 distance 22
0 158 378 623 366 
Vertex 367 distance 30
0 158 378 191 94 288 179 520 264 367 
Vertex 368 distance 22
0 158 437 488 486 346 368 
Vertex 369 distance 25
0 158 415 601 619 369 
Vertex 370 distance 22
0 158 378 623 370 
Vertex 371 distance 35
0 158 415 293 103 232 371 
Vertex 372 distance 12
0 158 378 623 372 
Vertex 373 distance 34
0 121 387 421 204 373 
Vertex 374 distance 24
0 158 378 191 94 568 374 
Vertex 375 distance 38
0 158 378 623 370 375 
Vertex 376 distance 24
0 158 378 623 372 290 621 376 
Vertex 377 distance 27
0 121 162 382 377 
Vertex 378 distance 7
0 158 378 
Vertex 379 distance 46
0 158 517 231 160 135 379 
Vertex 380 distance 30
0 158 517 231 160 496 200 380 
Vertex 381 distance 34
0 158 378 191 94 245 522 381 
Vertex 382 distance 17
0 121 162 382 
Vertex 383 distance 25
0 121 383 
Vertex 384 distance 31
0 158 517 231 160 496 503 384 
Vertex 385 distance 5
0 385 
Vertex 386 distance 21
0 158 437 488 386 
Vertex 387 distance 13
0 121 387 
Vertex 388 distance 34
0 121 291 60 59 341 388 
Vertex 389 distance 29
0 158 348 331 389 
Vertex 390 distance 23
0 158 415 209 95 390 
Vertex 391 distance 25
0 492 24 391 
Vertex 392 distance 25
0 158 378 623 372 290 621 392 
Vertex 393 distance 41
0 158 269 510 598 393 
Vertex 394 distance 27
0 385 306 237 394 
Vertex 395 distance 38
0 158 378 191 54 395 
Vertex 396 distance 25
0 158 269 510 396 
Vertex 397 distance 23
0 158 348 596 325 207 397 
Vertex 398 distance 27
0 117 398 
Vertex 399 distance 27
0 158 415 293 48 399 
Vertex 400 distance 33
0 121 291 182 400 
Vertex 401 distance 41
0 158 378 623 372 290 621 392 626 169 401 
Vertex 402 distance 34
0 201 180 63 499 402 
Vertex 403 distance 38
0 121 383 403 
Vertex 404 distance 38
0 158 378 623 404 
Vertex 405 distance 51
0 158 517 231 160 496 200 405 
Vertex 406 distance 33
0 385 61 462 475 603 406 
Vertex 407 distance 20
0 158 378 623 372 290 621 407 
Vertex 408 distance 21
0 158 415 209 408 
Vertex 409 distance 30
0 158 409 
Vertex 410 distance 23
0 158 348 410 
Vertex 411 distance 30
0 158 378 332 57 98 411 
Vertex 412 distance 30
0 158 378 191 94 245 522 627 412 
Vertex 413 distance 47
0 117 140 413 
Vertex 414 distance 41
0 158 378 623 238 64 458 414 
Vertex 415 distance 6
0 158 415 
Vertex 416 distance 33
0 385 61 265 416 
Vertex 417 distance 23
0 121 291 182 123 417 
Vertex 418 distance 30
0 385 306 93 472 418 
Vertex 419 distance 47
0 158 437 488 486 346 368 419 
Vertex 420 distance 26
0 158 437 488 486 346 420 
Vertex 421 distance 18
0 121 387 421 
Vertex 422 distance 33
0 158 517 231 160 496 155 342 422 
Vertex 423 distance 47
0 158 378 623 372 290 362 423 
Vertex 424 distance 24
0 158 378 191 94 568 424 
Vertex 425 distance 41
0 158 415 293 103 232 559 141 49 478 45 425 
Vertex 426 distance 27
0 158 378 191 94 245 547 287 426 
Vertex 427 distance 35
0 158 378 191 94 245 522 627 128 427 
Vertex 428 distance 28
0 158 378 623 257 534 428 
Vertex 429 distance 33
0 121 162 382 583 260 429 
Vertex 430 distance 31
0 158 415 256 430 
Vertex 431 distance 33
0 158 378 623 223 431 
Vertex 432 distance 37
0 158 378 191 94 245 522 627 128 432 
Vertex 433 distance 26
0 158 378 191 94 288 542 193 433 
Vertex 434 distance 25
0 158 415 293 48 445 323 434 
Vertex 435 distance 39
0 158 415 209 50 226 502 435 
Vertex 436 distance 33
0 158 378 623 19 286 436 
Vertex 437 distance 6
0 158 437 
Vertex 438 distance 26
0 158 348 596 136 438 
Vertex 439 distance 30
0 158 517 231 439 
Vertex 440 distance 20
0 158 415 506 625 440 
Vertex 441 distance 36
0 158 378 623 372 290 621 392 441 
Vertex 442 distance 30
0 158 378 623 257 442 
Vertex 443 distance 23
0 158 415 506 625 443 
Vertex 444 distance 27
0 121 291 182 307 138 444 
Vertex 445 distance 15
0 158 415 293 48 445 
Vertex 446 distance 26
0 158 415 293 103 232 559 446 
Vertex 447 distance 31
0 158 378 623 372 290 621 392 457 447 
Vertex 448 distance 31
0 158 378 623 483 266 448 
Vertex 449 distance 38
0 158 415 293 103 224 220 156 104 320 449 
Vertex 450 distance 35
0 158 378 191 94 152 243 450 
Vertex 451 distance 33
0 158 415 506 451 
Vertex 452 distance 35
0 158 378 191 94 288 179 520 264 3 452 
Vertex 453 distance 35
0 158 348 596 325 207 453 
Vertex 454 distance 34
0 158 415 209 50 226 454 
Vertex 455 distance 29
0 158 517 231 160 135 455 
Vertex 456 distance 34
0 158 378 623 19 18 456 
Vertex 457 distance 26
0 158 378 623 372 290 621 392 457 
Vertex 458 distance 27
0 158 378 623 238 64 458 
Vertex 459 distance 30
0 158 415 459 
Vertex 460 distance 28
0 158 517 231 160 496 155 342 460 
Vertex 461 distance 27
0 158 378 623 238 64 461 
Vertex 462 distance 13
0 385 61 462 
Vertex 463 distance 34
0 158 378 191 94 288 179 520 264 3 262 463 
Vertex 464 distance 36
0 158 378 191 94 288 179 304 464 
Vertex 465 distance 16
0 158 378 623 372 290 465 
Vertex 466 distance 27
0 466 
Vertex 467 distance 30
0 158 378 623 372 290 621 376 309 467 
Vertex 468 distance 26
0 158 348 331 468 
Vertex 469 distance 27
0 158 378 623 257 534 469 
Vertex 470 distance 31
0 158 437 6 470 
Vertex 471 distance 27
0 201 180 63 471 
Vertex 472 distance 27
0 385 306 93 472 
Vertex 473 distance 32
0 158 378 191 94 245 522 227 125 473 
Vertex 474 distance 33
0 158 378 623 483 590 474 
Vertex 475 distance 15
0 385 61 462 475 
Vertex 476 distance 29
0 158 415 293 48 282 476 
Vertex 477 distance 28
0 158 378 623 372 611 297 477 
Vertex 478 distance 28
0 158 415 293 103 232 559 141 49 478 
Vertex 479 distance 43
0 158 415 601 619 270 285 174 479 
Vertex 480 distance 43
0 158 517 210 213 480 
Vertex 481 distance 24
0 158 269 481 
Vertex 482 distance 19
0 158 437 488 486 482 
Vertex 483 distance 21
0 158 378 623 483 
Vertex 484 distance 32
0 158 415 293 103 484 
Vertex 485 distance 29
0 158 415 506 625 443 485 
Vertex 486 distance 18
0 158 437 488 486 
Vertex 487 distance 30
0 158 378 623 223 86 487 
Vertex 488 distance 16
0 158 437 488 
Vertex 489 distance 26
0 158 378 191 94 288 542 193 489 
Vertex 490 distance 32
0 121 387 421 490 
Vertex 491 distance 32
0 158 517 231 160 496 155 491 
Vertex 492 distance 20
0 492 
Vertex 493 distance 26
0 493 
Vertex 494 distance 32
0 158 415 209 95 390 494 
Vertex 495 distance 35
0 158 517 231 160 496 155 342 185 495 
Vertex 496 distance 16
0 158 517 231 160 496 
Vertex 497 distance 23
0 158 517 497 
Vertex 498 distance 24
0 158 378 332 498 
Vertex 499 distance 28
0 201 180 63 499 
Vertex 500 distance 26
0 117 505 500 
Vertex 501 distance 31
0 158 378 191 94 288 542 193 433 535 501 
Vertex 502 distance 35
0 158 415 209 50 226 502 
Vertex 503 distance 24
0 158 517 231 160 496 503 
Vertex 504 distance 35
0 158 415 506 625 504 
Vertex 505 distance 19
0 117 505 
Vertex 506 distance 16
0 158 415 506 
Vertex 507 distance 34
0 158 378 191 94 288 542 193 489 507 
Vertex 508 distance 33
0 158 378 191 94 288 179 304 184 53 508 
Vertex 509 distance 33
0 158 517 497 532 509 
Vertex 510 distance 22
0 158 269 510 
Vertex 511 distance 25
0 158 348 596 325 207 511 
Vertex 512 distance 27
0 121 512 
Vertex 513 distance 33
0 158 378 623 67 310 615 513 
Vertex 514 distance 39
0 158 378 623 67 97 233 514 
Vertex 515 distance 25
0 158 415 293 48 515 
Vertex 516 distance 24
0 121 291 182 516 
Vertex 517 distance 4
0 158 517 
Vertex 518 distance 30
0 121 291 182 123 518 
Vertex 519 distance 31
0 158 437 488 386 519 
Vertex 520 distance 20
0 158 378 191 94 288 179 520 
Vertex 521 distance 21
0 121 162 382 279 521 
Vertex 522 distance 21
0 158 378 191 94 245 522 
Vertex 523 distance 22
0 121 387 523 
Vertex 524 distance 37
0 158 378 623 372 290 621 392 626 524 
Vertex 525 distance 33
0 158 415 293 103 232 559 141 49 478 45 525 
Vertex 526 distance 35
0 158 415 526 
Vertex 527 distance 37
0 385 61 154 527 
Vertex 528 distance 35
0 158 348 410 528 
Vertex 529 distance 32
0 158 378 191 94 529 
Vertex 530 distance 38
0 158 378 623 67 310 615 530 
Vertex 531 distance 34
0 158 415 506 451 531 
Vertex 532 distance 27
0 158 517 497 532 
Vertex 533 distance 35
0 385 61 154 533 
Vertex 534 distance 17
0 158 378 623 257 534 
Vertex 535 distance 27
0 158 378 191 94 288 542 193 433 535 
Vertex 536 distance 26
0 158 378 332 57 98 536 
Vertex 537 distance 31
0 158 517 231 160 537 
Vertex 538 distance 29
0 158 378 623 538 
Vertex 539 distance 37
0 158 378 623 372 290 621 392 457 447 539 
Vertex 540 distance 32
0 466 540 
Vertex 541 distance 22
0 158 415 506 541 
Vertex 542 distance 16
0 158 378 191 94 288 542 
Vertex 543 distance 33
0 385 61 265 543 
Vertex 544 distance 39
0 158 378 56 147 617 544 
Vertex 545 distance 29
0 158 415 506 541 69 545 
Vertex 546 distance 28
0 121 291 182 123 417 546 
Vertex 547 distance 25
0 158 378 191 94 245 547 
Vertex 548 distance 34
0 158 517 231 160 496 503 548 
Vertex 549 distance 41
0 158 437 488 486 346 420 549 
Vertex 550 distance 33
0 158 378 191 94 529 550 
Vertex 551 distance 24
0 551 
Vertex 552 distance 28
0 158 378 191 94 288 179 552 
Vertex 553 distance 29
0 121 291 553 
Vertex 554 distance 29
0 158 378 623 372 290 554 
Vertex 555 distance 30
0 158 348 555 
Vertex 556 distance 30
0 121 162 382 279 521 556 
Vertex 557 distance 31
0 158 378 623 372 290 557 
Vertex 558 distance 39
0 385 306 93 472 558 
Vertex 559 distance 23
0 158 415 293 103 232 559 
Vertex 560 distance 26
0 121 291 182 307 138 560 
Vertex 561 distance 42
0 158 437 488 486 346 368 561 
Vertex 562 distance 32
0 158 348 555 562 
Vertex 563 distance 41
0 158 378 191 94 245 522 227 125 473 563 
Vertex 564 distance 29
0 158 415 293 48 445 564 
Vertex 565 distance 33
0 158 348 410 300 565 
Vertex 566 distance 40
0 158 378 623 372 290 465 566 
Vertex 567 distance 36
0 158 437 6 567 
Vertex 568 distance 22
0 158 378 191 94 568 
Vertex 569 distance 27
0 158 415 209 408 592 569 
Vertex 570 distance 28
0 158 415 293 48 445 323 434 570 
Vertex 571 distance 18
0 158 378 191 94 288 542 571 
Vertex 572 distance 33
0 158 378 638 314 572 
Vertex 573 distance 21
0 158 378 191 573 
Vertex 574 distance 28
0 158 415 293 103 574 
Vertex 575 distance 23
0 158 378 623 238 575 
Vertex 576 distance 38
0 158 378 623 67 97 233 576 
Vertex 577 distance 32
0 158 378 191 94 245 522 36 577 
Vertex 578 distance 35
0 385 61 265 267 578 
Vertex 579 distance 21
0 158 378 579 
Vertex 580 distance 43
0 158 415 209 95 390 1 580 
Vertex 581 distance 37
0 158 378 623 483 590 474 581 
Vertex 582 distance 29
0 158 415 506 625 440 582 
Vertex 583 distance 22
0 121 162 382 583 
Vertex 584 distance 26
0 121 162 382 583 584 
Vertex 585 distance 33
0 117 44 284 585 
Vertex 586 distance 28
0 158 437 488 218 586 
Vertex 587 distance 27
0 121 587 
Vertex 588 distance 35
0 158 415 601 27 268 588 
Vertex 589 distance 39
0 121 291 182 400 589 
Vertex 590 distance 29
0 158 378 623 483 590 
Vertex 591 distance 30
0 158 378 56 35 591 
Vertex 592 distance 23
0 158 415 209 408 592 
Vertex 593 distance 33
0 158 415 293 593 
Vertex 594 distance 39
0 158 378 191 94 288 179 520 264 3 262 594 
Vertex 595 distance 23
0 158 437 488 486 595 
Vertex 596 distance 18
0 158 348 596 
Vertex 597 distance 25
0 158 378 623 238 64 597 
Vertex 598 distance 38
0 158 269 510 598 
Vertex 599 distance 39
0 158 378 623 238 64 461 599 
Vertex 600 distance 34
0 158 378 623 223 86 166 105 600 
Vertex 601 distance 14
0 158 415 601 
Vertex 602 distance 36
0 385 61 602 
Vertex 603 distance 31
0 385 61 462 475 603 
Vertex 604 distance 44
0 158 415 293 103 574 186 604 
Vertex 605 distance 37
0 158 415 209 95 205 605 
Vertex 606 distance 27
0 158 415 601 606 
Vertex 607 distance 32
0 158 415 293 48 445 323 434 570 607 
Vertex 608 distance 30
0 158 517 231 160 496 272 608 
Vertex 609 distance 46
0 158 415 293 593 609 
Vertex 610 distance 35
0 158 378 623 223 263 610 
Vertex 611 distance 15
0 158 378 623 372 611 
Vertex 612 distance 32
0 158 378 623 257 534 142 612 
Vertex 613 distance 42
0 158 348 596 613 
Vertex 614 distance 31
0 158 415 209 408 592 614 
Vertex 615 distance 31
0 158 378 623 67 310 615 
Vertex 616 distance 31
0 158 378 191 94 245 547 616 
Vertex 617 distance 33
0 158 378 56 147 617 
Vertex 618 distance 24
0 158 378 623 483 618 
Vertex 619 distance 21
0 158 415 601 619 
Vertex 620 distance 32
0 158 348 596 325 207 397 620 
Vertex 621 distance 19
0 158 378 623 372 290 621 
Vertex 622 distance 33
0 158 415 293 48 76 622 
Vertex 623 distance 10
0 158 378 623 
Vertex 624 distance 30
0 158 378 623 372 290 621 376 624 
Vertex 625 distance 19
0 158 415 506 625 
Vertex 626 distance 26
0 158 378 623 372 290 621 392 626 
Vertex 627 distance 26
0 158 378 191 94 245 522 627 
Vertex 628 distance 33
0 158 378 191 94 245 522 36 577 628 
Vertex 629 distance 29
0 158 348 596 325 207 397 629 
Vertex 630 distance 31
0 158 415 459 630 
Vertex 631 distance 29
0 158 378 191 94 245 522 227 631 
Vertex 632 distance 27
0 158 378 191 94 288 542 193 433 632 
Vertex 633 distance 27
0 158 517 231 160 496 155 342 633 
Vertex 634 distance 31
0 158 415 293 48 164 354 51 634 
Vertex 635 distance 42
0 158 415 256 635 
Vertex 636 distance 30
0 158 437 488 486 241 189 636 
Vertex 637 distance 31
0 158 415 506 541 69 545 637 
Vertex 638 distance 15
0 158 378 638 
Vertex 639 distance 19
0 158 378 623 372 290 465 639 
