Vertex 0 distance 0
0 0 
Vertex 1 distance 31
0 466 191 220 115 171 343 1 
Vertex 2 distance 24
0 435 170 488 24 2 
Vertex 3 distance 27
0 466 191 74 117 362 464 610 3 
Vertex 4 distance 29
0 466 191 26 631 124 4 
Vertex 5 distance 30
0 325 562 245 422 92 297 41 22 119 5 
Vertex 6 distance 46
0 419 329 84 143 194 6 
Vertex 7 distance 36
0 466 191 307 7 
Vertex 8 distance 27
0 466 436 154 233 8 
Vertex 9 distance 28
0 325 562 245 422 426 606 629 219 9 
Vertex 10 distance 16
0 466 191 26 631 10 
Vertex 11 distance 25
0 435 170 488 250 568 11 
Vertex 12 distance 29
0 466 191 220 635 552 12 
Vertex 13 distance 28
0 466 191 220 115 171 343 13 
Vertex 14 distance 30
0 325 637 14 
Vertex 15 distance 32
0 466 191 74 117 148 206 15 
Vertex 16 distance 26
0 466 436 73 432 386 416 16 
Vertex 17 distance 18
0 466 191 220 40 364 17 
Vertex 18 distance 29
0 325 562 29 150 18 
Vertex 19 distance 22
0 306 19 
Vertex 20 distance 25
0 325 562 29 315 61 20 
Vertex 21 distance 27
0 435 170 488 24 2 21 
Vertex 22 distance 24
0 325 562 245 422 92 297 41 22 
Vertex 23 distance 34
0 325 562 162 23 
Vertex 24 distance 18
0 435 170 488 24 
Vertex 25 distance 36
0 466 191 74 117 362 286 450 25 
Vertex 26 distance 8
0 466 191 26 
Vertex 27 distance 30
0 325 562 355 442 27 
Vertex 28 distance 25
0 419 329 28 
Vertex 29 distance 11
0 325 562 29 
Vertex 30 distance 30
0 325 562 245 422 426 606 629 219 9 30 
Vertex 31 distance 41
0 325 562 245 429 190 561 584 479 31 
Vertex 32 distance 38
0 466 436 73 432 285 272 32 
Vertex 33 distance 27
0 419 329 84 146 164 197 201 498 33 
Vertex 34 distance 30
0 466 191 74 389 577 34 
Vertex 35 distance 21
0 325 562 29 35 
Vertex 36 distance 35
0 466 436 154 233 8 36 
Vertex 37 distance 28
0 435 170 287 37 
Vertex 38 distance 29
0 466 191 220 40 364 396 455 241 590 38 
Vertex 39 distance 21
0 419 329 84 146 164 39 
Vertex 40 distance 13
0 466 191 220 40 
Vertex 41 distance 23
0 325 562 245 422 92 297 41 
Vertex 42 distance 33
0 419 329 84 313 42 
Vertex 43 distance 39
0 435 50 514 462 43 
Vertex 44 distance 26
0 466 436 44 
Vertex 45 distance 30
0 466 191 26 639 495 137 80 45 
Vertex 46 distance 21
0 466 191 74 117 362 286 46 
Vertex 47 distance 26
0 393 177 168 47 
Vertex 48 distance 25
0 325 637 525 48 
Vertex 49 distance 22
0 466 191 220 40 364 17 49 
Vertex 50 distance 15
0 435 50 
Vertex 51 distance 31
0 325 562 245 422 426 606 629 51 
Vertex 52 distance 30
0 466 191 220 381 52 
Vertex 53 distance 23
0 325 562 245 422 92 144 53 
Vertex 54 distance 22
0 325 562 245 422 54 
Vertex 55 distance 22
0 466 191 220 115 55 
Vertex 56 distance 29
0 325 637 501 235 509 56 
Vertex 57 distance 26
0 466 436 154 57 
Vertex 58 distance 25
0 466 191 220 40 364 396 192 58 
Vertex 59 distance 20
0 325 637 525 103 59 
Vertex 60 distance 19
0 306 60 
Vertex 61 distance 23
0 325 562 29 315 61 
Vertex 62 distance 25
0 325 637 62 
Vertex 63 distance 23
0 325 63 
Vertex 64 distance 22
0 435 50 555 64 
Vertex 65 distance 29
0 419 329 84 146 164 197 201 498 33 65 
Vertex 66 distance 20
0 466 191 307 556 66 
Vertex 67 distance 33
0 466 436 154 67 
Vertex 68 distance 28
0 325 562 245 422 426 295 68 
Vertex 69 distance 33
0 466 191 26 631 10 404 69 
Vertex 70 distance 26
0 325 637 501 235 70 
Vertex 71 distance 24
0 393 177 565 71 
Vertex 72 distance 30
0 306 153 630 72 
Vertex 73 distance 19
0 466 436 73 
Vertex 74 distance 9
0 466 191 74 
Vertex 75 distance 28
0 325 562 245 422 92 297 41 22 119 75 
Vertex 76 distance 27
0 466 191 307 123 76 
Vertex 77 distance 23
0 466 191 220 40 77 
Vertex 78 distance 26
0 466 191 220 40 364 396 78 
Vertex 79 distance 25
0 466 191 307 556 634 360 218 79 
Vertex 80 distance 27
0 466 191 26 639 495 137 80 
Vertex 81 distance 32
0 325 637 62 540 81 
Vertex 82 distance 29
0 435 126 474 82 
Vertex 83 distance 31
0 435 50 514 83 
Vertex 84 distance 16
0 419 329 84 
Vertex 85 distance 30
0 85 
Vertex 86 distance 24
0 466 191 220 115 86 
Vertex 87 distance 33
0 325 637 501 537 607 469 480 87 
Vertex 88 distance 28
0 325 562 162 88 
Vertex 89 distance 31
0 325 562 29 632 428 89 
Vertex 90 distance 27
0 466 358 465 90 
Vertex 91 distance 29
0 325 637 501 537 607 469 91 
Vertex 92 distance 15
0 325 562 245 422 92 
Vertex 93 distance 32
0 325 562 245 422 426 606 357 93 
Vertex 94 distance 37
0 466 191 220 40 364 396 425 94 
Vertex 95 distance 36
0 466 191 220 40 364 396 192 95 
Vertex 96 distance 21
0 466 191 563 96 
Vertex 97 distance 27
0 466 191 74 117 362 464 97 
Vertex 98 distance 24
0 466 191 307 571 98 
Vertex 99 distance 34
0 393 177 565 564 613 406 99 
Vertex 100 distance 33
0 325 562 245 429 190 202 205 100 
Vertex 101 distance 25
0 419 329 84 146 164 197 451 101 
Vertex 102 distance 32
0 325 562 245 422 92 297 41 22 119 102 
Vertex 103 distance 18
0 325 637 525 103 
Vertex 104 distance 30
0 393 200 104 
Vertex 105 distance 27
0 466 191 26 631 105 
Vertex 106 distance 19
0 325 562 29 106 
Vertex 107 distance 39
0 325 562 245 422 92 144 53 522 107 
Vertex 108 distance 20
0 435 50 514 108 
Vertex 109 distance 29
0 435 440 109 
Vertex 110 distance 33
0 325 562 29 632 316 110 
Vertex 111 distance 27
0 419 329 84 146 164 197 451 101 111 
Vertex 112 distance 34
0 325 562 29 106 266 112 
Vertex 113 distance 14
0 466 191 307 113 
Vertex 114 distance 33
0 466 191 74 389 577 114 
Vertex 115 distance 17
0 466 191 220 115 
Vertex 116 distance 30
0 466 191 563 116 
Vertex 117 distance 12
0 466 191 74 117 
Vertex 118 distance 27
0 466 436 73 314 118 
Vertex 119 distance 27
0 325 562 245 422 92 297 41 22 119 
Vertex 120 distance 18
0 435 50 120 
Vertex 121 distance 24
0 325 562 245 422 54 491 121 
Vertex 122 distance 29
0 325 562 245 422 426 295 122 
Vertex 123 distance 21
0 466 191 307 123 
Vertex 124 distance 22
0 466 191 26 631 124 
Vertex 125 distance 41
0 435 170 488 250 411 125 
Vertex 126 distance 11
0 435 126 
Vertex 127 distance 22
0 466 191 220 40 364 396 127 
Vertex 128 distance 31
0 393 177 494 128 
Vertex 129 distance 22
0 325 562 245 298 129 
Vertex 130 distance 37
0 325 562 29 174 130 
Vertex 131 distance 30
0 325 562 29 265 131 
Vertex 132 distance 27
0 466 191 307 556 623 132 
Vertex 133 distance 27
0 325 133 
Vertex 134 distance 29
0 466 191 74 117 362 464 134 
Vertex 135 distance 31
0 435 170 488 24 2 21 135 
Vertex 136 distance 37
0 306 60 136 
Vertex 137 distance 20
0 466 191 26 639 495 137 
Vertex 138 distance 30
0 306 138 
Vertex 139 distance 34
0 466 436 437 139 
Vertex 140 distance 24
0 466 191 220 115 55 140 
Vertex 141 distance 26
0 325 562 245 298 129 141 
Vertex 142 distance 25
0 466 191 220 40 364 396 455 241 527 142 
Vertex 143 distance 22
0 419 329 84 143 
Vertex 144 distance 22
0 325 562 245 422 92 144 
Vertex 145 distance 29
0 466 191 74 117 148 206 248 145 
Vertex 146 distance 17
0 419 329 84 146 
Vertex 147 distance 28
0 466 191 307 571 211 147 
Vertex 148 distance 16
0 466 191 74 117 148 
Vertex 149 distance 27
0 466 191 74 117 148 547 149 
Vertex 150 distance 22
0 325 562 29 150 
Vertex 151 distance 26
0 435 50 514 108 151 
Vertex 152 distance 33
0 466 191 74 117 362 286 46 628 152 
Vertex 153 distance 15
0 306 153 
Vertex 154 distance 23
0 466 436 154 
Vertex 155 distance 27
0 325 562 245 422 92 463 155 
Vertex 156 distance 20
0 466 191 26 631 156 
Vertex 157 distance 30
0 466 191 307 556 634 360 423 586 588 157 
Vertex 158 distance 33
0 466 191 220 40 364 273 158 
Vertex 159 distance 26
0 325 562 355 442 159 
Vertex 160 distance 31
0 325 562 245 422 92 579 615 160 
Vertex 161 distance 37
0 435 170 488 250 568 161 
Vertex 162 distance 26
0 325 562 162 
Vertex 163 distance 25
0 466 191 307 123 163 
Vertex 164 distance 20
0 419 329 84 146 164 
Vertex 165 distance 38
0 419 329 84 146 164 165 
Vertex 166 distance 17
0 419 329 84 166 
Vertex 167 distance 27
0 325 562 245 422 92 579 167 
Vertex 168 distance 24
0 393 177 168 
Vertex 169 distance 32
0 325 562 245 617 247 625 169 
Vertex 170 distance 16
0 435 170 
Vertex 171 distance 20
0 466 191 220 115 171 
Vertex 172 distance 32
0 419 329 84 143 420 172 
Vertex 173 distance 31
0 466 191 74 173 
Vertex 174 distance 19
0 325 562 29 174 
Vertex 175 distance 40
0 466 191 74 117 362 286 450 175 
Vertex 176 distance 19
0 419 329 84 166 176 
Vertex 177 distance 17
0 393 177 
Vertex 178 distance 28
0 466 191 418 621 178 
Vertex 179 distance 30
0 466 191 220 40 364 396 192 58 179 
Vertex 180 distance 27
0 466 191 220 40 364 396 455 241 527 142 180 
Vertex 181 distance 27
0 466 191 220 40 364 396 455 241 527 181 
Vertex 182 distance 33
0 419 329 84 166 176 371 182 
Vertex 183 distance 30
0 419 329 84 143 183 
Vertex 184 distance 34
0 466 191 74 117 362 464 187 184 
Vertex 185 distance 39
0 435 50 514 83 185 
Vertex 186 distance 25
0 466 191 418 186 
Vertex 187 distance 26
0 466 191 74 117 362 464 187 
Vertex 188 distance 32
0 419 329 84 146 164 197 451 101 111 188 
Vertex 189 distance 30
0 325 562 29 632 316 189 
Vertex 190 distance 23
0 325 562 245 429 190 
Vertex 191 distance 7
0 466 191 
Vertex 192 distance 20
0 466 191 220 40 364 396 192 
Vertex 193 distance 29
0 466 191 307 556 634 360 218 79 193 
Vertex 194 distance 32
0 419 329 84 143 194 
Vertex 195 distance 23
0 466 436 195 
Vertex 196 distance 17
0 466 191 74 117 362 286 196 
Vertex 197 distance 23
0 419 329 84 146 164 197 
Vertex 198 distance 36
0 325 562 245 422 426 606 629 198 
Vertex 199 distance 25
0 466 191 26 631 156 199 
Vertex 200 distance 20
0 393 200 
Vertex 201 distance 25
0 419 329 84 146 164 197 201 
Vertex 202 distance 26
0 325 562 245 429 190 202 
Vertex 203 distance 27
0 466 191 418 621 203 
Vertex 204 distance 38
0 466 191 220 40 364 396 455 241 590 204 
Vertex 205 distance 30
0 325 562 245 429 190 202 205 
Vertex 206 distance 18
0 466 191 74 117 148 206 
Vertex 207 distance 21
0 325 562 207 
Vertex 208 distance 18
0 325 637 208 
Vertex 209 distance 21
0 466 191 349 209 
Vertex 210 distance 32
0 325 562 245 429 190 561 584 210 
Vertex 211 distance 23
0 466 191 307 571 211 
Vertex 212 distance 25
0 325 562 29 35 212 
Vertex 213 distance 20
0 435 170 213 
Vertex 214 distance 37
0 325 562 207 214 
Vertex 215 distance 46
0 466 436 73 432 285 215 
Vertex 216 distance 34
0 466 191 307 556 634 360 423 586 216 
Vertex 217 distance 30
0 466 191 307 217 
Vertex 218 distance 20
0 466 191 307 556 634 360 218 
Vertex 219 distance 24
0 325 562 245 422 426 606 629 219 
Vertex 220 distance 8
0 466 191 220 
Vertex 221 distance 44
0 466 191 220 115 171 343 370 221 
Vertex 222 distance 35
0 466 191 349 209 284 457 608 222 
Vertex 223 distance 26
0 325 637 525 103 223 
Vertex 224 distance 32
0 435 50 514 224 
Vertex 225 distance 27
0 325 637 525 48 225 
Vertex 226 distance 30
0 466 436 73 432 386 416 226 
Vertex 227 distance 23
0 466 191 307 113 227 
Vertex 228 distance 28
0 325 562 245 422 426 606 283 228 
Vertex 229 distance 35
0 466 436 73 432 386 416 16 379 229 
Vertex 230 distance 21
0 466 191 220 635 230 
Vertex 231 distance 26
0 435 231 
Vertex 232 distance 29
0 466 191 220 115 86 348 232 
Vertex 233 distance 25
0 466 436 154 233 
Vertex 234 distance 33
0 466 436 44 234 
Vertex 235 distance 21
0 325 637 501 235 
Vertex 236 distance 25
0 325 562 245 236 
Vertex 237 distance 30
0 466 191 220 40 364 396 455 241 527 237 
Vertex 238 distance 33
0 466 191 74 389 253 333 238 
Vertex 239 distance 40
0 325 562 245 422 92 144 53 522 376 239 
Vertex 240 distance 26
0 419 329 84 146 164 240 
Vertex 241 distance 21
0 466 191 220 40 364 396 455 241 
Vertex 242 distance 40
0 466 191 307 556 623 340 242 
Vertex 243 distance 31
0 306 153 630 300 243 
Vertex 244 distance 36
0 466 191 74 117 148 244 
Vertex 245 distance 9
0 325 562 245 
Vertex 246 distance 31
0 435 50 120 415 246 
Vertex 247 distance 18
0 325 562 245 617 247 
Vertex 248 distance 27
0 466 191 74 117 148 206 248 
Vertex 249 distance 32
0 419 329 84 146 344 249 
Vertex 250 distance 21
0 435 170 488 250 
Vertex 251 distance 29
0 325 562 245 617 247 625 251 
Vertex 252 distance 36
0 435 50 555 64 252 
Vertex 253 distance 25
0 466 191 74 389 253 
Vertex 254 distance 37
0 435 170 488 250 568 478 254 
Vertex 255 distance 37
0 466 436 73 432 386 416 255 
Vertex 256 distance 22
0 466 191 74 256 
Vertex 257 distance 26
0 466 191 220 115 55 140 356 257 
Vertex 258 distance 28
0 419 329 84 146 164 39 258 
Vertex 259 distance 32
0 466 191 220 40 364 396 455 241 259 
Vertex 260 distance 27
0 466 191 220 115 86 260 
Vertex 261 distance 31
0 419 329 84 146 164 197 451 101 261 
Vertex 262 distance 33
0 466 191 307 571 262 
Vertex 263 distance 29
0 466 191 307 123 163 263 
Vertex 264 distance 17
0 466 264 
Vertex 265 distance 26
0 325 562 29 265 
Vertex 266 distance 24
0 325 562 29 106 266 
Vertex 267 distance 37
0 325 562 245 422 426 295 122 267 
Vertex 268 distance 30
0 435 440 109 268 
Vertex 269 distance 38
0 325 562 245 422 92 297 41 269 
Vertex 270 distance 34
0 466 191 307 571 262 270 
Vertex 271 distance 24
0 325 562 29 35 271 
Vertex 272 distance 35
0 466 436 73 432 285 272 
Vertex 273 distance 24
0 466 191 220 40 364 273 
Vertex 274 distance 25
0 325 562 245 422 54 491 121 274 
Vertex 275 distance 25
0 466 191 307 556 634 360 423 275 
Vertex 276 distance 31
0 435 50 514 108 276 
Vertex 277 distance 31
0 466 436 73 432 386 416 226 277 
Vertex 278 distance 31
0 306 19 433 278 
Vertex 279 distance 35
0 466 191 220 115 86 348 279 
Vertex 280 distance 26
0 466 436 437 515 570 576 280 
Vertex 281 distance 33
0 419 329 84 143 183 281 
Vertex 282 distance 31
0 325 637 525 48 225 538 345 282 
Vertex 283 distance 22
0 325 562 245 422 426 606 283 
Vertex 284 distance 27
0 466 191 349 209 284 
Vertex 285 distance 27
0 466 436 73 432 285 
Vertex 286 distance 14
0 466 191 74 117 362 286 
Vertex 287 distance 19
0 435 170 287 
Vertex 288 distance 22
0 325 562 245 422 426 606 288 
Vertex 289 distance 35
0 325 562 245 422 426 606 288 289 
Vertex 290 distance 25
0 466 191 26 639 424 290 
Vertex 291 distance 34
0 466 191 74 117 362 464 610 3 291 
Vertex 292 distance 30
0 466 191 220 381 292 
Vertex 293 distance 27
0 325 562 245 422 426 606 283 293 
Vertex 294 distance 54
0 325 562 245 617 247 294 
Vertex 295 distance 22
0 325 562 245 422 426 295 
Vertex 296 distance 36
0 435 50 296 
Vertex 297 distance 19
0 325 562 245 422 92 297 
Vertex 298 distance 20
0 325 562 245 298 
Vertex 299 distance 27
0 435 126 299 
Vertex 300 distance 30
0 306 153 630 300 
Vertex 301 distance 31
0 466 436 154 233 301 
Vertex 302 distance 40
0 466 191 220 40 364 302 
Vertex 303 distance 42
0 325 562 245 422 426 303 
Vertex 304 distance 14
0 466 191 349 304 
Vertex 305 distance 26
0 325 562 29 35 305 
Vertex 306 distance 10
0 306 
Vertex 307 distance 12
0 466 191 307 
Vertex 308 distance 40
0 466 191 307 556 634 354 380 308 
Vertex 309 distance 28
0 325 637 501 235 509 309 
Vertex 310 distance 36
0 325 637 525 103 310 
Vertex 311 distance 41
0 466 436 44 311 
Vertex 312 distance 31
0 325 637 501 537 607 469 91 312 
Vertex 313 distance 26
0 419 329 84 313 
Vertex 314 distance 25
0 466 436 73 314 
Vertex 315 distance 15
0 325 562 29 315 
Vertex 316 distance 24
0 325 562 29 632 316 
Vertex 317 distance 28
0 466 436 437 317 
Vertex 318 distance 35
0 466 191 74 117 148 547 318 
Vertex 319 distance 35
0 466 191 26 631 156 199 539 319 
Vertex 320 distance 31
0 419 329 84 146 507 320 
Vertex 321 distance 19
0 435 126 321 
Vertex 322 distance 38
0 325 562 162 88 322 
Vertex 323 distance 40
0 306 153 470 323 
Vertex 324 distance 29
0 393 177 168 324 
Vertex 325 distance 4
0 325 
Vertex 326 distance 15
0 466 191 349 304 326 
Vertex 327 distance 26
0 325 637 525 327 
Vertex 328 distance 32
0 325 637 501 235 509 328 
Vertex 329 distance 14
0 419 329 
Vertex 330 distance 31
0 325 562 29 545 330 
Vertex 331 distance 34
0 466 191 74 389 577 34 331 
Vertex 332 distance 37
0 466 191 307 556 634 360 218 79 332 
Vertex 333 distance 29
0 466 191 74 389 253 333 
Vertex 334 distance 24
0 466 191 563 334 
Vertex 335 distance 36
0 419 329 84 146 164 39 258 335 
Vertex 336 distance 39
0 325 562 29 632 366 336 
Vertex 337 distance 30
0 419 329 84 146 344 337 
Vertex 338 distance 41
0 435 170 488 250 411 338 
Vertex 339 distance 33
0 393 177 565 564 613 339 
Vertex 340 distance 32
0 466 191 307 556 623 340 
Vertex 341 distance 36
0 466 436 73 432 386 416 226 277 341 
Vertex 342 distance 31
0 325 637 501 235 509 56 342 
Vertex 343 distance 26
0 466 191 220 115 171 343 
Vertex 344 distance 18
0 419 329 84 146 344 
Vertex 345 distance 30
0 325 637 525 48 225 538 345 
Vertex 346 distance 37
0 325 562 29 632 361 346 
Vertex 347 distance 23
0 466 191 74 117 362 347 
Vertex 348 distance 25
0 466 191 220 115 86 348 
Vertex 349 distance 11
0 466 191 349 
Vertex 350 distance 28
0 393 177 565 401 350 
Vertex 351 distance 29
0 325 562 245 617 247 560 351 
Vertex 352 distance 35
0 325 562 245 422 426 558 352 
Vertex 353 distance 31
0 306 153 630 72 353 
Vertex 354 distance 26
0 466 191 307 556 634 354 
Vertex 355 distance 24
0 325 562 355 
Vertex 356 distance 25
0 466 191 220 115 55 140 356 
Vertex 357 distance 29
0 325 562 245 422 426 606 357 
Vertex 358 distance 24
0 466 358 
Vertex 359 distance 24
0 466 191 220 40 364 359 
Vertex 360 distance 19
0 466 191 307 556 634 360 
Vertex 361 distance 27
0 325 562 29 632 361 
Vertex 362 distance 13
0 466 191 74 117 362 
Vertex 363 distance 28
0 325 562 245 422 54 491 363 
Vertex 364 distance 16
0 466 191 220 40 364 
Vertex 365 distance 22
0 435 50 365 
Vertex 366 distance 30
0 325 562 29 632 366 
Vertex 367 distance 30
0 466 191 307 123 76 367 
Vertex 368 distance 36
0 325 637 208 580 368 
Vertex 369 distance 31
0 325 562 245 422 92 297 41 22 369 
Vertex 370 distance 36
0 466 191 220 115 171 343 370 
Vertex 371 distance 24
0 419 329 84 166 176 371 
Vertex 372 distance 31
0 466 191 74 117 362 286 46 372 
Vertex 373 distance 30
0 466 191 307 556 634 354 380 373 
Vertex 374 distance 32
0 435 170 488 250 568 11 374 
Vertex 375 distance 27
0 466 358 375 
Vertex 376 distance 35
0 325 562 245 422 92 144 53 522 376 
Vertex 377 distance 42
0 466 191 307 556 634 360 423 275 377 
Vertex 378 distance 25
0 393 200 378 
Vertex 379 distance 32
0 466 436 73 432 386 416 16 379 
Vertex 380 distance 27
0 466 191 307 556 634 354 380 
Vertex 381 distance 20
0 466 191 220 381 
Vertex 382 distance 32
0 466 382 
Vertex 383 distance 32
0 419 329 84 146 383 
Vertex 384 distance 32
0 466 191 349 304 384 
Vertex 385 distance 30
0 466 191 220 40 364 17 49 385 
Vertex 386 distance 22
0 466 436 73 432 386 
Vertex 387 distance 35
0 419 329 84 143 183 281 387 
Vertex 388 distance 36
0 466 191 307 571 262 388 
Vertex 389 distance 23
0 466 191 74 389 
Vertex 390 distance 26
0 466 191 26 639 495 390 
Vertex 391 distance 26
0 466 191 74 117 391 
Vertex 392 distance 34
0 466 191 220 115 55 140 356 257 392 
Vertex 393 distance 12
0 393 
Vertex 394 distance 28
0 325 562 29 265 394 
Vertex 395 distance 26
0 466 191 418 621 395 
Vertex 396 distance 18
0 466 191 220 40 364 396 
Vertex 397 distance 19
0 419 329 397 
Vertex 398 distance 47
0 85 398 
Vertex 399 distance 25
0 466 191 26 631 399 
Vertex 400 distance 32
0 419 329 84 313 400 
Vertex 401 distance 21
0 393 177 565 401 
Vertex 402 distance 37
0 466 191 220 40 364 273 402 
Vertex 403 distance 25
0 325 562 245 422 426 606 629 219 403 
Vertex 404 distance 30
0 466 191 26 631 10 404 
Vertex 405 distance 29
0 466 191 26 614 405 
Vertex 406 distance 33
0 393 177 565 564 613 406 
Vertex 407 distance 29
0 466 436 437 317 407 
Vertex 408 distance 32
0 466 358 408 
Vertex 409 distance 30
0 325 562 29 106 409 
Vertex 410 distance 29
0 466 191 220 40 364 359 620 410 
Vertex 411 distance 34
0 435 170 488 250 411 
Vertex 412 distance 31
0 466 191 220 40 364 359 412 
Vertex 413 distance 30
0 466 191 220 115 55 140 413 
Vertex 414 distance 33
0 466 191 74 389 253 414 
Vertex 415 distance 26
0 435 50 120 415 
Vertex 416 distance 24
0 466 436 73 432 386 416 
Vertex 417 distance 28
0 325 637 525 48 225 417 
Vertex 418 distance 16
0 466 191 418 
Vertex 419 distance 11
0 419 
Vertex 420 distance 24
0 419 329 84 143 420 
Vertex 421 distance 23
0 466 191 421 
Vertex 422 distance 11
0 325 562 245 422 
Vertex 423 distance 20
0 466 191 307 556 634 360 423 
Vertex 424 distance 20
0 466 191 26 639 424 
Vertex 425 distance 27
0 466 191 220 40 364 396 425 
Vertex 426 distance 18
0 325 562 245 422 426 
Vertex 427 distance 52
0 306 153 630 72 427 
Vertex 428 distance 24
0 325 562 29 632 428 
Vertex 429 distance 16
0 325 562 245 429 
Vertex 430 distance 30
0 466 191 349 209 430 
Vertex 431 distance 31
0 466 436 73 432 386 416 431 
Vertex 432 distance 20
0 466 436 73 432 
Vertex 433 distance 28
0 306 19 433 
Vertex 434 distance 29
0 325 562 162 434 
Vertex 435 distance 7
0 435 
Vertex 436 distance 15
0 466 436 
Vertex 437 distance 19
0 466 436 437 
Vertex 438 distance 38
0 466 191 74 117 362 464 187 184 438 
Vertex 439 distance 12
0 466 191 74 439 
Vertex 440 distance 23
0 435 440 
Vertex 441 distance 27
0 435 440 441 
Vertex 442 distance 25
0 325 562 355 442 
Vertex 443 distance 44
0 419 329 84 143 183 281 443 
Vertex 444 distance 26
0 325 562 245 236 444 
Vertex 445 distance 38
0 466 191 74 117 148 547 445 
Vertex 446 distance 30
0 325 562 162 446 
Vertex 447 distance 32
0 466 264 447 
Vertex 448 distance 29
0 325 562 245 298 129 141 448 
Vertex 449 distance 40
0 325 637 525 103 223 449 
Vertex 450 distance 22
0 466 191 74 117 362 286 450 
Vertex 451 distance 24
0 419 329 84 146 164 197 451 
Vertex 452 distance 32
0 325 562 245 429 190 561 584 452 
Vertex 453 distance 26
0 435 50 555 453 
Vertex 454 distance 43
0 466 191 220 40 364 396 455 241 527 142 454 
Vertex 455 distance 19
0 466 191 220 40 364 396 455 
Vertex 456 distance 26
0 419 329 456 
Vertex 457 distance 28
0 466 191 349 209 284 457 
Vertex 458 distance 37
0 466 191 26 614 405 458 
Vertex 459 distance 25
0 466 191 74 117 148 459 
Vertex 460 distance 47
0 466 191 74 117 362 286 541 460 
Vertex 461 distance 24
0 466 191 74 117 362 461 
Vertex 462 distance 23
0 435 50 514 462 
Vertex 463 distance 25
0 325 562 245 422 92 463 
Vertex 464 distance 20
0 466 191 74 117 362 464 
Vertex 465 distance 25
0 466 358 465 
Vertex 466 distance 4
0 466 
Vertex 467 distance 27
0 435 50 555 64 467 
Vertex 468 distance 35
0 325 562 29 265 530 468 
Vertex 469 distance 27
0 325 637 501 537 607 469 
Vertex 470 distance 30
0 306 153 470 
Vertex 471 distance 28
0 325 562 245 298 129 141 471 
Vertex 472 distance 39
0 325 637 501 235 509 518 472 
Vertex 473 distance 32
0 466 473 
Vertex 474 distance 26
0 435 126 474 
Vertex 475 distance 35
0 466 358 465 475 
Vertex 476 distance 33
0 325 562 29 632 476 
Vertex 477 distance 35
0 466 436 512 477 
Vertex 478 distance 31
0 435 170 488 250 568 478 
Vertex 479 distance 38
0 325 562 245 429 190 561 584 479 
Vertex 480 distance 32
0 325 637 501 537 607 469 480 
Vertex 481 distance 35
0 466 191 220 635 552 481 
Vertex 482 distance 38
0 466 191 74 117 362 482 
Vertex 483 distance 34
0 325 562 245 617 247 560 483 
Vertex 484 distance 41
0 325 562 245 429 190 202 205 100 484 
Vertex 485 distance 39
0 466 191 74 173 485 
Vertex 486 distance 31
0 466 191 307 123 486 
Vertex 487 distance 31
0 306 138 487 
Vertex 488 distance 17
0 435 170 488 
Vertex 489 distance 20
0 466 191 74 117 148 547 489 
Vertex 490 distance 35
0 435 170 287 490 
Vertex 491 distance 23
0 325 562 245 422 54 491 
Vertex 492 distance 24
0 466 191 26 631 10 492 
Vertex 493 distance 30
0 325 133 493 
Vertex 494 distance 30
0 393 177 494 
Vertex 495 distance 19
0 466 191 26 639 495 
Vertex 496 distance 31
0 435 170 287 496 
Vertex 497 distance 42
0 325 562 29 545 497 
Vertex 498 distance 26
0 419 329 84 146 164 197 201 498 
Vertex 499 distance 31
0 466 436 437 515 570 576 499 
Vertex 500 distance 29
0 419 329 84 146 164 39 258 500 
Vertex 501 distance 14
0 325 637 501 
Vertex 502 distance 33
0 325 562 355 442 27 502 
Vertex 503 distance 32
0 466 191 307 556 634 360 218 503 
Vertex 504 distance 30
0 325 562 29 545 504 
Vertex 505 distance 36
0 466 191 220 40 364 396 127 505 
Vertex 506 distance 25
0 325 637 501 506 
Vertex 507 distance 24
0 419 329 84 146 507 
Vertex 508 distance 34
0 466 191 307 556 634 360 423 508 
Vertex 509 distance 25
0 325 637 501 235 509 
Vertex 510 distance 28
0 466 191 220 115 171 536 510 
Vertex 511 distance 29
0 325 562 29 265 530 511 
Vertex 512 distance 25
0 466 436 512 
Vertex 513 distance 35
0 466 436 73 513 
Vertex 514 distance 19
0 435 50 514 
Vertex 515 distance 20
0 466 436 437 515 
Vertex 516 distance 34
0 466 191 349 209 284 457 608 516 
Vertex 517 distance 35
0 466 191 74 117 362 286 46 628 517 
Vertex 518 distance 36
0 325 637 501 235 509 518 
Vertex 519 distance 30
0 325 637 525 327 519 
Vertex 520 distance 28
0 466 358 375 520 
Vertex 521 distance 34
0 466 191 563 96 521 
Vertex 522 distance 30
0 325 562 245 422 92 144 53 522 
Vertex 523 distance 32
0 393 177 565 71 523 
Vertex 524 distance 36
0 466 191 307 556 634 360 218 503 524 
Vertex 525 distance 17
0 325 637 525 
Vertex 526 distance 38
0 466 358 526 
Vertex 527 distance 24
0 466 191 220 40 364 396 455 241 527 
Vertex 528 distance 25
0 466 191 307 556 634 528 
Vertex 529 distance 30
0 325 562 245 422 54 491 363 529 
Vertex 530 distance 27
0 325 562 29 265 530 
Vertex 531 distance 22
0 466 191 349 304 326 531 
Vertex 532 distance 21
0 466 191 26 631 156 532 
Vertex 533 distance 28
0 466 358 533 
Vertex 534 distance 29
0 325 562 29 35 271 534 
Vertex 535 distance 28
0 466 191 26 639 495 595 535 
Vertex 536 distance 23
0 466 191 220 115 171 536 
Vertex 537 distance 16
0 325 637 501 537 
Vertex 538 distance 29
0 325 637 525 48 225 538 
Vertex 539 distance 31
0 466 191 26 631 156 199 539 
Vertex 540 distance 26
0 325 637 62 540 
Vertex 541 distance 36
0 466 191 74 117 362 286 541 
Vertex 542 distance 21
0 466 436 73 432 542 
Vertex 543 distance 27
0 466 191 74 117 148 206 543 
Vertex 544 distance 28
0 466 544 
Vertex 545 distance 28
0 325 562 29 545 
Vertex 546 distance 31
0 466 191 307 571 98 546 
Vertex 547 distance 17
0 466 191 74 117 148 547 
Vertex 548 distance 32
0 325 562 245 422 426 606 629 548 
Vertex 549 distance 33
0 325 562 245 422 426 606 288 549 
Vertex 550 distance 24
0 325 562 207 550 
Vertex 551 distance 31
0 435 170 488 250 551 
Vertex 552 distance 21
0 466 191 220 635 552 
Vertex 553 distance 36
0 419 329 84 146 164 553 
Vertex 554 distance 31
0 466 191 74 117 148 206 248 554 
Vertex 555 distance 21
0 435 50 555 
Vertex 556 distance 13
0 466 191 307 556 
Vertex 557 distance 28
0 466 191 26 639 424 290 557 
Vertex 558 distance 29
0 325 562 245 422 426 558 
Vertex 559 distance 29
0 466 436 73 314 118 559 
Vertex 560 distance 25
0 325 562 245 617 247 560 
Vertex 561 distance 24
0 325 562 245 429 190 561 
Vertex 562 distance 8
0 325 562 
Vertex 563 distance 15
0 466 191 563 
Vertex 564 distance 24
0 393 177 565 564 
Vertex 565 distance 20
0 393 177 565 
Vertex 566 distance 28
0 325 637 208 566 
Vertex 567 distance 29
0 466 191 26 639 495 137 80 567 
Vertex 568 distance 24
0 435 170 488 250 568 
Vertex 569 distance 36
0 306 138 569 
Vertex 570 distance 22
0 466 436 437 515 570 
Vertex 571 distance 18
0 466 191 307 571 
Vertex 572 distance 36
0 466 436 73 432 386 416 16 572 
Vertex 573 distance 42
0 325 562 245 422 92 579 615 160 573 
Vertex 574 distance 34
0 466 191 220 574 
Vertex 575 distance 29
0 466 191 418 186 575 
Vertex 576 distance 25
0 466 436 437 515 570 576 
Vertex 577 distance 26
0 466 191 74 389 577 
Vertex 578 distance 22
0 435 50 604 578 
Vertex 579 distance 24
0 325 562 245 422 92 579 
Vertex 580 distance 33
0 325 637 208 580 
Vertex 581 distance 37
0 466 191 307 123 486 581 
Vertex 582 distance 32
0 466 436 73 432 386 416 16 582 
Vertex 583 distance 28
0 325 562 29 583 
Vertex 584 distance 29
0 325 562 245 429 190 561 584 
Vertex 585 distance 40
0 466 436 73 432 285 585 
Vertex 586 distance 21
0 466 191 307 556 634 360 423 586 
Vertex 587 distance 29
0 466 191 220 635 587 
Vertex 588 distance 25
0 466 191 307 556 634 360 423 586 588 
Vertex 589 distance 22
0 325 637 501 235 589 
Vertex 590 distance 27
0 466 191 220 40 364 396 455 241 590 
Vertex 591 distance 53
0 325 637 501 235 70 591 
Vertex 592 distance 35
0 466 544 592 
Vertex 593 distance 27
0 466 191 26 631 593 
Vertex 594 distance 17
0 435 50 594 
Vertex 595 distance 25
0 466 191 26 639 495 595 
Vertex 596 distance 37
0 419 329 84 146 383 596 
Vertex 597 distance 31
0 325 562 245 422 426 295 122 597 
Vertex 598 distance 32
0 466 191 220 381 598 
Vertex 599 distance 21
0 599 
Vertex 600 distance 32
0 466 191 74 117 148 206 248 554 600 
Vertex 601 distance 43
0 466 436 73 432 285 585 601 
Vertex 602 distance 31
0 466 436 154 602 
Vertex 603 distance 22
0 393 603 
Vertex 604 distance 18
0 435 50 604 
Vertex 605 distance 37
0 466 191 307 556 634 360 218 79 605 
Vertex 606 distance 20
0 325 562 245 422 426 606 
Vertex 607 distance 26
0 325 637 501 537 607 
Vertex 608 distance 30
0 466 191 349 209 284 457 608 
Vertex 609 distance 35
0 325 637 525 48 225 538 345 282 609 
Vertex 610 distance 26
0 466 191 74 117 362 464 610 
Vertex 611 distance 45
0 325 562 245 236 444 611 
Vertex 612 distance 28
0 466 191 26 631 399 612 
Vertex 613 distance 26
0 393 177 565 564 613 
Vertex 614 distance 24
0 466 191 26 614 
Vertex 615 distance 26
0 325 562 245 422 92 579 615 
Vertex 616 distance 28
0 419 329 84 146 507 616 
Vertex 617 distance 13
0 325 562 245 617 
Vertex 618 distance 32
0 466 191 220 40 364 396 455 241 527 142 180 618 
Vertex 619 distance 37
0 466 436 73 432 542 619 
Vertex 620 distance 28
0 466 191 220 40 364 359 620 
Vertex 621 distance 25
0 466 191 418 621 
Vertex 622 distance 33
0 325 637 525 48 225 538 345 282 622 
Vertex 623 distance 25
0 466 191 307 556 623 
Vertex 624 distance 29
0 466 191 220 115 86 260 624 
Vertex 625 distance 21
0 325 562 245 617 247 625 
Vertex 626 distance 33
0 325 562 245 236 626 
Vertex 627 distance 32
0 466 436 154 627 
Vertex 628 distance 25
0 466 191 74 117 362 286 46 628 
Vertex 629 distance 22
0 325 562 245 422 426 606 629 
Vertex 630 distance 20
0 306 153 630 
Vertex 631 distance 14
0 466 191 26 631 
Vertex 632 distance 18
0 325 562 29 632 
Vertex 633 distance 24
0 466 191 220 40 364 17 49 633 
Vertex 634 distance 16
0 466 191 307 556 634 
Vertex 635 distance 19
0 466 191 220 635 
Vertex 636 distance 30
0 466 191 220 40 364 396 455 241 527 636 
Vertex 637 distance 13
0 325 637 
Vertex 638 distance 32
0 393 177 638 
Vertex 639 distance 17
0 466 191 26 639 
