Vertex 0 distance 0
0 0 
Vertex 1 distance 20
0 21 53 98 1 
Vertex 2 distance 27
0 619 48 487 623 424 245 207 2 
Vertex 3 distance 31
0 619 441 173 232 463 566 428 285 455 3 
Vertex 4 distance 34
0 619 441 173 232 463 566 236 490 4 
Vertex 5 distance 19
0 619 48 487 5 
Vertex 6 distance 27
0 619 48 487 623 424 6 
Vertex 7 distance 23
0 514 616 135 179 51 7 
Vertex 8 distance 41
0 514 616 135 183 38 601 8 
Vertex 9 distance 27
0 21 398 82 545 9 
Vertex 10 distance 26
0 619 48 487 623 424 10 
Vertex 11 distance 29
0 619 441 499 631 11 
Vertex 12 distance 34
0 619 48 487 623 424 245 207 467 12 
Vertex 13 distance 19
0 619 48 328 13 
Vertex 14 distance 17
0 619 441 499 598 392 14 
Vertex 15 distance 25
0 619 441 499 598 217 15 
Vertex 16 distance 43
0 619 441 173 232 16 
Vertex 17 distance 30
0 619 441 173 232 227 440 80 17 
Vertex 18 distance 30
0 514 616 515 460 18 
Vertex 19 distance 13
0 619 441 499 598 217 19 
Vertex 20 distance 12
0 619 20 
Vertex 21 distance 8
0 21 
Vertex 22 distance 28
0 619 48 487 327 22 
Vertex 23 distance 28
0 619 48 487 623 424 316 23 
Vertex 24 distance 39
0 619 441 499 598 217 19 312 536 24 
Vertex 25 distance 48
0 514 616 135 179 326 390 211 25 
Vertex 26 distance 29
0 21 398 634 26 
Vertex 27 distance 23
0 619 441 499 630 27 
Vertex 28 distance 21
0 619 441 499 598 178 369 118 222 346 28 
Vertex 29 distance 28
0 514 616 135 179 29 
Vertex 30 distance 24
0 514 616 135 179 491 30 
Vertex 31 distance 16
0 514 31 
Vertex 32 distance 27
0 514 126 478 32 
Vertex 33 distance 20
0 619 441 499 598 217 281 33 
Vertex 34 distance 17
0 619 441 173 34 
Vertex 35 distance 25
0 21 110 67 35 
Vertex 36 distance 39
0 514 126 478 32 529 36 
Vertex 37 distance 33
0 619 48 328 37 
Vertex 38 distance 24
0 514 616 135 183 38 
Vertex 39 distance 24
0 619 48 487 468 141 120 39 
Vertex 40 distance 27
0 514 616 135 179 491 505 40 
Vertex 41 distance 32
0 21 398 578 41 
Vertex 42 distance 27
0 619 441 499 598 178 369 118 222 346 42 
Vertex 43 distance 15
0 619 20 43 
Vertex 44 distance 35
0 619 441 499 598 178 369 118 222 346 28 130 368 44 
Vertex 45 distance 28
0 21 110 67 35 45 
Vertex 46 distance 37
0 619 48 487 623 365 113 461 554 304 62 46 
Vertex 47 distance 38
0 619 48 487 623 365 113 461 554 304 47 
Vertex 48 distance 4
0 619 48 
Vertex 49 distance 35
0 514 126 49 
Vertex 50 distance 26
0 619 441 499 598 408 50 
Vertex 51 distance 19
0 514 616 135 179 51 
Vertex 52 distance 15
0 514 616 135 179 52 
Vertex 53 distance 15
0 21 53 
Vertex 54 distance 19
0 619 441 499 598 217 281 54 
Vertex 55 distance 29
0 619 48 487 623 424 75 55 
Vertex 56 distance 30
0 619 441 499 598 178 636 72 56 
Vertex 57 distance 20
0 619 441 499 598 178 369 57 
Vertex 58 distance 31
0 514 616 135 179 51 454 58 
Vertex 59 distance 36
0 619 441 499 598 392 434 59 
Vertex 60 distance 24
0 619 441 499 598 217 281 54 494 60 
Vertex 61 distance 24
0 619 48 487 468 141 61 
Vertex 62 distance 27
0 619 48 487 623 365 113 461 554 304 62 
Vertex 63 distance 34
0 619 441 235 573 577 208 63 
Vertex 64 distance 39
0 619 441 235 310 64 
Vertex 65 distance 31
0 619 441 499 631 511 65 
Vertex 66 distance 40
0 619 48 487 267 66 
Vertex 67 distance 23
0 21 110 67 
Vertex 68 distance 29
0 619 441 173 73 344 68 
Vertex 69 distance 38
0 619 69 
Vertex 70 distance 27
0 619 441 499 598 217 70 
Vertex 71 distance 27
0 514 126 448 272 71 
Vertex 72 distance 26
0 619 441 499 598 178 636 72 
Vertex 73 distance 23
0 619 441 173 73 
Vertex 74 distance 33
0 619 441 499 598 185 474 459 74 
Vertex 75 distance 18
0 619 48 487 623 424 75 
Vertex 76 distance 28
0 619 20 43 347 558 133 76 
Vertex 77 distance 25
0 21 53 98 77 
Vertex 78 distance 22
0 619 48 487 468 141 78 
Vertex 79 distance 30
0 514 126 448 272 79 
Vertex 80 distance 27
0 619 441 173 232 227 440 80 
Vertex 81 distance 26
0 619 441 499 598 178 369 286 409 81 
Vertex 82 distance 21
0 21 398 82 
Vertex 83 distance 32
0 619 441 499 598 392 371 83 
Vertex 84 distance 40
0 619 441 235 310 419 84 
Vertex 85 distance 28
0 514 616 135 179 51 7 85 
Vertex 86 distance 27
0 514 126 478 86 
Vertex 87 distance 30
0 619 441 499 598 392 422 87 
Vertex 88 distance 28
0 619 441 499 598 408 50 569 88 
Vertex 89 distance 18
0 514 616 515 404 89 
Vertex 90 distance 42
0 619 48 487 267 66 90 
Vertex 91 distance 27
0 619 48 381 91 
Vertex 92 distance 34
0 92 
Vertex 93 distance 33
0 514 616 135 179 51 93 
Vertex 94 distance 30
0 619 48 487 468 141 120 39 277 94 
Vertex 95 distance 26
0 619 441 499 240 95 
Vertex 96 distance 28
0 21 53 96 
Vertex 97 distance 31
0 619 48 328 357 351 165 97 
Vertex 98 distance 16
0 21 53 98 
Vertex 99 distance 26
0 619 441 499 598 217 281 99 
Vertex 100 distance 21
0 619 441 499 598 392 14 100 
Vertex 101 distance 21
0 514 31 101 
Vertex 102 distance 28
0 619 48 328 268 102 
Vertex 103 distance 25
0 514 616 515 404 89 103 
Vertex 104 distance 30
0 619 48 487 623 424 298 309 364 168 104 
Vertex 105 distance 31
0 619 441 499 598 217 19 312 536 105 
Vertex 106 distance 33
0 619 441 499 631 106 
Vertex 107 distance 30
0 619 441 499 631 511 107 
Vertex 108 distance 23
0 619 48 487 468 550 108 
Vertex 109 distance 18
0 514 616 135 179 326 109 
Vertex 110 distance 22
0 21 110 
Vertex 111 distance 34
0 619 441 499 598 178 369 118 222 346 28 130 368 111 
Vertex 112 distance 29
0 619 441 499 598 178 369 118 222 346 28 112 
Vertex 113 distance 19
0 619 48 487 623 365 113 
Vertex 114 distance 18
0 514 616 135 179 491 114 
Vertex 115 distance 40
0 619 441 499 598 178 273 115 
Vertex 116 distance 34
0 21 110 503 633 116 
Vertex 117 distance 35
0 619 441 499 598 217 281 54 494 60 249 117 
Vertex 118 distance 14
0 619 441 499 598 178 369 118 
Vertex 119 distance 39
0 619 441 173 232 227 440 80 17 373 119 
Vertex 120 distance 20
0 619 48 487 468 141 120 
Vertex 121 distance 27
0 514 616 135 179 326 471 121 
Vertex 122 distance 34
0 619 441 499 598 178 369 118 151 122 
Vertex 123 distance 31
0 514 126 123 
Vertex 124 distance 19
0 619 441 499 630 124 
Vertex 125 distance 26
0 619 441 499 598 178 369 286 125 
Vertex 126 distance 16
0 514 126 
Vertex 127 distance 23
0 619 48 487 623 365 127 
Vertex 128 distance 29
0 619 441 499 598 217 281 359 340 128 
Vertex 129 distance 23
0 619 441 499 598 178 369 57 129 
Vertex 130 distance 27
0 619 441 499 598 178 369 118 222 346 28 130 
Vertex 131 distance 32
0 619 48 487 489 167 204 131 
Vertex 132 distance 51
0 619 184 284 132 
Vertex 133 distance 24
0 619 20 43 347 558 133 
Vertex 134 distance 39
0 619 441 173 232 463 134 
Vertex 135 distance 8
0 514 616 135 
Vertex 136 distance 21
0 21 333 136 
Vertex 137 distance 29
0 619 48 487 623 424 245 594 137 
Vertex 138 distance 33
0 619 48 328 138 
Vertex 139 distance 22
0 619 48 487 623 424 245 139 
Vertex 140 distance 20
0 619 441 499 598 217 281 359 340 140 
Vertex 141 distance 19
0 619 48 487 468 141 
Vertex 142 distance 28
0 514 616 135 179 326 471 142 
Vertex 143 distance 19
0 619 441 499 598 392 143 
Vertex 144 distance 24
0 619 160 144 
Vertex 145 distance 29
0 514 616 135 179 326 471 145 
Vertex 146 distance 35
0 619 48 487 623 365 113 342 262 343 146 
Vertex 147 distance 39
0 619 599 147 
Vertex 148 distance 32
0 619 441 499 598 178 369 118 222 346 28 148 
Vertex 149 distance 24
0 619 441 149 
Vertex 150 distance 42
0 514 616 135 164 150 
Vertex 151 distance 27
0 619 441 499 598 178 369 118 151 
Vertex 152 distance 28
0 21 398 634 152 
Vertex 153 distance 29
0 619 48 487 489 167 153 
Vertex 154 distance 34
0 514 616 135 179 326 109 191 238 451 154 
Vertex 155 distance 37
0 619 48 487 383 247 177 609 155 
Vertex 156 distance 22
0 619 20 156 
Vertex 157 distance 29
0 619 48 487 623 365 127 157 
Vertex 158 distance 33
0 619 441 499 598 185 474 459 158 
Vertex 159 distance 29
0 619 48 487 623 424 245 207 467 159 
Vertex 160 distance 20
0 619 160 
Vertex 161 distance 32
0 619 48 487 383 161 
Vertex 162 distance 30
0 619 48 487 623 424 245 139 162 
Vertex 163 distance 27
0 514 616 163 
Vertex 164 distance 28
0 514 616 135 164 
Vertex 165 distance 21
0 619 48 328 357 351 165 
Vertex 166 distance 27
0 619 48 487 623 424 75 527 166 
Vertex 167 distance 25
0 619 48 487 489 167 
Vertex 168 distance 27
0 619 48 487 623 424 298 309 364 168 
Vertex 169 distance 30
0 514 616 515 404 89 103 457 226 169 
Vertex 170 distance 28
0 619 441 499 598 392 172 170 
Vertex 171 distance 24
0 619 20 171 
Vertex 172 distance 24
0 619 441 499 598 392 172 
Vertex 173 distance 15
0 619 441 173 
Vertex 174 distance 31
0 619 20 43 347 558 174 
Vertex 175 distance 30
0 619 441 499 598 392 172 462 175 
Vertex 176 distance 39
0 619 441 499 598 178 369 118 222 346 28 130 368 44 176 
Vertex 177 distance 33
0 619 48 487 383 247 177 
Vertex 178 distance 12
0 619 441 499 598 178 
Vertex 179 distance 10
0 514 616 135 179 
Vertex 180 distance 26
0 619 20 43 347 558 180 
Vertex 181 distance 25
0 619 441 235 181 
Vertex 182 distance 24
0 619 20 43 347 182 
Vertex 183 distance 21
0 514 616 135 183 
Vertex 184 distance 24
0 619 184 
Vertex 185 distance 22
0 619 441 499 598 185 
Vertex 186 distance 21
0 619 48 328 186 
Vertex 187 distance 29
0 514 31 101 187 
Vertex 188 distance 31
0 21 53 98 1 188 
Vertex 189 distance 27
0 514 616 135 179 326 390 259 189 
Vertex 190 distance 44
0 21 53 608 442 190 
Vertex 191 distance 20
0 514 616 135 179 326 109 191 
Vertex 192 distance 29
0 619 441 173 232 227 192 
Vertex 193 distance 40
0 619 441 235 310 419 193 
Vertex 194 distance 32
0 619 48 487 267 194 
Vertex 195 distance 28
0 619 20 43 347 592 195 
Vertex 196 distance 35
0 619 441 173 232 227 192 196 
Vertex 197 distance 29
0 619 160 144 197 
Vertex 198 distance 20
0 514 616 135 198 
Vertex 199 distance 24
0 619 441 499 598 217 281 54 494 199 
Vertex 200 distance 28
0 619 441 499 630 27 200 
Vertex 201 distance 36
0 619 20 43 201 
Vertex 202 distance 28
0 21 333 202 
Vertex 203 distance 30
0 619 441 499 598 217 281 54 203 
Vertex 204 distance 28
0 619 48 487 489 167 204 
Vertex 205 distance 23
0 514 616 135 179 470 205 
Vertex 206 distance 28
0 619 441 499 598 217 281 54 494 199 206 
Vertex 207 distance 24
0 619 48 487 623 424 245 207 
Vertex 208 distance 28
0 619 441 235 573 577 208 
Vertex 209 distance 32
0 21 398 634 152 209 
Vertex 210 distance 21
0 514 616 135 179 326 210 
Vertex 211 distance 41
0 514 616 135 179 326 390 211 
Vertex 212 distance 32
0 619 48 487 623 365 561 524 212 
Vertex 213 distance 30
0 619 48 487 468 550 213 
Vertex 214 distance 36
0 514 616 135 179 326 109 191 238 451 214 
Vertex 215 distance 24
0 619 48 487 383 215 
Vertex 216 distance 22
0 514 616 135 179 52 216 
Vertex 217 distance 12
0 619 441 499 598 217 
Vertex 218 distance 26
0 619 48 264 218 
Vertex 219 distance 27
0 514 616 515 404 219 
Vertex 220 distance 27
0 619 48 328 268 228 220 
Vertex 221 distance 30
0 619 441 499 630 27 200 221 
Vertex 222 distance 18
0 619 441 499 598 178 369 118 222 
Vertex 223 distance 31
0 514 616 135 179 326 109 191 238 451 223 
Vertex 224 distance 33
0 619 48 487 623 365 294 587 224 
Vertex 225 distance 40
0 619 48 487 623 424 75 527 225 
Vertex 226 distance 27
0 514 616 515 404 89 103 457 226 
Vertex 227 distance 24
0 619 441 173 232 227 
Vertex 228 distance 23
0 619 48 328 268 228 
Vertex 229 distance 27
0 21 398 634 229 
Vertex 230 distance 23
0 619 441 499 598 178 230 
Vertex 231 distance 33
0 619 441 499 598 392 371 231 
Vertex 232 distance 19
0 619 441 173 232 
Vertex 233 distance 33
0 514 126 233 
Vertex 234 distance 33
0 619 48 487 327 407 234 
Vertex 235 distance 14
0 619 441 235 
Vertex 236 distance 24
0 619 441 173 232 463 566 236 
Vertex 237 distance 32
0 514 616 135 179 326 390 259 189 237 
Vertex 238 distance 28
0 514 616 135 179 326 109 191 238 
Vertex 239 distance 35
0 514 31 101 187 239 
Vertex 240 distance 21
0 619 441 499 240 
Vertex 241 distance 28
0 619 441 499 598 185 474 453 241 
Vertex 242 distance 26
0 619 441 499 598 408 242 
Vertex 243 distance 23
0 619 48 487 243 
Vertex 244 distance 23
0 619 48 487 468 141 78 244 
Vertex 245 distance 20
0 619 48 487 623 424 245 
Vertex 246 distance 19
0 619 441 173 34 246 
Vertex 247 distance 21
0 619 48 487 383 247 
Vertex 248 distance 34
0 619 48 487 593 541 248 
Vertex 249 distance 25
0 619 441 499 598 217 281 54 494 60 249 
Vertex 250 distance 25
0 619 48 328 250 
Vertex 251 distance 42
0 619 441 499 630 27 200 221 251 
Vertex 252 distance 43
0 619 48 328 357 351 165 506 563 252 
Vertex 253 distance 30
0 619 48 264 253 
Vertex 254 distance 31
0 619 441 499 598 217 356 254 
Vertex 255 distance 22
0 619 441 499 240 255 
Vertex 256 distance 32
0 619 441 499 598 217 70 528 256 
Vertex 257 distance 25
0 514 616 135 179 326 210 257 
Vertex 258 distance 29
0 619 48 487 468 444 258 
Vertex 259 distance 23
0 514 616 135 179 326 390 259 
Vertex 260 distance 20
0 514 616 135 260 
Vertex 261 distance 41
0 619 441 499 598 217 281 54 494 199 206 507 261 
Vertex 262 distance 30
0 619 48 487 623 365 113 342 262 
Vertex 263 distance 26
0 619 441 235 181 263 
Vertex 264 distance 18
0 619 48 264 
Vertex 265 distance 27
0 514 616 135 179 51 7 265 
Vertex 266 distance 29
0 619 48 487 623 365 561 524 266 
Vertex 267 distance 24
0 619 48 487 267 
Vertex 268 distance 15
0 619 48 328 268 
Vertex 269 distance 29
0 619 441 499 598 178 269 
Vertex 270 distance 26
0 619 441 499 598 178 369 118 270 
Vertex 271 distance 34
0 619 441 499 631 271 
Vertex 272 distance 25
0 514 126 448 272 
Vertex 273 distance 19
0 619 441 499 598 178 273 
Vertex 274 distance 35
0 619 20 348 274 
Vertex 275 distance 24
0 619 160 275 
Vertex 276 distance 31
0 619 441 627 635 276 
Vertex 277 distance 28
0 619 48 487 468 141 120 39 277 
Vertex 278 distance 24
0 619 48 487 623 424 278 
Vertex 279 distance 29
0 514 616 135 260 339 279 
Vertex 280 distance 29
0 619 441 499 598 392 143 280 
Vertex 281 distance 14
0 619 441 499 598 217 281 
Vertex 282 distance 29
0 21 53 282 
Vertex 283 distance 26
0 619 441 499 598 217 473 283 
Vertex 284 distance 31
0 619 184 284 
Vertex 285 distance 25
0 619 441 173 232 463 566 428 285 
Vertex 286 distance 16
0 619 441 499 598 178 369 286 
Vertex 287 distance 28
0 514 126 448 272 71 287 
Vertex 288 distance 36
0 619 441 499 598 217 15 288 
Vertex 289 distance 24
0 619 441 173 232 289 
Vertex 290 distance 27
0 514 616 135 260 339 290 
Vertex 291 distance 54
0 619 48 487 468 291 
Vertex 292 distance 33
0 21 398 634 292 
Vertex 293 distance 32
0 619 48 487 623 365 113 293 
Vertex 294 distance 22
0 619 48 487 623 365 294 
Vertex 295 distance 37
0 619 441 173 232 463 566 428 285 455 295 
Vertex 296 distance 27
0 619 441 499 296 
Vertex 297 distance 30
0 619 441 499 598 217 281 359 340 140 482 297 
Vertex 298 distance 21
0 619 48 487 623 424 298 
Vertex 299 distance 40
0 619 441 499 598 178 369 118 151 299 
Vertex 300 distance 27
0 21 53 98 1 510 300 
Vertex 301 distance 34
0 21 53 486 476 301 
Vertex 302 distance 26
0 619 441 173 232 289 302 
Vertex 303 distance 42
0 619 441 235 310 429 303 
Vertex 304 distance 25
0 619 48 487 623 365 113 461 554 304 
Vertex 305 distance 30
0 514 616 135 179 470 305 
Vertex 306 distance 29
0 619 441 499 598 408 306 
Vertex 307 distance 36
0 514 616 135 179 491 492 308 435 540 497 307 
Vertex 308 distance 28
0 514 616 135 179 491 492 308 
Vertex 309 distance 25
0 619 48 487 623 424 298 309 
Vertex 310 distance 25
0 619 441 235 310 
Vertex 311 distance 31
0 21 311 
Vertex 312 distance 19
0 619 441 499 598 217 19 312 
Vertex 313 distance 37
0 619 441 499 631 11 590 313 
Vertex 314 distance 27
0 619 441 499 598 392 143 314 
Vertex 315 distance 31
0 619 48 487 468 444 315 
Vertex 316 distance 23
0 619 48 487 623 424 316 
Vertex 317 distance 37
0 619 441 499 598 392 172 170 317 
Vertex 318 distance 29
0 619 441 499 240 318 
Vertex 319 distance 26
0 619 441 499 598 217 19 312 319 
Vertex 320 distance 23
0 514 616 135 179 470 320 
Vertex 321 distance 25
0 514 616 135 179 470 414 321 
Vertex 322 distance 32
0 619 48 264 218 322 
Vertex 323 distance 37
0 619 441 499 598 217 281 575 576 323 
Vertex 324 distance 31
0 619 441 499 598 178 369 57 324 
Vertex 325 distance 34
0 619 441 499 598 392 172 462 325 
Vertex 326 distance 15
0 514 616 135 179 326 
Vertex 327 distance 22
0 619 48 487 327 
Vertex 328 distance 13
0 619 48 328 
Vertex 329 distance 37
0 619 441 499 598 217 70 329 
Vertex 330 distance 37
0 619 441 499 598 217 70 528 256 330 
Vertex 331 distance 28
0 619 441 499 598 392 331 
Vertex 332 distance 32
0 514 616 135 179 491 505 597 332 
Vertex 333 distance 20
0 21 333 
Vertex 334 distance 30
0 619 48 487 623 365 294 437 580 334 
Vertex 335 distance 28
0 619 441 499 296 335 
Vertex 336 distance 28
0 619 441 499 598 178 369 118 270 336 
Vertex 337 distance 31
0 619 160 144 559 337 
Vertex 338 distance 19
0 514 616 338 
Vertex 339 distance 22
0 514 616 135 260 339 
Vertex 340 distance 19
0 619 441 499 598 217 281 359 340 
Vertex 341 distance 30
0 619 48 487 623 424 245 207 467 159 341 
Vertex 342 distance 22
0 619 48 487 623 365 113 342 
Vertex 343 distance 31
0 619 48 487 623 365 113 342 262 343 
Vertex 344 distance 28
0 619 441 173 73 344 
Vertex 345 distance 41
0 21 53 98 1 510 300 345 
Vertex 346 distance 19
0 619 441 499 598 178 369 118 222 346 
Vertex 347 distance 19
0 619 20 43 347 
Vertex 348 distance 21
0 619 20 348 
Vertex 349 distance 35
0 619 441 627 635 493 395 548 349 
Vertex 350 distance 31
0 619 48 487 623 424 245 207 467 350 
Vertex 351 distance 18
0 619 48 328 357 351 
Vertex 352 distance 26
0 619 48 381 352 
Vertex 353 distance 29
0 21 353 
Vertex 354 distance 31
0 619 441 173 354 
Vertex 355 distance 23
0 619 20 156 355 
Vertex 356 distance 29
0 619 441 499 598 217 356 
Vertex 357 distance 16
0 619 48 328 357 
Vertex 358 distance 27
0 21 110 67 35 358 
Vertex 359 distance 17
0 619 441 499 598 217 281 359 
Vertex 360 distance 57
0 619 441 173 73 360 
Vertex 361 distance 26
0 514 616 135 361 
Vertex 362 distance 28
0 619 441 499 598 217 473 283 362 
Vertex 363 distance 21
0 514 31 363 
Vertex 364 distance 26
0 619 48 487 623 424 298 309 364 
Vertex 365 distance 18
0 619 48 487 623 365 
Vertex 366 distance 36
0 619 441 499 598 217 281 359 340 140 366 
Vertex 367 distance 24
0 514 616 135 179 470 205 367 
Vertex 368 distance 31
0 619 441 499 598 178 369 118 222 346 28 130 368 
Vertex 369 distance 13
0 619 441 499 598 178 369 
Vertex 370 distance 41
0 514 616 135 260 370 
Vertex 371 distance 23
0 619 441 499 598 392 371 
Vertex 372 distance 24
0 619 441 499 598 217 281 372 
Vertex 373 distance 32
0 619 441 173 232 227 440 80 17 373 
Vertex 374 distance 33
0 514 126 123 374 
Vertex 375 distance 31
0 619 48 487 623 424 298 309 364 375 
Vertex 376 distance 26
0 619 376 
Vertex 377 distance 29
0 619 48 487 623 424 245 207 377 
Vertex 378 distance 44
0 619 441 499 598 217 19 531 378 
Vertex 379 distance 34
0 619 48 264 452 379 
Vertex 380 distance 29
0 619 48 487 623 424 75 527 380 
Vertex 381 distance 21
0 619 48 381 
Vertex 382 distance 32
0 21 398 382 
Vertex 383 distance 18
0 619 48 487 383 
Vertex 384 distance 31
0 619 48 487 383 247 384 
Vertex 385 distance 37
0 619 441 499 598 178 230 385 
Vertex 386 distance 23
0 514 616 135 179 326 210 386 
Vertex 387 distance 26
0 619 48 328 357 387 
Vertex 388 distance 34
0 619 48 487 623 424 245 207 2 388 
Vertex 389 distance 36
0 619 441 499 598 178 369 118 151 122 391 389 
Vertex 390 distance 22
0 514 616 135 179 326 390 
Vertex 391 distance 35
0 619 441 499 598 178 369 118 151 122 391 
Vertex 392 distance 13
0 619 441 499 598 392 
Vertex 393 distance 36
0 619 441 499 598 217 473 283 539 393 
Vertex 394 distance 28
0 619 441 499 598 408 50 569 394 
Vertex 395 distance 31
0 619 441 627 635 493 395 
Vertex 396 distance 33
0 619 441 499 598 217 281 54 494 60 249 396 
Vertex 397 distance 34
0 21 397 
Vertex 398 distance 17
0 21 398 
Vertex 399 distance 41
0 21 397 399 
Vertex 400 distance 34
0 619 441 499 240 318 400 
Vertex 401 distance 27
0 514 126 401 
Vertex 402 distance 38
0 514 616 135 179 326 109 191 238 451 154 402 
Vertex 403 distance 36
0 514 616 135 179 51 7 85 403 
Vertex 404 distance 17
0 514 616 515 404 
Vertex 405 distance 33
0 619 48 487 623 365 127 157 405 
Vertex 406 distance 35
0 619 48 328 357 351 165 406 
Vertex 407 distance 24
0 619 48 487 327 407 
Vertex 408 distance 17
0 619 441 499 598 408 
Vertex 409 distance 17
0 619 441 499 598 178 369 286 409 
Vertex 410 distance 38
0 619 48 487 623 365 113 410 
Vertex 411 distance 28
0 619 48 487 5 411 
Vertex 412 distance 27
0 619 441 499 598 185 474 412 
Vertex 413 distance 24
0 619 441 499 598 217 281 359 413 
Vertex 414 distance 20
0 514 616 135 179 470 414 
Vertex 415 distance 30
0 21 398 415 
Vertex 416 distance 29
0 619 441 149 416 
Vertex 417 distance 22
0 514 616 515 404 89 417 
Vertex 418 distance 27
0 619 441 499 598 392 172 462 418 
Vertex 419 distance 27
0 619 441 235 310 419 
Vertex 420 distance 30
0 619 441 499 598 217 562 420 
Vertex 421 distance 42
0 514 616 135 179 491 492 421 
Vertex 422 distance 22
0 619 441 499 598 392 422 
Vertex 423 distance 28
0 619 48 487 468 141 61 423 
Vertex 424 distance 16
0 619 48 487 623 424 
Vertex 425 distance 28
0 514 31 363 425 
Vertex 426 distance 36
0 619 441 173 34 246 426 
Vertex 427 distance 29
0 619 441 499 598 178 369 286 409 81 427 
Vertex 428 distance 24
0 619 441 173 232 463 566 428 
Vertex 429 distance 32
0 619 441 235 310 429 
Vertex 430 distance 32
0 619 441 235 181 263 430 
Vertex 431 distance 29
0 619 441 173 450 431 
Vertex 432 distance 22
0 514 616 515 432 
Vertex 433 distance 30
0 514 616 135 179 491 433 
Vertex 434 distance 30
0 619 441 499 598 392 434 
Vertex 435 distance 29
0 514 616 135 179 491 492 308 435 
Vertex 436 distance 36
0 619 441 499 598 217 473 283 539 436 
Vertex 437 distance 23
0 619 48 487 623 365 294 437 
Vertex 438 distance 29
0 514 616 438 
Vertex 439 distance 42
0 619 48 328 268 228 439 
Vertex 440 distance 25
0 619 441 173 232 227 440 
Vertex 441 distance 8
0 619 441 
Vertex 442 distance 40
0 21 53 608 442 
Vertex 443 distance 44
0 514 616 515 404 89 103 443 
Vertex 444 distance 25
0 619 48 487 468 444 
Vertex 445 distance 34
0 619 441 499 598 217 70 528 445 
Vertex 446 distance 32
0 619 441 499 240 255 446 
Vertex 447 distance 27
0 21 53 98 1 510 447 
Vertex 448 distance 22
0 514 126 448 
Vertex 449 distance 24
0 619 48 487 623 365 449 
Vertex 450 distance 20
0 619 441 173 450 
Vertex 451 distance 30
0 514 616 135 179 326 109 191 238 451 
Vertex 452 distance 32
0 619 48 264 452 
Vertex 453 distance 27
0 619 441 499 598 185 474 453 
Vertex 454 distance 27
0 514 616 135 179 51 454 
Vertex 455 distance 30
0 619 441 173 232 463 566 428 285 455 
Vertex 456 distance 22
0 619 48 487 623 365 113 456 
Vertex 457 distance 26
0 514 616 515 404 89 103 457 
Vertex 458 distance 32
0 619 441 173 232 458 
Vertex 459 distance 31
0 619 441 499 598 185 474 459 
Vertex 460 distance 20
0 514 616 515 460 
Vertex 461 distance 20
0 619 48 487 623 365 113 461 
Vertex 462 distance 26
0 619 441 499 598 392 172 462 
Vertex 463 distance 20
0 619 441 173 232 463 
Vertex 464 distance 16
0 21 464 
Vertex 465 distance 34
0 619 441 235 573 602 465 
Vertex 466 distance 42
0 619 441 499 598 217 356 466 
Vertex 467 distance 25
0 619 48 487 623 424 245 207 467 
Vertex 468 distance 16
0 619 48 487 468 
Vertex 469 distance 26
0 619 441 499 598 178 369 118 222 469 
Vertex 470 distance 17
0 514 616 135 179 470 
Vertex 471 distance 22
0 514 616 135 179 326 471 
Vertex 472 distance 32
0 514 616 135 179 51 7 265 472 
Vertex 473 distance 24
0 619 441 499 598 217 473 
Vertex 474 distance 23
0 619 441 499 598 185 474 
Vertex 475 distance 47
0 619 48 487 623 424 298 309 364 168 475 
Vertex 476 distance 25
0 21 53 486 476 
Vertex 477 distance 29
0 619 48 487 623 365 113 461 554 304 62 477 
Vertex 478 distance 23
0 514 126 478 
Vertex 479 distance 35
0 619 48 487 623 424 6 479 
Vertex 480 distance 30
0 619 441 499 598 217 281 54 480 
Vertex 481 distance 24
0 619 441 499 598 217 281 481 
Vertex 482 distance 23
0 619 441 499 598 217 281 359 340 140 482 
Vertex 483 distance 28
0 619 48 487 468 550 483 
Vertex 484 distance 24
0 619 48 487 623 424 298 484 
Vertex 485 distance 32
0 619 441 499 598 408 50 569 88 485 
Vertex 486 distance 24
0 21 53 486 
Vertex 487 distance 14
0 619 48 487 
Vertex 488 distance 30
0 619 599 488 
Vertex 489 distance 24
0 619 48 487 489 
Vertex 490 distance 27
0 619 441 173 232 463 566 236 490 
Vertex 491 distance 13
0 514 616 135 179 491 
Vertex 492 distance 27
0 514 616 135 179 491 492 
Vertex 493 distance 30
0 619 441 627 635 493 
Vertex 494 distance 23
0 619 441 499 598 217 281 54 494 
Vertex 495 distance 34
0 619 441 499 598 408 50 495 
Vertex 496 distance 37
0 514 126 448 272 496 
Vertex 497 distance 32
0 514 616 135 179 491 492 308 435 540 497 
Vertex 498 distance 28
0 619 441 499 598 178 369 286 409 81 498 
Vertex 499 distance 9
0 619 441 499 
Vertex 500 distance 34
0 619 48 500 
Vertex 501 distance 28
0 619 48 487 623 424 298 484 501 
Vertex 502 distance 33
0 619 48 487 383 247 384 502 
Vertex 503 distance 28
0 21 110 503 
Vertex 504 distance 29
0 514 126 401 504 
Vertex 505 distance 22
0 514 616 135 179 491 505 
Vertex 506 distance 35
0 619 48 328 357 351 165 506 
Vertex 507 distance 33
0 619 441 499 598 217 281 54 494 199 206 507 
Vertex 508 distance 36
0 619 441 499 598 185 474 453 508 
Vertex 509 distance 39
0 619 48 487 327 22 509 
Vertex 510 distance 24
0 21 53 98 1 510 
Vertex 511 distance 29
0 619 441 499 631 511 
Vertex 512 distance 42
0 21 53 608 442 512 
Vertex 513 distance 24
0 619 441 173 34 246 513 
Vertex 514 distance 4
0 514 
Vertex 515 distance 13
0 514 616 515 
Vertex 516 distance 32
0 514 616 135 179 470 205 516 
Vertex 517 distance 47
0 21 53 98 77 517 
Vertex 518 distance 31
0 619 441 499 598 392 371 518 
Vertex 519 distance 36
0 514 616 515 404 89 103 457 519 
Vertex 520 distance 43
0 514 616 515 404 89 103 457 226 169 520 
Vertex 521 distance 30
0 619 48 487 468 141 120 39 277 521 
Vertex 522 distance 34
0 514 126 233 522 
Vertex 523 distance 34
0 619 48 487 623 365 113 342 262 523 
Vertex 524 distance 27
0 619 48 487 623 365 561 524 
Vertex 525 distance 36
0 619 48 328 250 525 
Vertex 526 distance 31
0 514 126 478 86 526 
Vertex 527 distance 22
0 619 48 487 623 424 75 527 
Vertex 528 distance 29
0 619 441 499 598 217 70 528 
Vertex 529 distance 31
0 514 126 478 32 529 
Vertex 530 distance 37
0 619 441 173 232 463 530 
Vertex 531 distance 26
0 619 441 499 598 217 19 531 
Vertex 532 distance 34
0 514 31 363 532 
Vertex 533 distance 26
0 619 441 499 598 392 14 100 533 
Vertex 534 distance 28
0 619 48 328 268 228 534 
Vertex 535 distance 30
0 619 48 487 468 550 535 
Vertex 536 distance 22
0 619 441 499 598 217 19 312 536 
Vertex 537 distance 34
0 619 441 173 232 289 302 537 
Vertex 538 distance 28
0 619 441 499 598 392 172 538 
Vertex 539 distance 27
0 619 441 499 598 217 473 283 539 
Vertex 540 distance 30
0 514 616 135 179 491 492 308 435 540 
Vertex 541 distance 32
0 619 48 487 593 541 
Vertex 542 distance 31
0 619 441 235 181 542 
Vertex 543 distance 38
0 514 616 515 404 89 103 457 226 543 
Vertex 544 distance 36
0 21 398 634 152 209 544 
Vertex 545 distance 24
0 21 398 82 545 
Vertex 546 distance 43
0 619 441 499 598 178 636 546 
Vertex 547 distance 32
0 619 441 173 232 289 547 
Vertex 548 distance 34
0 619 441 627 635 493 395 548 
Vertex 549 distance 23
0 619 441 499 598 392 549 
Vertex 550 distance 17
0 619 48 487 468 550 
Vertex 551 distance 22
0 619 48 328 13 551 
Vertex 552 distance 32
0 619 48 487 623 424 75 527 380 552 
Vertex 553 distance 25
0 619 48 487 623 424 245 553 
Vertex 554 distance 24
0 619 48 487 623 365 113 461 554 
Vertex 555 distance 25
0 619 48 328 13 551 555 
Vertex 556 distance 31
0 514 616 135 179 326 390 556 
Vertex 557 distance 32
0 619 441 499 557 
Vertex 558 distance 20
0 619 20 43 347 558 
Vertex 559 distance 29
0 619 160 144 559 
Vertex 560 distance 19
0 21 560 
Vertex 561 distance 22
0 619 48 487 623 365 561 
Vertex 562 distance 28
0 619 441 499 598 217 562 
Vertex 563 distance 40
0 619 48 328 357 351 165 506 563 
Vertex 564 distance 19
0 619 48 487 623 564 
Vertex 565 distance 37
0 619 441 499 598 217 473 565 
Vertex 566 distance 21
0 619 441 173 232 463 566 
Vertex 567 distance 33
0 619 48 328 250 567 
Vertex 568 distance 26
0 514 616 135 179 326 471 568 
Vertex 569 distance 27
0 619 441 499 598 408 50 569 
Vertex 570 distance 28
0 514 616 135 183 38 601 570 
Vertex 571 distance 21
0 619 441 499 630 124 571 
Vertex 572 distance 32
0 21 53 98 1 510 572 
Vertex 573 distance 21
0 619 441 235 573 
Vertex 574 distance 34
0 21 53 98 574 
Vertex 575 distance 16
0 619 441 499 598 217 281 575 
Vertex 576 distance 30
0 619 441 499 598 217 281 575 576 
Vertex 577 distance 27
0 619 441 235 573 577 
Vertex 578 distance 22
0 21 398 578 
Vertex 579 distance 32
0 619 441 499 598 217 473 579 
Vertex 580 distance 26
0 619 48 487 623 365 294 437 580 
Vertex 581 distance 31
0 619 441 173 73 581 
Vertex 582 distance 33
0 619 441 173 354 582 
Vertex 583 distance 41
0 514 616 135 179 326 210 257 583 
Vertex 584 distance 47
0 619 48 487 623 365 113 293 584 
Vertex 585 distance 23
0 514 616 515 404 585 
Vertex 586 distance 22
0 619 441 499 598 217 281 575 586 
Vertex 587 distance 29
0 619 48 487 623 365 294 587 
Vertex 588 distance 22
0 514 616 135 260 588 
Vertex 589 distance 26
0 514 616 135 179 326 109 191 589 
Vertex 590 distance 30
0 619 441 499 631 11 590 
Vertex 591 distance 32
0 619 441 499 598 408 50 569 394 591 
Vertex 592 distance 27
0 619 20 43 347 592 
Vertex 593 distance 30
0 619 48 487 593 
Vertex 594 distance 22
0 619 48 487 623 424 245 594 
Vertex 595 distance 25
0 619 441 499 598 178 369 286 595 
Vertex 596 distance 34
0 619 441 499 598 178 636 72 596 
Vertex 597 distance 26
0 514 616 135 179 491 505 597 
Vertex 598 distance 11
0 619 441 499 598 
Vertex 599 distance 26
0 619 599 
Vertex 600 distance 37
0 619 441 499 598 392 172 538 600 
Vertex 601 distance 27
0 514 616 135 183 38 601 
Vertex 602 distance 22
0 619 441 235 573 602 
Vertex 603 distance 17
0 619 441 499 598 603 
Vertex 604 distance 26
0 514 604 
Vertex 605 distance 39
0 619 441 499 631 511 107 605 
Vertex 606 distance 30
0 619 441 499 630 124 606 
Vertex 607 distance 35
0 619 48 381 352 607 
Vertex 608 distance 28
0 21 53 608 
Vertex 609 distance 34
0 619 48 487 383 247 177 609 
Vertex 610 distance 30
0 619 441 499 598 217 281 610 
Vertex 611 distance 20
0 514 616 515 611 
Vertex 612 distance 28
0 619 20 43 347 592 612 
Vertex 613 distance 26
0 619 48 487 468 444 613 
Vertex 614 distance 43
0 619 441 499 598 178 636 614 
Vertex 615 distance 29
0 619 48 487 623 365 113 461 554 304 615 
Vertex 616 distance 5
0 514 616 
Vertex 617 distance 30
0 619 441 499 598 603 617 
Vertex 618 distance 24
0 619 48 328 13 551 618 
Vertex 619 distance 3
0 619 
Vertex 620 distance 37
0 514 616 620 
Vertex 621 distance 30
0 619 441 173 73 621 
Vertex 622 distance 31
0 514 616 135 179 470 205 622 
Vertex 623 distance 15
0 619 48 487 623 
Vertex 624 distance 26
0 514 616 135 179 491 505 624 
Vertex 625 distance 31
0 619 441 499 598 217 281 359 340 140 482 297 625 
Vertex 626 distance 23
0 619 48 487 623 564 626 
Vertex 627 distance 20
0 619 441 627 
Vertex 628 distance 42
0 619 48 328 357 351 628 
Vertex 629 distance 38
0 619 48 264 452 629 
Vertex 630 distance 17
0 619 441 499 630 
Vertex 631 distance 20
0 619 441 499 631 
Vertex 632 distance 38
0 619 48 487 468 444 632 
Vertex 633 distance 32
0 21 110 503 633 
Vertex 634 distance 21
0 21 398 634 
Vertex 635 distance 23
0 619 441 627 635 
Vertex 636 distance 19
0 619 441 499 598 178 636 
Vertex 637 distance 25
0 619 48 328 13 551 637 
Vertex 638 distance 30
0 619 441 499 598 217 19 312 638 
Vertex 639 distance 32
0 21 311 639 
