Vertex 0 distance 0
0 0 
Vertex 1 distance 16
0 93 521 195 486 81 1 
Vertex 2 distance 10
0 93 521 195 486 2 
Vertex 3 distance 13
0 455 101 3 
Vertex 4 distance 19
0 164 274 440 254 369 4 
Vertex 5 distance 20
0 93 521 195 380 638 112 505 395 10 271 5 
Vertex 6 distance 17
0 93 521 195 450 581 6 
Vertex 7 distance 20
0 93 517 602 381 95 343 16 7 
Vertex 8 distance 17
0 164 274 440 13 8 
Vertex 9 distance 15
0 93 521 195 486 34 9 
Vertex 10 distance 16
0 93 521 195 380 638 112 505 395 10 
Vertex 11 distance 19
0 60 83 538 11 
Vertex 12 distance 10
0 93 521 195 380 53 150 12 
Vertex 13 distance 14
0 164 274 440 13 
Vertex 14 distance 16
0 60 83 619 582 14 
Vertex 15 distance 11
0 164 274 440 15 
Vertex 16 distance 15
0 93 517 602 381 95 343 16 
Vertex 17 distance 7
0 93 517 602 17 
Vertex 18 distance 19
0 455 580 383 423 18 
Vertex 19 distance 19
0 93 521 195 450 24 518 19 
Vertex 20 distance 18
0 93 521 195 450 134 20 
Vertex 21 distance 13
0 93 521 195 486 2 579 21 
Vertex 22 distance 19
0 93 521 195 380 638 326 22 
Vertex 23 distance 22
0 93 521 195 380 53 150 12 59 387 125 23 
Vertex 24 distance 8
0 93 521 195 450 24 
Vertex 25 distance 14
0 164 274 440 254 25 
Vertex 26 distance 17
0 93 521 195 486 34 446 26 
Vertex 27 distance 17
0 93 521 195 450 85 366 493 27 
Vertex 28 distance 14
0 93 521 594 28 
Vertex 29 distance 15
0 164 274 235 510 66 29 
Vertex 30 distance 16
0 164 274 413 30 
Vertex 31 distance 17
0 93 521 195 450 189 31 
Vertex 32 distance 16
0 93 521 195 450 24 535 77 540 32 
Vertex 33 distance 12
0 164 274 492 131 33 
Vertex 34 distance 9
0 93 521 195 486 34 
Vertex 35 distance 15
0 164 274 440 69 471 35 
Vertex 36 distance 6
0 164 274 36 
Vertex 37 distance 18
0 93 521 195 486 34 446 568 37 
Vertex 38 distance 20
0 93 521 195 380 53 150 12 573 115 353 38 
Vertex 39 distance 12
0 164 274 235 39 
Vertex 40 distance 16
0 164 279 409 54 498 40 
Vertex 41 distance 19
0 60 83 373 41 
Vertex 42 distance 17
0 93 517 602 381 95 590 42 
Vertex 43 distance 16
0 93 517 284 178 439 184 43 
Vertex 44 distance 20
0 93 517 602 574 123 44 
Vertex 45 distance 16
0 93 517 284 178 45 
Vertex 46 distance 12
0 93 521 195 486 2 46 
Vertex 47 distance 13
0 93 521 195 486 2 47 
Vertex 48 distance 16
0 93 521 195 380 638 317 48 
Vertex 49 distance 16
0 93 521 195 104 49 
Vertex 50 distance 15
0 455 472 155 50 
Vertex 51 distance 22
0 164 274 36 556 599 51 
Vertex 52 distance 13
0 164 148 52 
Vertex 53 distance 7
0 93 521 195 380 53 
Vertex 54 distance 11
0 164 279 409 54 
Vertex 55 distance 11
0 455 101 231 55 
Vertex 56 distance 18
0 60 613 263 527 56 
Vertex 57 distance 17
0 93 521 195 450 189 57 
Vertex 58 distance 15
0 164 274 36 556 58 
Vertex 59 distance 11
0 93 521 195 380 53 150 12 59 
Vertex 60 distance 6
0 60 
Vertex 61 distance 14
0 455 477 628 61 
Vertex 62 distance 16
0 93 521 195 380 638 326 118 342 364 62 
Vertex 63 distance 15
0 164 274 440 325 249 63 
Vertex 64 distance 17
0 60 64 
Vertex 65 distance 16
0 93 521 195 380 638 65 
Vertex 66 distance 12
0 164 274 235 510 66 
Vertex 67 distance 20
0 93 521 195 380 53 150 67 
Vertex 68 distance 16
0 93 521 195 380 638 112 212 68 
Vertex 69 distance 12
0 164 274 440 69 
Vertex 70 distance 14
0 164 274 440 325 70 
Vertex 71 distance 13
0 93 521 195 380 638 326 209 71 
Vertex 72 distance 16
0 455 565 412 72 
Vertex 73 distance 15
0 164 274 611 73 
Vertex 74 distance 15
0 455 101 74 
Vertex 75 distance 14
0 164 274 200 75 
Vertex 76 distance 16
0 93 521 195 486 2 47 76 
Vertex 77 distance 10
0 93 521 195 450 24 535 77 
Vertex 78 distance 19
0 455 477 628 116 78 
Vertex 79 distance 22
0 93 521 594 79 
Vertex 80 distance 19
0 93 521 195 80 
Vertex 81 distance 8
0 93 521 195 486 81 
Vertex 82 distance 21
0 93 521 195 380 463 82 
Vertex 83 distance 8
0 60 83 
Vertex 84 distance 17
0 93 521 195 380 84 
Vertex 85 distance 10
0 93 521 195 450 85 
Vertex 86 distance 23
0 164 86 
Vertex 87 distance 16
0 93 521 195 450 581 603 87 
Vertex 88 distance 16
0 93 517 284 178 399 181 88 
Vertex 89 distance 14
0 164 223 241 172 89 
Vertex 90 distance 24
0 93 521 195 380 90 
Vertex 91 distance 19
0 164 274 235 510 66 29 91 
Vertex 92 distance 17
0 93 521 195 486 81 401 92 
Vertex 93 distance 3
0 93 
Vertex 94 distance 17
0 164 274 492 131 482 571 94 
Vertex 95 distance 9
0 93 517 602 381 95 
Vertex 96 distance 19
0 60 613 263 495 275 318 96 
Vertex 97 distance 17
0 164 274 36 97 
Vertex 98 distance 12
0 93 521 195 380 53 215 447 98 
Vertex 99 distance 16
0 164 274 492 131 482 237 330 99 
Vertex 100 distance 15
0 455 477 628 116 100 
Vertex 101 distance 8
0 455 101 
Vertex 102 distance 16
0 455 565 227 354 102 
Vertex 103 distance 17
0 93 521 195 450 85 366 625 103 
Vertex 104 distance 15
0 93 521 195 104 
Vertex 105 distance 19
0 93 521 195 450 24 535 77 540 105 
Vertex 106 distance 14
0 60 83 106 
Vertex 107 distance 17
0 93 517 602 305 107 
Vertex 108 distance 12
0 164 274 611 615 108 
Vertex 109 distance 21
0 93 521 195 380 638 112 505 395 156 109 
Vertex 110 distance 17
0 93 521 195 486 81 290 110 
Vertex 111 distance 15
0 164 279 409 54 498 111 
Vertex 112 distance 9
0 93 521 195 380 638 112 
Vertex 113 distance 21
0 93 521 195 486 2 579 520 113 
Vertex 114 distance 15
0 455 472 155 114 
Vertex 115 distance 17
0 93 521 195 380 53 150 12 573 115 
Vertex 116 distance 12
0 455 477 628 116 
Vertex 117 distance 18
0 455 477 628 61 117 
Vertex 118 distance 11
0 93 521 195 380 638 326 118 
Vertex 119 distance 20
0 93 517 602 381 292 119 
Vertex 120 distance 21
0 455 101 231 55 390 120 
Vertex 121 distance 15
0 93 521 195 380 53 150 12 121 
Vertex 122 distance 21
0 455 477 628 61 122 
Vertex 123 distance 14
0 93 517 602 574 123 
Vertex 124 distance 12
0 164 274 200 124 
Vertex 125 distance 18
0 93 521 195 380 53 150 12 59 387 125 
Vertex 126 distance 20
0 93 521 195 380 638 326 209 71 126 
Vertex 127 distance 13
0 93 521 195 486 81 401 127 
Vertex 128 distance 21
0 93 521 195 380 463 128 
Vertex 129 distance 14
0 164 274 492 131 129 
Vertex 130 distance 12
0 164 274 130 
Vertex 131 distance 10
0 164 274 492 131 
Vertex 132 distance 12
0 93 521 132 
Vertex 133 distance 19
0 93 521 195 450 159 627 327 564 133 
Vertex 134 distance 11
0 93 521 195 450 134 
Vertex 135 distance 16
0 93 517 135 
Vertex 136 distance 21
0 455 477 628 242 264 140 136 
Vertex 137 distance 17
0 93 521 195 450 24 137 
Vertex 138 distance 13
0 93 521 195 450 24 535 77 435 138 
Vertex 139 distance 20
0 60 613 263 495 139 
Vertex 140 distance 20
0 455 477 628 242 264 140 
Vertex 141 distance 17
0 93 517 284 178 439 141 
Vertex 142 distance 14
0 93 517 602 289 533 142 
Vertex 143 distance 16
0 164 274 440 15 550 572 143 
Vertex 144 distance 15
0 455 144 
Vertex 145 distance 14
0 455 101 231 321 145 
Vertex 146 distance 15
0 93 521 195 486 2 46 146 
Vertex 147 distance 15
0 93 517 284 178 439 147 
Vertex 148 distance 8
0 164 148 
Vertex 149 distance 13
0 93 517 284 152 149 
Vertex 150 distance 9
0 93 521 195 380 53 150 
Vertex 151 distance 14
0 93 521 594 151 
Vertex 152 distance 10
0 93 517 284 152 
Vertex 153 distance 12
0 455 565 466 153 
Vertex 154 distance 17
0 60 83 619 582 154 
Vertex 155 distance 14
0 455 472 155 
Vertex 156 distance 15
0 93 521 195 380 638 112 505 395 156 
Vertex 157 distance 19
0 164 274 440 254 369 631 365 551 157 
Vertex 158 distance 15
0 164 279 409 54 498 158 
Vertex 159 distance 7
0 93 521 195 450 159 
Vertex 160 distance 10
0 60 613 160 
Vertex 161 distance 20
0 60 613 263 495 161 
Vertex 162 distance 20
0 164 274 440 254 288 162 
Vertex 163 distance 12
0 164 279 409 54 163 
Vertex 164 distance 3
0 164 
Vertex 165 distance 14
0 455 477 165 
Vertex 166 distance 17
0 164 223 241 172 341 166 
Vertex 167 distance 13
0 164 223 167 
Vertex 168 distance 15
0 93 521 195 380 53 168 
Vertex 169 distance 17
0 93 521 195 450 581 603 87 169 
Vertex 170 distance 13
0 93 517 602 381 170 
Vertex 171 distance 14
0 93 521 195 380 638 112 171 
Vertex 172 distance 12
0 164 223 241 172 
Vertex 173 distance 18
0 93 517 602 381 173 
Vertex 174 distance 15
0 93 521 195 450 24 535 606 174 
Vertex 175 distance 11
0 93 517 175 
Vertex 176 distance 16
0 93 521 195 450 24 535 606 468 176 
Vertex 177 distance 14
0 164 274 235 39 177 
Vertex 178 distance 10
0 93 517 284 178 
Vertex 179 distance 17
0 455 101 231 321 480 179 
Vertex 180 distance 17
0 93 521 195 450 24 535 180 
Vertex 181 distance 14
0 93 517 284 178 399 181 
Vertex 182 distance 20
0 164 274 235 510 66 182 
Vertex 183 distance 11
0 93 517 183 
Vertex 184 distance 14
0 93 517 284 178 439 184 
Vertex 185 distance 14
0 164 279 409 185 
Vertex 186 distance 15
0 60 613 263 495 275 186 
Vertex 187 distance 18
0 93 521 195 450 159 627 327 187 
Vertex 188 distance 9
0 164 274 188 
Vertex 189 distance 15
0 93 521 195 450 189 
Vertex 190 distance 16
0 164 279 409 54 163 190 
Vertex 191 distance 18
0 164 191 
Vertex 192 distance 18
0 455 472 192 
Vertex 193 distance 15
0 455 477 628 61 193 
Vertex 194 distance 15
0 93 521 195 380 638 326 499 194 
Vertex 195 distance 5
0 93 521 195 
Vertex 196 distance 18
0 93 517 284 178 399 181 587 196 
Vertex 197 distance 15
0 93 521 195 450 24 501 281 197 
Vertex 198 distance 14
0 93 521 195 450 24 535 77 198 
Vertex 199 distance 12
0 93 521 195 380 53 215 199 
Vertex 200 distance 9
0 164 274 200 
Vertex 201 distance 19
0 60 557 201 
Vertex 202 distance 16
0 60 613 160 585 553 202 
Vertex 203 distance 16
0 455 565 227 354 203 
Vertex 204 distance 16
0 93 517 602 17 204 
Vertex 205 distance 17
0 164 274 235 39 205 
Vertex 206 distance 17
0 60 83 206 
Vertex 207 distance 16
0 93 521 195 380 53 150 12 467 207 
Vertex 208 distance 16
0 93 521 195 380 53 150 555 554 208 
Vertex 209 distance 12
0 93 521 195 380 638 326 209 
Vertex 210 distance 16
0 164 279 409 54 163 210 
Vertex 211 distance 12
0 164 274 36 211 
Vertex 212 distance 10
0 93 521 195 380 638 112 212 
Vertex 213 distance 12
0 93 521 195 486 2 213 
Vertex 214 distance 15
0 164 274 188 534 214 
Vertex 215 distance 9
0 93 521 195 380 53 215 
Vertex 216 distance 17
0 93 521 195 380 638 326 209 71 216 
Vertex 217 distance 15
0 164 223 241 217 
Vertex 218 distance 15
0 455 101 511 267 218 
Vertex 219 distance 18
0 93 517 602 289 533 142 219 
Vertex 220 distance 18
0 164 274 611 73 220 
Vertex 221 distance 20
0 164 221 
Vertex 222 distance 16
0 455 477 628 61 222 
Vertex 223 distance 8
0 164 223 
Vertex 224 distance 17
0 164 274 440 15 224 
Vertex 225 distance 9
0 164 148 225 
Vertex 226 distance 20
0 226 
Vertex 227 distance 14
0 455 565 227 
Vertex 228 distance 19
0 93 521 195 486 2 228 
Vertex 229 distance 12
0 455 101 231 229 
Vertex 230 distance 10
0 93 521 195 380 638 112 230 
Vertex 231 distance 9
0 455 101 231 
Vertex 232 distance 16
0 93 517 602 381 95 343 567 232 
Vertex 233 distance 10
0 93 517 602 381 233 
Vertex 234 distance 12
0 455 234 
Vertex 235 distance 7
0 164 274 235 
Vertex 236 distance 16
0 60 444 236 
Vertex 237 distance 13
0 164 274 492 131 482 237 
Vertex 238 distance 22
0 164 274 492 131 482 237 330 99 238 
Vertex 239 distance 19
0 93 521 195 450 581 6 239 
Vertex 240 distance 16
0 93 521 195 450 581 361 240 
Vertex 241 distance 11
0 164 223 241 
Vertex 242 distance 12
0 455 477 628 242 
Vertex 243 distance 12
0 93 521 195 450 243 
Vertex 244 distance 19
0 164 274 440 15 244 
Vertex 245 distance 13
0 164 274 440 15 550 245 
Vertex 246 distance 17
0 93 521 195 450 246 
Vertex 247 distance 16
0 455 472 155 114 247 
Vertex 248 distance 20
0 93 521 195 450 581 603 379 248 
Vertex 249 distance 13
0 164 274 440 325 249 
Vertex 250 distance 16
0 164 274 492 131 482 250 
Vertex 251 distance 16
0 93 517 284 152 251 
Vertex 252 distance 17
0 455 565 227 354 203 252 
Vertex 253 distance 14
0 164 279 253 
Vertex 254 distance 12
0 164 274 440 254 
Vertex 255 distance 21
0 60 613 255 
Vertex 256 distance 17
0 164 274 36 608 256 
Vertex 257 distance 10
0 164 148 225 257 
Vertex 258 distance 23
0 164 148 258 
Vertex 259 distance 15
0 93 521 195 450 24 259 
Vertex 260 distance 16
0 455 580 383 423 260 
Vertex 261 distance 19
0 455 477 628 242 261 
Vertex 262 distance 10
0 164 274 262 
Vertex 263 distance 11
0 60 613 263 
Vertex 264 distance 17
0 455 477 628 242 264 
Vertex 265 distance 18
0 93 521 195 380 638 317 48 265 
Vertex 266 distance 17
0 455 101 511 267 266 
Vertex 267 distance 11
0 455 101 511 267 
Vertex 268 distance 14
0 93 521 195 380 638 326 118 342 268 
Vertex 269 distance 16
0 164 274 440 325 70 432 269 
Vertex 270 distance 21
0 93 521 195 450 159 627 327 564 270 
Vertex 271 distance 17
0 93 521 195 380 638 112 505 395 10 271 
Vertex 272 distance 19
0 93 521 195 450 159 335 460 272 
Vertex 273 distance 23
0 93 517 183 273 
Vertex 274 distance 5
0 164 274 
Vertex 275 distance 14
0 60 613 263 495 275 
Vertex 276 distance 18
0 93 517 284 178 439 184 43 276 
Vertex 277 distance 17
0 93 521 195 380 638 112 505 395 156 277 
Vertex 278 distance 25
0 93 517 514 331 278 
Vertex 279 distance 6
0 164 279 
Vertex 280 distance 17
0 164 148 225 402 280 
Vertex 281 distance 13
0 93 521 195 450 24 501 281 
Vertex 282 distance 19
0 93 521 195 450 85 366 493 27 506 282 
Vertex 283 distance 12
0 164 274 235 510 283 
Vertex 284 distance 8
0 93 517 284 
Vertex 285 distance 14
0 93 517 602 289 285 
Vertex 286 distance 17
0 93 521 195 380 638 112 212 68 286 
Vertex 287 distance 22
0 93 517 602 381 95 343 567 232 287 
Vertex 288 distance 14
0 164 274 440 254 288 
Vertex 289 distance 11
0 93 517 602 289 
Vertex 290 distance 11
0 93 521 195 486 81 290 
Vertex 291 distance 21
0 455 291 
Vertex 292 distance 13
0 93 517 602 381 292 
Vertex 293 distance 17
0 164 274 492 131 33 293 
Vertex 294 distance 16
0 93 517 602 381 294 
Vertex 295 distance 13
0 93 521 195 450 159 335 295 
Vertex 296 distance 15
0 93 517 296 
Vertex 297 distance 17
0 93 521 195 380 638 326 499 297 
Vertex 298 distance 15
0 93 521 594 298 
Vertex 299 distance 18
0 164 274 492 131 482 250 299 
Vertex 300 distance 18
0 164 279 409 54 163 300 
Vertex 301 distance 14
0 164 274 492 131 33 301 
Vertex 302 distance 16
0 164 274 492 131 33 537 601 302 
Vertex 303 distance 15
0 455 477 441 303 
Vertex 304 distance 19
0 93 521 195 486 2 213 591 304 
Vertex 305 distance 16
0 93 517 602 305 
Vertex 306 distance 18
0 93 521 195 486 2 46 306 
Vertex 307 distance 24
0 93 517 284 152 251 451 307 
Vertex 308 distance 14
0 93 521 195 486 2 213 308 
Vertex 309 distance 19
0 93 521 195 450 24 501 428 368 309 
Vertex 310 distance 23
0 60 83 619 582 154 310 
Vertex 311 distance 18
0 164 274 440 254 311 
Vertex 312 distance 18
0 93 521 195 380 53 312 
Vertex 313 distance 18
0 164 274 440 325 70 432 269 313 
Vertex 314 distance 16
0 164 274 492 131 482 314 
Vertex 315 distance 17
0 164 223 167 315 
Vertex 316 distance 16
0 455 565 466 316 
Vertex 317 distance 15
0 93 521 195 380 638 317 
Vertex 318 distance 15
0 60 613 263 495 275 318 
Vertex 319 distance 20
0 60 613 263 495 319 
Vertex 320 distance 17
0 93 521 195 380 638 326 118 342 268 320 
Vertex 321 distance 12
0 455 101 231 321 
Vertex 322 distance 11
0 164 279 322 
Vertex 323 distance 17
0 164 223 241 323 
Vertex 324 distance 19
0 60 613 263 414 324 
Vertex 325 distance 10
0 164 274 440 325 
Vertex 326 distance 9
0 93 521 195 380 638 326 
Vertex 327 distance 13
0 93 521 195 450 159 627 327 
Vertex 328 distance 19
0 93 521 195 380 53 215 447 98 328 
Vertex 329 distance 13
0 164 148 225 329 
Vertex 330 distance 14
0 164 274 492 131 482 237 330 
Vertex 331 distance 16
0 93 517 514 331 
Vertex 332 distance 12
0 455 477 332 
Vertex 333 distance 14
0 93 521 195 450 134 333 
Vertex 334 distance 17
0 455 565 412 487 334 
Vertex 335 distance 10
0 93 521 195 450 159 335 
Vertex 336 distance 15
0 455 472 597 336 
Vertex 337 distance 18
0 93 517 602 305 337 
Vertex 338 distance 14
0 164 274 130 338 
Vertex 339 distance 17
0 60 613 160 585 348 351 546 339 
Vertex 340 distance 16
0 93 521 195 486 523 340 
Vertex 341 distance 16
0 164 223 241 172 341 
Vertex 342 distance 12
0 93 521 195 380 638 326 118 342 
Vertex 343 distance 12
0 93 517 602 381 95 343 
Vertex 344 distance 19
0 93 517 602 381 95 343 16 344 
Vertex 345 distance 24
0 93 521 195 486 523 345 
Vertex 346 distance 11
0 93 521 195 486 34 346 
Vertex 347 distance 16
0 93 517 602 289 533 142 347 
Vertex 348 distance 12
0 60 613 160 585 348 
Vertex 349 distance 14
0 455 580 349 
Vertex 350 distance 11
0 455 565 350 
Vertex 351 distance 13
0 60 613 160 585 348 351 
Vertex 352 distance 15
0 93 521 195 380 53 150 12 59 352 
Vertex 353 distance 19
0 93 521 195 380 53 150 12 573 115 353 
Vertex 354 distance 15
0 455 565 227 354 
Vertex 355 distance 19
0 93 517 602 289 533 142 347 355 
Vertex 356 distance 18
0 93 521 195 486 81 356 
Vertex 357 distance 21
0 60 83 106 454 357 
Vertex 358 distance 16
0 455 477 358 
Vertex 359 distance 17
0 93 517 602 289 533 359 
Vertex 360 distance 17
0 164 148 544 360 
Vertex 361 distance 14
0 93 521 195 450 581 361 
Vertex 362 distance 17
0 164 274 440 15 550 362 
Vertex 363 distance 18
0 455 491 363 
Vertex 364 distance 15
0 93 521 195 380 638 326 118 342 364 
Vertex 365 distance 16
0 164 274 440 254 369 631 365 
Vertex 366 distance 12
0 93 521 195 450 85 366 
Vertex 367 distance 13
0 164 274 36 608 367 
Vertex 368 distance 18
0 93 521 195 450 24 501 428 368 
Vertex 369 distance 13
0 164 274 440 254 369 
Vertex 370 distance 14
0 164 223 370 
Vertex 371 distance 15
0 93 521 371 
Vertex 372 distance 16
0 93 521 195 450 406 372 
Vertex 373 distance 14
0 60 83 373 
Vertex 374 distance 12
0 455 101 374 
Vertex 375 distance 16
0 375 
Vertex 376 distance 25
0 93 521 195 486 523 340 376 
Vertex 377 distance 18
0 60 83 619 582 377 
Vertex 378 distance 17
0 164 274 36 211 378 
Vertex 379 distance 18
0 93 521 195 450 581 603 379 
Vertex 380 distance 6
0 93 521 195 380 
Vertex 381 distance 7
0 93 517 602 381 
Vertex 382 distance 19
0 93 470 382 
Vertex 383 distance 12
0 455 580 383 
Vertex 384 distance 13
0 164 274 200 384 
Vertex 385 distance 18
0 455 472 155 114 385 
Vertex 386 distance 16
0 455 477 441 519 386 
Vertex 387 distance 16
0 93 521 195 380 53 150 12 59 387 
Vertex 388 distance 15
0 93 521 195 450 24 535 77 435 479 388 
Vertex 389 distance 17
0 93 521 195 450 24 535 606 174 389 
Vertex 390 distance 16
0 455 101 231 55 390 
Vertex 391 distance 10
0 93 521 195 380 638 326 391 
Vertex 392 distance 14
0 164 279 409 54 163 392 
Vertex 393 distance 14
0 164 274 438 393 
Vertex 394 distance 16
0 455 477 628 394 
Vertex 395 distance 14
0 93 521 195 380 638 112 505 395 
Vertex 396 distance 11
0 93 521 195 450 406 396 
Vertex 397 distance 15
0 93 521 195 450 159 407 397 
Vertex 398 distance 16
0 164 279 409 54 163 392 398 
Vertex 399 distance 11
0 93 517 284 178 399 
Vertex 400 distance 17
0 164 223 241 217 400 
Vertex 401 distance 9
0 93 521 195 486 81 401 
Vertex 402 distance 13
0 164 148 225 402 
Vertex 403 distance 15
0 164 279 409 54 636 403 
Vertex 404 distance 17
0 164 223 241 404 
Vertex 405 distance 17
0 93 521 195 486 81 401 529 405 
Vertex 406 distance 9
0 93 521 195 450 406 
Vertex 407 distance 9
0 93 521 195 450 159 407 
Vertex 408 distance 15
0 455 477 628 408 
Vertex 409 distance 8
0 164 279 409 
Vertex 410 distance 22
0 60 613 160 585 348 351 410 
Vertex 411 distance 16
0 164 274 188 411 
Vertex 412 distance 10
0 455 565 412 
Vertex 413 distance 15
0 164 274 413 
Vertex 414 distance 14
0 60 613 263 414 
Vertex 415 distance 23
0 93 517 602 381 292 415 
Vertex 416 distance 15
0 93 521 195 486 34 416 
Vertex 417 distance 22
0 93 517 602 381 292 119 417 
Vertex 418 distance 19
0 93 517 284 178 399 418 
Vertex 419 distance 19
0 164 148 225 419 
Vertex 420 distance 13
0 164 279 409 54 636 420 
Vertex 421 distance 17
0 455 101 511 267 218 421 
Vertex 422 distance 22
0 93 521 195 450 24 535 77 540 105 422 
Vertex 423 distance 13
0 455 580 383 423 
Vertex 424 distance 19
0 164 223 241 323 424 
Vertex 425 distance 27
0 164 279 409 54 163 190 425 
Vertex 426 distance 15
0 93 517 284 426 
Vertex 427 distance 13
0 93 517 284 178 399 427 
Vertex 428 distance 16
0 93 521 195 450 24 501 428 
Vertex 429 distance 11
0 93 521 195 380 53 150 12 429 
Vertex 430 distance 14
0 164 223 167 430 
Vertex 431 distance 16
0 93 521 195 104 431 
Vertex 432 distance 15
0 164 274 440 325 70 432 
Vertex 433 distance 19
0 164 274 611 615 108 433 
Vertex 434 distance 16
0 60 613 263 624 508 434 
Vertex 435 distance 12
0 93 521 195 450 24 535 77 435 
Vertex 436 distance 17
0 164 274 36 608 367 436 
Vertex 437 distance 18
0 164 274 36 211 437 
Vertex 438 distance 6
0 164 274 438 
Vertex 439 distance 11
0 93 517 284 178 439 
Vertex 440 distance 7
0 164 274 440 
Vertex 441 distance 13
0 455 477 441 
Vertex 442 distance 17
0 93 521 195 450 24 535 77 442 
Vertex 443 distance 16
0 455 101 231 443 
Vertex 444 distance 14
0 60 444 
Vertex 445 distance 18
0 455 491 445 
Vertex 446 distance 11
0 93 521 195 486 34 446 
Vertex 447 distance 10
0 93 521 195 380 53 215 447 
Vertex 448 distance 22
0 93 517 602 17 204 448 
Vertex 449 distance 14
0 93 517 284 152 449 
Vertex 450 distance 6
0 93 521 195 450 
Vertex 451 distance 17
0 93 517 284 152 251 451 
Vertex 452 distance 18
0 164 148 225 257 452 
Vertex 453 distance 22
0 60 83 619 582 14 453 
Vertex 454 distance 16
0 60 83 106 454 
Vertex 455 distance 7
0 455 
Vertex 456 distance 19
0 164 274 440 15 550 362 456 
Vertex 457 distance 21
0 93 521 195 380 638 326 499 194 457 
Vertex 458 distance 14
0 93 521 195 380 53 458 
Vertex 459 distance 19
0 164 274 440 13 459 
Vertex 460 distance 13
0 93 521 195 450 159 335 460 
Vertex 461 distance 18
0 93 521 195 380 53 150 12 59 352 461 
Vertex 462 distance 16
0 60 613 263 495 275 186 462 
Vertex 463 distance 17
0 93 521 195 380 463 
Vertex 464 distance 18
0 93 521 195 450 24 535 77 435 138 464 
Vertex 465 distance 25
0 93 521 195 450 159 407 465 
Vertex 466 distance 10
0 455 565 466 
Vertex 467 distance 11
0 93 521 195 380 53 150 12 467 
Vertex 468 distance 14
0 93 521 195 450 24 535 606 468 
Vertex 469 distance 16
0 93 517 284 469 
Vertex 470 distance 13
0 93 470 
Vertex 471 distance 13
0 164 274 440 69 471 
Vertex 472 distance 12
0 455 472 
Vertex 473 distance 21
0 164 274 492 131 476 473 
Vertex 474 distance 17
0 164 274 440 15 550 572 474 
Vertex 475 distance 15
0 164 274 188 475 
Vertex 476 distance 17
0 164 274 492 131 476 
Vertex 477 distance 9
0 455 477 
Vertex 478 distance 15
0 164 274 36 211 478 
Vertex 479 distance 13
0 93 521 195 450 24 535 77 435 479 
Vertex 480 distance 16
0 455 101 231 321 480 
Vertex 481 distance 19
0 93 521 195 380 53 150 481 
Vertex 482 distance 12
0 164 274 492 131 482 
Vertex 483 distance 21
0 60 613 263 414 324 483 
Vertex 484 distance 15
0 93 521 195 380 53 215 447 484 
Vertex 485 distance 18
0 93 521 195 380 53 215 447 484 485 
Vertex 486 distance 7
0 93 521 195 486 
Vertex 487 distance 14
0 455 565 412 487 
Vertex 488 distance 22
0 164 279 409 54 488 
Vertex 489 distance 26
0 93 521 195 450 24 489 
Vertex 490 distance 19
0 93 521 195 450 24 535 77 435 479 388 490 
Vertex 491 distance 14
0 455 491 
Vertex 492 distance 9
0 164 274 492 
Vertex 493 distance 15
0 93 521 195 450 85 366 493 
Vertex 494 distance 17
0 93 521 195 450 24 535 606 468 494 
Vertex 495 distance 13
0 60 613 263 495 
Vertex 496 distance 22
0 455 565 496 
Vertex 497 distance 24
0 164 274 440 15 497 
Vertex 498 distance 14
0 164 279 409 54 498 
Vertex 499 distance 14
0 93 521 195 380 638 326 499 
Vertex 500 distance 17
0 60 83 619 500 
Vertex 501 distance 12
0 93 521 195 450 24 501 
Vertex 502 distance 19
0 164 274 36 556 58 502 
Vertex 503 distance 22
0 93 521 195 380 638 326 118 342 364 503 
Vertex 504 distance 20
0 93 521 195 450 24 137 504 
Vertex 505 distance 13
0 93 521 195 380 638 112 505 
Vertex 506 distance 18
0 93 521 195 450 85 366 493 27 506 
Vertex 507 distance 18
0 164 274 492 131 33 537 601 302 507 
Vertex 508 distance 14
0 60 613 263 624 508 
Vertex 509 distance 18
0 93 521 195 486 81 401 509 
Vertex 510 distance 8
0 164 274 235 510 
Vertex 511 distance 9
0 455 101 511 
Vertex 512 distance 23
0 455 565 227 354 203 252 530 512 
Vertex 513 distance 14
0 455 580 513 
Vertex 514 distance 10
0 93 517 514 
Vertex 515 distance 15
0 93 521 195 486 81 401 515 
Vertex 516 distance 17
0 93 517 183 516 
Vertex 517 distance 5
0 93 517 
Vertex 518 distance 15
0 93 521 195 450 24 518 
Vertex 519 distance 14
0 455 477 441 519 
Vertex 520 distance 15
0 93 521 195 486 2 579 520 
Vertex 521 distance 4
0 93 521 
Vertex 522 distance 16
0 455 101 231 55 522 
Vertex 523 distance 14
0 93 521 195 486 523 
Vertex 524 distance 20
0 93 521 195 450 581 361 240 524 
Vertex 525 distance 18
0 164 274 36 211 378 525 
Vertex 526 distance 15
0 164 274 235 510 283 526 
Vertex 527 distance 13
0 60 613 263 527 
Vertex 528 distance 14
0 164 274 611 615 528 
Vertex 529 distance 13
0 93 521 195 486 81 401 529 
Vertex 530 distance 20
0 455 565 227 354 203 252 530 
Vertex 531 distance 17
0 164 274 36 556 599 531 
Vertex 532 distance 16
0 455 580 532 
Vertex 533 distance 13
0 93 517 602 289 533 
Vertex 534 distance 14
0 164 274 188 534 
Vertex 535 distance 9
0 93 521 195 450 24 535 
Vertex 536 distance 18
0 455 101 231 55 390 536 
Vertex 537 distance 13
0 164 274 492 131 33 537 
Vertex 538 distance 16
0 60 83 538 
Vertex 539 distance 18
0 93 521 195 380 638 65 539 
Vertex 540 distance 12
0 93 521 195 450 24 535 77 540 
Vertex 541 distance 20
0 93 521 195 450 24 535 77 435 138 541 
Vertex 542 distance 20
0 60 613 263 527 542 
Vertex 543 distance 16
0 93 517 175 543 
Vertex 544 distance 12
0 164 148 544 
Vertex 545 distance 19
0 164 279 409 54 163 190 545 
Vertex 546 distance 14
0 60 613 160 585 348 351 546 
Vertex 547 distance 18
0 455 477 628 61 547 
Vertex 548 distance 19
0 93 517 602 381 292 548 
Vertex 549 distance 16
0 455 477 628 549 
Vertex 550 distance 12
0 164 274 440 15 550 
Vertex 551 distance 18
0 164 274 440 254 369 631 365 551 
Vertex 552 distance 21
0 93 517 284 178 439 184 552 
Vertex 553 distance 12
0 60 613 160 585 553 
Vertex 554 distance 13
0 93 521 195 380 53 150 555 554 
Vertex 555 distance 10
0 93 521 195 380 53 150 555 
Vertex 556 distance 8
0 164 274 36 556 
Vertex 557 distance 16
0 60 557 
Vertex 558 distance 19
0 93 521 594 28 558 
Vertex 559 distance 18
0 164 274 188 411 559 
Vertex 560 distance 17
0 455 477 628 61 193 560 
Vertex 561 distance 21
0 93 521 195 450 24 501 561 
Vertex 562 distance 15
0 164 274 130 562 
Vertex 563 distance 22
0 93 521 195 380 53 150 12 573 115 353 38 563 
Vertex 564 distance 16
0 93 521 195 450 159 627 327 564 
Vertex 565 distance 9
0 455 565 
Vertex 566 distance 17
0 93 517 602 574 123 566 
Vertex 567 distance 14
0 93 517 602 381 95 343 567 
Vertex 568 distance 17
0 93 521 195 486 34 446 568 
Vertex 569 distance 19
0 164 569 
Vertex 570 distance 21
0 93 521 195 380 638 112 505 395 156 277 570 
Vertex 571 distance 14
0 164 274 492 131 482 571 
Vertex 572 distance 15
0 164 274 440 15 550 572 
Vertex 573 distance 15
0 93 521 195 380 53 150 12 573 
Vertex 574 distance 7
0 93 517 602 574 
Vertex 575 distance 16
0 93 521 195 380 638 326 575 
Vertex 576 distance 17
0 93 521 195 450 24 535 606 468 576 
Vertex 577 distance 16
0 93 521 195 380 638 610 577 
Vertex 578 distance 21
0 164 274 440 254 369 584 578 
Vertex 579 distance 12
0 93 521 195 486 2 579 
Vertex 580 distance 11
0 455 580 
Vertex 581 distance 11
0 93 521 195 450 581 
Vertex 582 distance 10
0 60 83 619 582 
Vertex 583 distance 16
0 164 274 440 254 369 631 583 
Vertex 584 distance 18
0 164 274 440 254 369 584 
Vertex 585 distance 11
0 60 613 160 585 
Vertex 586 distance 15
0 455 101 511 267 586 
Vertex 587 distance 16
0 93 517 284 178 399 181 587 
Vertex 588 distance 22
0 93 521 195 450 24 259 588 
Vertex 589 distance 14
0 164 274 235 510 66 589 
Vertex 590 distance 12
0 93 517 602 381 95 590 
Vertex 591 distance 13
0 93 521 195 486 2 213 591 
Vertex 592 distance 15
0 455 477 628 61 592 
Vertex 593 distance 14
0 93 517 284 178 593 
Vertex 594 distance 13
0 93 521 594 
Vertex 595 distance 18
0 164 274 492 131 482 314 595 
Vertex 596 distance 14
0 93 521 195 486 2 213 591 596 
Vertex 597 distance 14
0 455 472 597 
Vertex 598 distance 17
0 164 223 167 598 
Vertex 599 distance 13
0 164 274 36 556 599 
Vertex 600 distance 20
0 164 223 241 600 
Vertex 601 distance 14
0 164 274 492 131 33 537 601 
Vertex 602 distance 6
0 93 517 602 
Vertex 603 distance 14
0 93 521 195 450 581 603 
Vertex 604 distance 21
0 93 517 602 381 233 604 
Vertex 605 distance 15
0 93 521 195 450 406 396 605 
Vertex 606 distance 13
0 93 521 195 450 24 535 606 
Vertex 607 distance 17
0 60 613 263 495 607 
Vertex 608 distance 12
0 164 274 36 608 
Vertex 609 distance 11
0 164 279 609 
Vertex 610 distance 14
0 93 521 195 380 638 610 
Vertex 611 distance 7
0 164 274 611 
Vertex 612 distance 18
0 93 521 195 486 81 1 612 
Vertex 613 distance 9
0 60 613 
Vertex 614 distance 17
0 93 521 195 486 2 47 614 
Vertex 615 distance 10
0 164 274 611 615 
Vertex 616 distance 19
0 93 521 132 616 
Vertex 617 distance 14
0 93 521 195 380 53 215 447 617 
Vertex 618 distance 16
0 164 274 440 254 25 618 
Vertex 619 distance 9
0 60 83 619 
Vertex 620 distance 17
0 164 279 409 620 
Vertex 621 distance 18
0 164 274 492 131 621 
Vertex 622 distance 19
0 93 521 195 450 406 396 622 
Vertex 623 distance 17
0 93 521 195 486 2 213 591 623 
Vertex 624 distance 12
0 60 613 263 624 
Vertex 625 distance 16
0 93 521 195 450 85 366 625 
Vertex 626 distance 15
0 164 274 492 131 33 537 601 626 
Vertex 627 distance 11
0 93 521 195 450 159 627 
Vertex 628 distance 11
0 455 477 628 
Vertex 629 distance 16
0 93 521 195 380 638 112 629 
Vertex 630 distance 17
0 164 274 492 131 33 537 630 
Vertex 631 distance 14
0 164 274 440 254 369 631 
Vertex 632 distance 20
0 455 565 632 
Vertex 633 distance 20
0 164 274 492 131 633 
Vertex 634 distance 22
0 164 274 492 131 33 634 
Vertex 635 distance 17
0 455 101 511 267 635 
Vertex 636 distance 12
0 164 279 409 54 636 
Vertex 637 distance 18
0 93 521 195 450 581 637 
Vertex 638 distance 7
0 93 521 195 380 638 
Vertex 639 distance 15
0 164 274 200 639 
