Vertex 0 distance 0
0 0 
Vertex 1 distance 19
0 221 203 349 602 160 52 235 564 132 1 
Vertex 2 distance 10
0 221 203 627 326 282 2 
Vertex 3 distance 9
0 221 203 440 3 
Vertex 4 distance 8
0 221 203 349 602 401 4 
Vertex 5 distance 12
0 221 522 241 290 35 441 5 
Vertex 6 distance 14
0 221 203 317 61 58 93 6 
Vertex 7 distance 3
0 221 7 
Vertex 8 distance 14
0 221 203 362 521 492 8 
Vertex 9 distance 11
0 221 203 627 461 90 9 
Vertex 10 distance 16
0 221 203 362 521 566 621 129 10 
Vertex 11 distance 13
0 221 203 317 579 107 11 
Vertex 12 distance 14
0 221 522 629 400 215 437 12 
Vertex 13 distance 12
0 221 203 317 61 313 13 
Vertex 14 distance 12
0 221 7 172 495 14 
Vertex 15 distance 11
0 288 15 
Vertex 16 distance 15
0 221 522 629 400 123 552 16 
Vertex 17 distance 16
0 221 7 49 170 562 17 
Vertex 18 distance 15
0 221 7 49 248 338 18 
Vertex 19 distance 12
0 221 203 349 602 160 52 442 378 19 
Vertex 20 distance 8
0 221 203 627 303 20 
Vertex 21 distance 11
0 158 21 
Vertex 22 distance 12
0 221 203 362 521 124 22 
Vertex 23 distance 10
0 221 7 49 248 338 532 23 
Vertex 24 distance 8
0 221 203 627 326 24 
Vertex 25 distance 11
0 464 358 25 
Vertex 26 distance 12
0 221 522 322 423 26 
Vertex 27 distance 13
0 221 203 627 303 20 620 27 
Vertex 28 distance 20
0 221 522 322 264 386 590 181 28 
Vertex 29 distance 12
0 221 522 241 66 389 29 
Vertex 30 distance 13
0 158 30 
Vertex 31 distance 10
0 221 203 402 393 619 31 
Vertex 32 distance 16
0 221 203 349 602 230 243 528 422 105 79 32 
Vertex 33 distance 13
0 221 203 362 543 33 
Vertex 34 distance 15
0 221 203 627 461 526 609 34 
Vertex 35 distance 8
0 221 522 241 290 35 
Vertex 36 distance 10
0 221 203 317 61 58 306 36 
Vertex 37 distance 11
0 221 203 402 393 619 31 37 
Vertex 38 distance 11
0 221 203 349 602 160 320 38 
Vertex 39 distance 10
0 221 203 362 521 404 39 
Vertex 40 distance 13
0 221 203 627 57 201 617 40 
Vertex 41 distance 10
0 221 203 627 57 41 
Vertex 42 distance 13
0 221 7 49 170 42 
Vertex 43 distance 11
0 221 522 322 423 43 
Vertex 44 distance 19
0 221 203 317 61 307 269 44 
Vertex 45 distance 10
0 221 203 627 326 45 
Vertex 46 distance 11
0 221 203 627 326 24 149 46 
Vertex 47 distance 10
0 288 47 
Vertex 48 distance 16
0 221 7 49 248 338 532 23 48 
Vertex 49 distance 4
0 221 7 49 
Vertex 50 distance 10
0 221 203 349 602 75 268 50 
Vertex 51 distance 12
0 221 203 627 303 481 51 
Vertex 52 distance 8
0 221 203 349 602 160 52 
Vertex 53 distance 15
0 221 203 362 521 517 53 
Vertex 54 distance 16
0 221 7 49 216 427 78 54 
Vertex 55 distance 15
0 221 203 349 602 75 62 55 
Vertex 56 distance 14
0 221 203 349 56 
Vertex 57 distance 8
0 221 203 627 57 
Vertex 58 distance 7
0 221 203 317 61 58 
Vertex 59 distance 10
0 221 7 294 59 
Vertex 60 distance 12
0 221 203 349 602 75 268 60 
Vertex 61 distance 6
0 221 203 317 61 
Vertex 62 distance 10
0 221 203 349 602 75 62 
Vertex 63 distance 11
0 221 537 63 
Vertex 64 distance 12
0 221 203 317 61 58 93 64 
Vertex 65 distance 12
0 221 203 317 631 65 
Vertex 66 distance 8
0 221 522 241 66 
Vertex 67 distance 15
0 221 203 349 602 401 323 67 
Vertex 68 distance 11
0 221 7 49 248 314 68 
Vertex 69 distance 23
0 221 7 49 248 338 18 69 
Vertex 70 distance 11
0 221 203 440 604 70 
Vertex 71 distance 17
0 221 522 322 423 43 447 71 
Vertex 72 distance 11
0 328 289 72 
Vertex 73 distance 11
0 221 203 440 604 73 
Vertex 74 distance 12
0 221 7 49 170 74 
Vertex 75 distance 7
0 221 203 349 602 75 
Vertex 76 distance 13
0 221 203 627 461 90 9 76 
Vertex 77 distance 14
0 221 203 349 602 401 77 
Vertex 78 distance 10
0 221 7 49 216 427 78 
Vertex 79 distance 13
0 221 203 349 602 230 243 528 422 105 79 
Vertex 80 distance 11
0 221 203 349 602 401 439 125 80 
Vertex 81 distance 11
0 221 203 362 521 81 
Vertex 82 distance 15
0 221 522 629 400 123 603 82 
Vertex 83 distance 18
0 221 436 246 83 
Vertex 84 distance 11
0 221 7 172 84 
Vertex 85 distance 10
0 221 522 322 264 386 85 
Vertex 86 distance 10
0 221 203 349 602 160 308 86 
Vertex 87 distance 12
0 221 522 629 400 336 87 
Vertex 88 distance 13
0 221 203 317 450 430 88 
Vertex 89 distance 8
0 221 203 627 326 89 
Vertex 90 distance 10
0 221 203 627 461 90 
Vertex 91 distance 11
0 221 203 349 602 160 52 235 91 
Vertex 92 distance 11
0 221 203 627 303 92 
Vertex 93 distance 8
0 221 203 317 61 58 93 
Vertex 94 distance 11
0 221 7 49 170 287 94 
Vertex 95 distance 11
0 221 522 322 264 386 590 95 
Vertex 96 distance 13
0 221 522 629 341 96 
Vertex 97 distance 9
0 221 522 241 97 
Vertex 98 distance 9
0 221 522 98 
Vertex 99 distance 12
0 221 522 629 400 336 156 99 
Vertex 100 distance 13
0 221 7 49 248 314 347 100 
Vertex 101 distance 14
0 221 203 627 57 101 
Vertex 102 distance 8
0 221 203 627 187 102 
Vertex 103 distance 15
0 221 203 440 304 177 103 
Vertex 104 distance 15
0 464 358 161 567 104 
Vertex 105 distance 12
0 221 203 349 602 230 243 528 422 105 
Vertex 106 distance 12
0 221 203 349 602 160 308 568 106 
Vertex 107 distance 11
0 221 203 317 579 107 
Vertex 108 distance 11
0 221 522 322 264 386 590 108 
Vertex 109 distance 13
0 221 203 349 602 160 308 86 557 109 
Vertex 110 distance 13
0 221 522 322 264 386 85 110 
Vertex 111 distance 13
0 221 203 362 521 566 621 129 111 
Vertex 112 distance 10
0 221 7 49 170 388 112 
Vertex 113 distance 13
0 221 203 362 155 113 
Vertex 114 distance 12
0 369 613 114 
Vertex 115 distance 13
0 221 7 49 248 314 115 
Vertex 116 distance 9
0 221 522 629 116 
Vertex 117 distance 12
0 221 203 349 602 75 268 50 117 
Vertex 118 distance 12
0 221 203 362 521 81 118 
Vertex 119 distance 15
0 221 7 49 248 474 345 272 448 119 
Vertex 120 distance 13
0 288 545 516 120 
Vertex 121 distance 14
0 221 203 627 326 45 394 121 
Vertex 122 distance 10
0 221 203 362 122 
Vertex 123 distance 9
0 221 522 629 400 123 
Vertex 124 distance 8
0 221 203 362 521 124 
Vertex 125 distance 10
0 221 203 349 602 401 439 125 
Vertex 126 distance 10
0 221 203 362 521 492 126 
Vertex 127 distance 11
0 221 203 317 61 313 127 
Vertex 128 distance 11
0 221 522 629 400 336 156 128 
Vertex 129 distance 12
0 221 203 362 521 566 621 129 
Vertex 130 distance 10
0 221 203 362 521 566 130 
Vertex 131 distance 10
0 221 203 402 554 131 
Vertex 132 distance 13
0 221 203 349 602 160 52 235 564 132 
Vertex 133 distance 12
0 221 522 629 400 215 133 
Vertex 134 distance 14
0 221 203 362 521 566 621 134 
Vertex 135 distance 10
0 369 613 135 
Vertex 136 distance 15
0 221 203 136 
Vertex 137 distance 11
0 221 203 349 137 
Vertex 138 distance 11
0 221 7 574 138 
Vertex 139 distance 12
0 221 203 317 631 139 
Vertex 140 distance 12
0 221 203 349 602 160 52 235 91 140 
Vertex 141 distance 12
0 221 203 627 187 102 560 395 141 
Vertex 142 distance 9
0 221 7 468 142 
Vertex 143 distance 14
0 221 203 627 461 90 9 376 143 
Vertex 144 distance 9
0 221 522 241 290 600 144 
Vertex 145 distance 10
0 221 522 629 400 145 
Vertex 146 distance 10
0 221 203 362 521 124 387 146 
Vertex 147 distance 11
0 221 203 349 602 160 633 147 
Vertex 148 distance 13
0 328 478 148 
Vertex 149 distance 9
0 221 203 627 326 24 149 
Vertex 150 distance 10
0 221 203 317 61 58 306 150 
Vertex 151 distance 12
0 221 203 362 521 124 387 151 
Vertex 152 distance 13
0 221 203 627 57 201 573 152 
Vertex 153 distance 11
0 221 203 349 602 401 323 153 
Vertex 154 distance 9
0 221 7 49 530 154 
Vertex 155 distance 8
0 221 203 362 155 
Vertex 156 distance 10
0 221 522 629 400 336 156 
Vertex 157 distance 9
0 221 203 317 61 313 157 
Vertex 158 distance 10
0 158 
Vertex 159 distance 15
0 221 203 317 579 159 
Vertex 160 distance 7
0 221 203 349 602 160 
Vertex 161 distance 10
0 464 358 161 
Vertex 162 distance 16
0 221 203 349 602 160 162 
Vertex 163 distance 14
0 221 522 322 264 386 590 108 163 
Vertex 164 distance 12
0 221 537 164 
Vertex 165 distance 14
0 221 522 629 400 194 165 
Vertex 166 distance 11
0 221 7 468 166 
Vertex 167 distance 13
0 221 203 349 602 75 167 
Vertex 168 distance 8
0 221 7 49 168 
Vertex 169 distance 11
0 221 203 349 602 160 320 169 
Vertex 170 distance 6
0 221 7 49 170 
Vertex 171 distance 15
0 221 203 349 602 230 243 528 422 105 174 171 
Vertex 172 distance 7
0 221 7 172 
Vertex 173 distance 13
0 221 7 49 248 314 347 173 
Vertex 174 distance 13
0 221 203 349 602 230 243 528 422 105 174 
Vertex 175 distance 11
0 221 203 317 61 58 306 418 175 
Vertex 176 distance 13
0 221 203 317 61 58 93 618 176 
Vertex 177 distance 11
0 221 203 440 304 177 
Vertex 178 distance 10
0 221 7 49 248 338 178 
Vertex 179 distance 10
0 221 522 322 179 
Vertex 180 distance 13
0 221 7 49 170 287 180 
Vertex 181 distance 15
0 221 522 322 264 386 590 181 
Vertex 182 distance 13
0 221 203 317 61 58 182 
Vertex 183 distance 12
0 221 522 629 400 145 183 
Vertex 184 distance 16
0 221 522 241 290 600 144 184 
Vertex 185 distance 12
0 221 7 172 84 185 
Vertex 186 distance 15
0 221 203 349 186 
Vertex 187 distance 6
0 221 203 627 187 
Vertex 188 distance 13
0 221 203 349 602 75 268 188 
Vertex 189 distance 10
0 221 7 172 189 
Vertex 190 distance 9
0 221 203 627 326 24 190 
Vertex 191 distance 11
0 221 203 627 461 90 191 
Vertex 192 distance 15
0 221 522 322 264 386 85 192 
Vertex 193 distance 14
0 221 522 629 400 215 578 193 
Vertex 194 distance 11
0 221 522 629 400 194 
Vertex 195 distance 17
0 221 203 402 476 354 551 195 
Vertex 196 distance 10
0 221 522 629 586 196 
Vertex 197 distance 14
0 328 319 424 197 
Vertex 198 distance 18
0 221 203 349 602 160 633 351 431 198 
Vertex 199 distance 11
0 221 203 402 554 131 199 
Vertex 200 distance 11
0 221 7 49 248 338 178 200 
Vertex 201 distance 10
0 221 203 627 57 201 
Vertex 202 distance 13
0 221 7 406 375 202 
Vertex 203 distance 3
0 221 203 
Vertex 204 distance 12
0 221 522 629 116 204 
Vertex 205 distance 10
0 221 203 349 602 75 268 302 205 
Vertex 206 distance 11
0 221 203 362 521 517 434 206 
Vertex 207 distance 14
0 221 207 
Vertex 208 distance 11
0 221 7 468 208 
Vertex 209 distance 14
0 221 203 349 602 160 52 442 209 
Vertex 210 distance 12
0 221 203 317 501 210 
Vertex 211 distance 15
0 221 522 322 423 43 447 211 
Vertex 212 distance 10
0 221 203 317 450 212 
Vertex 213 distance 13
0 221 203 317 214 408 213 
Vertex 214 distance 6
0 221 203 317 214 
Vertex 215 distance 11
0 221 522 629 400 215 
Vertex 216 distance 7
0 221 7 49 216 
Vertex 217 distance 9
0 221 522 322 217 
Vertex 218 distance 15
0 221 522 629 400 336 156 99 218 
Vertex 219 distance 16
0 221 203 627 187 102 560 219 
Vertex 220 distance 11
0 221 203 362 521 517 220 
Vertex 221 distance 2
0 221 
Vertex 222 distance 16
0 221 7 49 248 314 610 518 222 
Vertex 223 distance 10
0 221 203 317 631 223 
Vertex 224 distance 9
0 221 203 349 602 160 308 224 
Vertex 225 distance 12
0 221 203 317 631 225 
Vertex 226 distance 13
0 221 203 627 187 102 560 395 226 
Vertex 227 distance 10
0 221 7 49 216 227 
Vertex 228 distance 12
0 221 203 627 326 282 2 284 228 
Vertex 229 distance 12
0 221 436 229 
Vertex 230 distance 7
0 221 203 349 602 230 
Vertex 231 distance 12
0 221 203 317 61 58 93 231 
Vertex 232 distance 14
0 221 203 627 326 24 149 46 232 
Vertex 233 distance 14
0 221 522 241 290 35 233 
Vertex 234 distance 13
0 221 7 49 170 388 580 234 
Vertex 235 distance 9
0 221 203 349 602 160 52 235 
Vertex 236 distance 10
0 221 522 241 290 35 236 
Vertex 237 distance 12
0 221 203 402 476 237 
Vertex 238 distance 12
0 221 203 362 521 517 434 238 
Vertex 239 distance 13
0 239 
Vertex 240 distance 14
0 221 203 362 521 81 118 363 240 
Vertex 241 distance 5
0 221 522 241 
Vertex 242 distance 13
0 221 203 349 137 242 
Vertex 243 distance 8
0 221 203 349 602 230 243 
Vertex 244 distance 13
0 221 203 317 61 313 127 244 
Vertex 245 distance 16
0 221 522 629 400 215 133 245 
Vertex 246 distance 10
0 221 436 246 
Vertex 247 distance 11
0 221 7 49 248 314 382 247 
Vertex 248 distance 5
0 221 7 49 248 
Vertex 249 distance 9
0 221 203 362 521 249 
Vertex 250 distance 15
0 221 7 406 265 250 
Vertex 251 distance 10
0 221 203 349 251 
Vertex 252 distance 10
0 221 203 349 602 160 52 235 252 
Vertex 253 distance 11
0 221 203 349 602 401 439 253 
Vertex 254 distance 12
0 221 7 49 248 338 178 200 254 
Vertex 255 distance 14
0 221 203 349 602 75 268 302 255 
Vertex 256 distance 11
0 221 7 294 256 
Vertex 257 distance 9
0 221 522 629 586 257 
Vertex 258 distance 13
0 221 522 629 318 258 
Vertex 259 distance 13
0 221 203 440 3 435 259 
Vertex 260 distance 14
0 221 203 362 521 566 309 260 
Vertex 261 distance 13
0 221 203 627 187 383 261 
Vertex 262 distance 12
0 221 7 49 170 262 
Vertex 263 distance 13
0 221 7 49 170 388 580 569 263 
Vertex 264 distance 7
0 221 522 322 264 
Vertex 265 distance 12
0 221 7 406 265 
Vertex 266 distance 11
0 221 203 349 602 401 439 125 266 
Vertex 267 distance 13
0 221 203 440 3 435 267 
Vertex 268 distance 8
0 221 203 349 602 75 268 
Vertex 269 distance 10
0 221 203 317 61 307 269 
Vertex 270 distance 12
0 221 203 402 393 270 
Vertex 271 distance 14
0 221 7 574 138 271 
Vertex 272 distance 12
0 221 7 49 248 474 345 272 
Vertex 273 distance 14
0 221 7 49 170 562 273 
Vertex 274 distance 10
0 221 203 362 521 517 434 274 
Vertex 275 distance 14
0 221 522 629 400 215 578 275 
Vertex 276 distance 10
0 589 276 
Vertex 277 distance 12
0 221 7 406 375 277 
Vertex 278 distance 11
0 221 7 49 170 278 
Vertex 279 distance 11
0 221 203 349 433 279 
Vertex 280 distance 14
0 221 522 629 400 123 552 280 
Vertex 281 distance 13
0 221 203 627 57 201 573 581 281 
Vertex 282 distance 9
0 221 203 627 326 282 
Vertex 283 distance 12
0 328 319 571 283 
Vertex 284 distance 11
0 221 203 627 326 282 2 284 
Vertex 285 distance 16
0 221 522 629 586 507 470 285 
Vertex 286 distance 12
0 221 203 627 187 102 560 286 
Vertex 287 distance 7
0 221 7 49 170 287 
Vertex 288 distance 4
0 288 
Vertex 289 distance 8
0 328 289 
Vertex 290 distance 7
0 221 522 241 290 
Vertex 291 distance 12
0 369 291 
Vertex 292 distance 15
0 221 203 349 602 75 311 534 292 
Vertex 293 distance 14
0 221 203 627 303 445 462 523 293 
Vertex 294 distance 8
0 221 7 294 
Vertex 295 distance 10
0 221 203 317 630 295 
Vertex 296 distance 13
0 221 7 49 530 432 297 296 
Vertex 297 distance 12
0 221 7 49 530 432 297 
Vertex 298 distance 13
0 221 203 362 521 517 220 298 
Vertex 299 distance 13
0 221 522 322 423 299 
Vertex 300 distance 12
0 589 276 300 
Vertex 301 distance 11
0 221 7 49 216 227 301 
Vertex 302 distance 9
0 221 203 349 602 75 268 302 
Vertex 303 distance 6
0 221 203 627 303 
Vertex 304 distance 9
0 221 203 440 304 
Vertex 305 distance 13
0 221 203 627 187 102 560 286 305 
Vertex 306 distance 9
0 221 203 317 61 58 306 
Vertex 307 distance 8
0 221 203 317 61 307 
Vertex 308 distance 8
0 221 203 349 602 160 308 
Vertex 309 distance 13
0 221 203 362 521 566 309 
Vertex 310 distance 10
0 221 522 98 310 
Vertex 311 distance 11
0 221 203 349 602 75 311 
Vertex 312 distance 14
0 221 537 164 312 
Vertex 313 distance 7
0 221 203 317 61 313 
Vertex 314 distance 8
0 221 7 49 248 314 
Vertex 315 distance 12
0 221 203 402 554 131 315 
Vertex 316 distance 14
0 221 203 402 393 270 316 
Vertex 317 distance 5
0 221 203 317 
Vertex 318 distance 8
0 221 522 629 318 
Vertex 319 distance 8
0 328 319 
Vertex 320 distance 9
0 221 203 349 602 160 320 
Vertex 321 distance 11
0 221 203 349 602 75 268 302 205 321 
Vertex 322 distance 6
0 221 522 322 
Vertex 323 distance 10
0 221 203 349 602 401 323 
Vertex 324 distance 11
0 221 7 49 168 324 
Vertex 325 distance 11
0 464 358 325 
Vertex 326 distance 7
0 221 203 627 326 
Vertex 327 distance 11
0 221 203 349 602 160 52 442 327 
Vertex 328 distance 4
0 328 
Vertex 329 distance 12
0 328 329 
Vertex 330 distance 12
0 221 203 627 57 544 330 
Vertex 331 distance 12
0 221 522 322 264 386 590 331 
Vertex 332 distance 13
0 221 203 317 529 332 
Vertex 333 distance 13
0 328 319 571 283 333 
Vertex 334 distance 13
0 221 7 172 379 334 
Vertex 335 distance 11
0 221 203 362 521 249 335 
Vertex 336 distance 9
0 221 522 629 400 336 
Vertex 337 distance 15
0 221 203 317 61 58 93 6 337 
Vertex 338 distance 7
0 221 7 49 248 338 
Vertex 339 distance 14
0 221 203 349 602 160 52 339 
Vertex 340 distance 10
0 221 203 627 326 24 149 340 
Vertex 341 distance 11
0 221 522 629 341 
Vertex 342 distance 12
0 221 7 49 248 342 
Vertex 343 distance 17
0 221 203 402 393 619 343 
Vertex 344 distance 11
0 221 203 349 602 160 633 344 
Vertex 345 distance 11
0 221 7 49 248 474 345 
Vertex 346 distance 17
0 221 7 49 170 287 180 346 
Vertex 347 distance 9
0 221 7 49 248 314 347 
Vertex 348 distance 12
0 221 203 627 461 348 
Vertex 349 distance 5
0 221 203 349 
Vertex 350 distance 11
0 221 7 49 530 432 350 
Vertex 351 distance 13
0 221 203 349 602 160 633 351 
Vertex 352 distance 13
0 221 203 349 602 160 633 352 
Vertex 353 distance 14
0 221 203 349 602 160 633 147 353 
Vertex 354 distance 9
0 221 203 402 476 354 
Vertex 355 distance 12
0 221 203 627 326 24 149 355 
Vertex 356 distance 12
0 221 203 349 602 75 268 302 205 321 356 
Vertex 357 distance 12
0 221 203 402 393 619 357 
Vertex 358 distance 9
0 464 358 
Vertex 359 distance 14
0 221 203 317 61 58 93 231 359 
Vertex 360 distance 13
0 221 203 362 521 124 387 524 360 
Vertex 361 distance 14
0 221 522 322 423 43 405 361 
Vertex 362 distance 5
0 221 203 362 
Vertex 363 distance 13
0 221 203 362 521 81 118 363 
Vertex 364 distance 12
0 221 7 49 170 388 112 364 
Vertex 365 distance 16
0 221 203 627 461 90 191 365 
Vertex 366 distance 13
0 221 436 410 366 
Vertex 367 distance 14
0 637 367 
Vertex 368 distance 14
0 221 203 349 602 401 439 452 368 
Vertex 369 distance 7
0 369 
Vertex 370 distance 16
0 221 522 322 264 386 85 370 
Vertex 371 distance 12
0 221 522 629 400 336 575 371 
Vertex 372 distance 16
0 221 7 468 166 372 
Vertex 373 distance 15
0 221 522 373 
Vertex 374 distance 15
0 221 7 294 374 
Vertex 375 distance 11
0 221 7 406 375 
Vertex 376 distance 13
0 221 203 627 461 90 9 376 
Vertex 377 distance 11
0 221 203 627 57 201 377 
Vertex 378 distance 11
0 221 203 349 602 160 52 442 378 
Vertex 379 distance 8
0 221 7 172 379 
Vertex 380 distance 10
0 221 203 402 476 380 
Vertex 381 distance 9
0 221 522 381 
Vertex 382 distance 9
0 221 7 49 248 314 382 
Vertex 383 distance 8
0 221 203 627 187 383 
Vertex 384 distance 13
0 221 7 49 170 562 384 
Vertex 385 distance 11
0 221 203 349 602 230 243 385 
Vertex 386 distance 8
0 221 522 322 264 386 
Vertex 387 distance 9
0 221 203 362 521 124 387 
Vertex 388 distance 8
0 221 7 49 170 388 
Vertex 389 distance 10
0 221 522 241 66 389 
Vertex 390 distance 12
0 221 203 627 461 90 191 390 
Vertex 391 distance 14
0 221 203 349 602 75 268 188 391 
Vertex 392 distance 8
0 221 7 392 
Vertex 393 distance 7
0 221 203 402 393 
Vertex 394 distance 11
0 221 203 627 326 45 394 
Vertex 395 distance 10
0 221 203 627 187 102 560 395 
Vertex 396 distance 12
0 221 203 440 3 396 
Vertex 397 distance 19
0 221 203 402 554 397 
Vertex 398 distance 15
0 221 522 241 290 35 441 5 398 
Vertex 399 distance 16
0 221 203 349 602 230 243 514 399 
Vertex 400 distance 7
0 221 522 629 400 
Vertex 401 distance 7
0 221 203 349 602 401 
Vertex 402 distance 5
0 221 203 402 
Vertex 403 distance 13
0 221 203 362 521 249 335 403 
Vertex 404 distance 9
0 221 203 362 521 404 
Vertex 405 distance 12
0 221 522 322 423 43 405 
Vertex 406 distance 6
0 221 7 406 
Vertex 407 distance 13
0 221 522 241 290 35 236 407 
Vertex 408 distance 11
0 221 203 317 214 408 
Vertex 409 distance 12
0 464 358 25 409 
Vertex 410 distance 11
0 221 436 410 
Vertex 411 distance 14
0 221 203 627 461 90 9 376 411 
Vertex 412 distance 11
0 221 203 627 326 24 149 412 
Vertex 413 distance 14
0 221 203 317 61 58 93 618 176 413 
Vertex 414 distance 13
0 221 522 241 66 414 
Vertex 415 distance 13
0 221 203 349 602 160 52 442 378 415 
Vertex 416 distance 12
0 221 537 63 416 
Vertex 417 distance 14
0 369 613 114 417 
Vertex 418 distance 10
0 221 203 317 61 58 306 418 
Vertex 419 distance 13
0 221 203 317 630 295 419 
Vertex 420 distance 8
0 221 522 322 264 420 
Vertex 421 distance 12
0 221 203 362 543 421 
Vertex 422 distance 11
0 221 203 349 602 230 243 528 422 
Vertex 423 distance 9
0 221 522 322 423 
Vertex 424 distance 11
0 328 319 424 
Vertex 425 distance 14
0 221 203 627 57 201 617 425 
Vertex 426 distance 13
0 221 203 317 61 58 306 426 
Vertex 427 distance 8
0 221 7 49 216 427 
Vertex 428 distance 13
0 221 203 349 602 401 439 125 80 428 
Vertex 429 distance 12
0 221 203 317 579 107 429 
Vertex 430 distance 11
0 221 203 317 450 430 
Vertex 431 distance 14
0 221 203 349 602 160 633 351 431 
Vertex 432 distance 10
0 221 7 49 530 432 
Vertex 433 distance 9
0 221 203 349 433 
Vertex 434 distance 9
0 221 203 362 521 517 434 
Vertex 435 distance 11
0 221 203 440 3 435 
Vertex 436 distance 9
0 221 436 
Vertex 437 distance 13
0 221 522 629 400 215 437 
Vertex 438 distance 14
0 221 203 349 602 75 268 50 438 
Vertex 439 distance 9
0 221 203 349 602 401 439 
Vertex 440 distance 7
0 221 203 440 
Vertex 441 distance 9
0 221 522 241 290 35 441 
Vertex 442 distance 10
0 221 203 349 602 160 52 442 
Vertex 443 distance 14
0 221 522 322 217 443 
Vertex 444 distance 10
0 221 203 317 61 58 93 444 
Vertex 445 distance 9
0 221 203 627 303 445 
Vertex 446 distance 14
0 221 522 629 400 145 183 477 446 
Vertex 447 distance 14
0 221 522 322 423 43 447 
Vertex 448 distance 14
0 221 7 49 248 474 345 272 448 
Vertex 449 distance 14
0 221 7 49 248 338 449 
Vertex 450 distance 9
0 221 203 317 450 
Vertex 451 distance 14
0 221 522 322 264 386 590 331 451 
Vertex 452 distance 10
0 221 203 349 602 401 439 452 
Vertex 453 distance 16
0 221 203 349 602 160 320 453 
Vertex 454 distance 12
0 221 203 362 521 566 454 
Vertex 455 distance 10
0 221 7 49 248 338 532 455 
Vertex 456 distance 15
0 221 203 627 187 383 456 
Vertex 457 distance 8
0 221 203 317 61 457 
Vertex 458 distance 16
0 221 203 362 521 566 458 
Vertex 459 distance 11
0 221 7 49 170 388 112 459 
Vertex 460 distance 11
0 221 203 362 521 566 460 
Vertex 461 distance 6
0 221 203 627 461 
Vertex 462 distance 10
0 221 203 627 303 445 462 
Vertex 463 distance 9
0 369 463 
Vertex 464 distance 8
0 464 
Vertex 465 distance 16
0 221 203 627 465 
Vertex 466 distance 12
0 221 7 49 248 466 
Vertex 467 distance 15
0 221 203 627 57 201 377 467 
Vertex 468 distance 8
0 221 7 468 
Vertex 469 distance 13
0 221 203 317 529 469 
Vertex 470 distance 14
0 221 522 629 586 507 470 
Vertex 471 distance 10
0 221 203 349 602 75 268 471 
Vertex 472 distance 15
0 221 7 49 472 
Vertex 473 distance 11
0 221 203 317 61 58 93 473 
Vertex 474 distance 9
0 221 7 49 248 474 
Vertex 475 distance 16
0 221 203 362 521 566 130 475 
Vertex 476 distance 8
0 221 203 402 476 
Vertex 477 distance 13
0 221 522 629 400 145 183 477 
Vertex 478 distance 12
0 328 478 
Vertex 479 distance 11
0 221 203 627 57 544 479 
Vertex 480 distance 12
0 221 203 349 602 401 439 125 266 480 
Vertex 481 distance 10
0 221 203 627 303 481 
Vertex 482 distance 13
0 221 7 49 168 324 482 
Vertex 483 distance 12
0 221 436 246 483 
Vertex 484 distance 13
0 369 291 484 
Vertex 485 distance 17
0 221 203 485 
Vertex 486 distance 12
0 221 203 317 631 486 
Vertex 487 distance 11
0 221 203 362 521 566 130 487 
Vertex 488 distance 14
0 221 203 362 521 566 572 563 488 
Vertex 489 distance 13
0 328 329 489 
Vertex 490 distance 15
0 221 203 317 61 58 93 444 490 
Vertex 491 distance 12
0 221 7 574 491 
Vertex 492 distance 8
0 221 203 362 521 492 
Vertex 493 distance 14
0 221 203 317 61 58 306 426 493 
Vertex 494 distance 12
0 221 7 468 494 
Vertex 495 distance 11
0 221 7 172 495 
Vertex 496 distance 18
0 221 203 317 529 332 496 
Vertex 497 distance 13
0 221 203 627 326 24 149 500 497 
Vertex 498 distance 13
0 221 203 402 476 498 
Vertex 499 distance 9
0 221 7 49 248 338 532 499 
Vertex 500 distance 12
0 221 203 627 326 24 149 500 
Vertex 501 distance 11
0 221 203 317 501 
Vertex 502 distance 11
0 221 7 49 530 502 
Vertex 503 distance 11
0 221 203 349 602 230 243 503 
Vertex 504 distance 14
0 221 203 317 61 313 504 
Vertex 505 distance 13
0 221 7 392 505 
Vertex 506 distance 14
0 221 203 317 506 
Vertex 507 distance 11
0 221 522 629 586 507 
Vertex 508 distance 13
0 221 522 241 290 600 508 
Vertex 509 distance 11
0 221 7 49 248 338 532 23 509 
Vertex 510 distance 12
0 510 
Vertex 511 distance 13
0 221 203 402 393 270 511 
Vertex 512 distance 18
0 221 522 322 264 386 512 
Vertex 513 distance 12
0 221 7 49 530 154 513 
Vertex 514 distance 9
0 221 203 349 602 230 243 514 
Vertex 515 distance 9
0 221 522 629 400 515 
Vertex 516 distance 12
0 288 545 516 
Vertex 517 distance 8
0 221 203 362 521 517 
Vertex 518 distance 12
0 221 7 49 248 314 610 518 
Vertex 519 distance 12
0 221 7 49 216 519 
Vertex 520 distance 12
0 221 7 49 168 520 
Vertex 521 distance 6
0 221 203 362 521 
Vertex 522 distance 4
0 221 522 
Vertex 523 distance 11
0 221 203 627 303 445 462 523 
Vertex 524 distance 12
0 221 203 362 521 124 387 524 
Vertex 525 distance 12
0 221 7 49 248 338 525 
Vertex 526 distance 11
0 221 203 627 461 526 
Vertex 527 distance 11
0 221 7 172 379 527 
Vertex 528 distance 9
0 221 203 349 602 230 243 528 
Vertex 529 distance 12
0 221 203 317 529 
Vertex 530 distance 7
0 221 7 49 530 
Vertex 531 distance 18
0 464 531 
Vertex 532 distance 8
0 221 7 49 248 338 532 
Vertex 533 distance 15
0 221 436 246 533 
Vertex 534 distance 12
0 221 203 349 602 75 311 534 
Vertex 535 distance 12
0 221 7 49 216 427 78 535 
Vertex 536 distance 20
0 221 203 349 536 
Vertex 537 distance 8
0 221 537 
Vertex 538 distance 9
0 221 203 627 538 
Vertex 539 distance 12
0 221 522 241 290 600 144 539 
Vertex 540 distance 12
0 221 7 49 530 540 
Vertex 541 distance 12
0 221 7 49 248 474 541 
Vertex 542 distance 13
0 221 7 49 530 154 513 542 
Vertex 543 distance 8
0 221 203 362 543 
Vertex 544 distance 9
0 221 203 627 57 544 
Vertex 545 distance 6
0 288 545 
Vertex 546 distance 11
0 221 203 349 602 401 4 546 
Vertex 547 distance 12
0 221 7 49 530 502 547 
Vertex 548 distance 12
0 221 203 627 187 102 548 
Vertex 549 distance 17
0 221 522 629 318 549 
Vertex 550 distance 14
0 221 7 49 248 314 382 247 635 550 
Vertex 551 distance 11
0 221 203 402 476 354 551 
Vertex 552 distance 12
0 221 522 629 400 123 552 
Vertex 553 distance 17
0 221 7 49 530 502 553 
Vertex 554 distance 9
0 221 203 402 554 
Vertex 555 distance 11
0 221 522 629 400 515 555 
Vertex 556 distance 12
0 328 289 556 
Vertex 557 distance 12
0 221 203 349 602 160 308 86 557 
Vertex 558 distance 16
0 221 203 627 57 201 617 425 558 
Vertex 559 distance 14
0 221 7 49 530 432 297 296 559 
Vertex 560 distance 9
0 221 203 627 187 102 560 
Vertex 561 distance 16
0 221 203 627 461 561 
Vertex 562 distance 11
0 221 7 49 170 562 
Vertex 563 distance 13
0 221 203 362 521 566 572 563 
Vertex 564 distance 10
0 221 203 349 602 160 52 235 564 
Vertex 565 distance 15
0 221 7 49 170 587 606 565 
Vertex 566 distance 8
0 221 203 362 521 566 
Vertex 567 distance 12
0 464 358 161 567 
Vertex 568 distance 9
0 221 203 349 602 160 308 568 
Vertex 569 distance 12
0 221 7 49 170 388 580 569 
Vertex 570 distance 10
0 369 570 
Vertex 571 distance 10
0 328 319 571 
Vertex 572 distance 9
0 221 203 362 521 566 572 
Vertex 573 distance 11
0 221 203 627 57 201 573 
Vertex 574 distance 9
0 221 7 574 
Vertex 575 distance 10
0 221 522 629 400 336 575 
Vertex 576 distance 17
0 221 203 349 137 242 576 
Vertex 577 distance 12
0 221 203 362 122 577 
Vertex 578 distance 12
0 221 522 629 400 215 578 
Vertex 579 distance 8
0 221 203 317 579 
Vertex 580 distance 10
0 221 7 49 170 388 580 
Vertex 581 distance 12
0 221 203 627 57 201 573 581 
Vertex 582 distance 12
0 221 522 629 400 336 582 
Vertex 583 distance 14
0 221 522 241 97 583 
Vertex 584 distance 13
0 221 203 362 521 81 118 584 
Vertex 585 distance 15
0 221 203 349 602 75 268 302 205 625 585 
Vertex 586 distance 8
0 221 522 629 586 
Vertex 587 distance 13
0 221 7 49 170 587 
Vertex 588 distance 11
0 221 7 588 
Vertex 589 distance 4
0 589 
Vertex 590 distance 9
0 221 522 322 264 386 590 
Vertex 591 distance 12
0 221 203 627 326 24 149 412 591 
Vertex 592 distance 13
0 221 203 349 592 
Vertex 593 distance 11
0 221 522 322 264 386 601 593 
Vertex 594 distance 9
0 221 203 317 594 
Vertex 595 distance 18
0 221 203 349 602 401 4 546 595 
Vertex 596 distance 10
0 221 436 596 
Vertex 597 distance 10
0 221 203 627 326 89 597 
Vertex 598 distance 11
0 221 7 49 170 287 598 
Vertex 599 distance 11
0 221 203 402 476 354 599 
Vertex 600 distance 8
0 221 522 241 290 600 
Vertex 601 distance 10
0 221 522 322 264 386 601 
Vertex 602 distance 6
0 221 203 349 602 
Vertex 603 distance 12
0 221 522 629 400 123 603 
Vertex 604 distance 9
0 221 203 440 604 
Vertex 605 distance 10
0 221 203 627 187 605 
Vertex 606 distance 14
0 221 7 49 170 587 606 
Vertex 607 distance 12
0 221 203 402 393 619 607 
Vertex 608 distance 11
0 221 7 406 608 
Vertex 609 distance 13
0 221 203 627 461 526 609 
Vertex 610 distance 9
0 221 7 49 248 314 610 
Vertex 611 distance 15
0 221 522 629 341 96 611 
Vertex 612 distance 11
0 221 203 362 521 404 39 612 
Vertex 613 distance 9
0 369 613 
Vertex 614 distance 16
0 464 614 
Vertex 615 distance 15
0 221 7 49 248 474 345 615 
Vertex 616 distance 14
0 221 203 349 602 160 616 
Vertex 617 distance 12
0 221 203 627 57 201 617 
Vertex 618 distance 11
0 221 203 317 61 58 93 618 
Vertex 619 distance 9
0 221 203 402 393 619 
Vertex 620 distance 12
0 221 203 627 303 20 620 
Vertex 621 distance 11
0 221 203 362 521 566 621 
Vertex 622 distance 12
0 221 7 49 216 227 622 
Vertex 623 distance 11
0 221 203 349 602 160 308 86 623 
Vertex 624 distance 13
0 221 203 317 61 58 624 
Vertex 625 distance 13
0 221 203 349 602 75 268 302 205 625 
Vertex 626 distance 14
0 221 203 362 521 404 39 612 626 
Vertex 627 distance 5
0 221 203 627 
Vertex 628 distance 14
0 221 203 362 521 628 
Vertex 629 distance 6
0 221 522 629 
Vertex 630 distance 8
0 221 203 317 630 
Vertex 631 distance 7
0 221 203 317 631 
Vertex 632 distance 12
0 221 522 241 290 35 632 
Vertex 633 distance 9
0 221 203 349 602 160 633 
Vertex 634 distance 11
0 221 7 172 189 634 
Vertex 635 distance 13
0 221 7 49 248 314 382 247 635 
Vertex 636 distance 13
0 221 522 636 
Vertex 637 distance 12
0 637 
Vertex 638 distance 12
0 221 203 627 461 90 191 638 
Vertex 639 distance 13
0 221 203 317 501 639 
