Vertex 0 distance 0
0 0 
Vertex 1 distance 39
0 248 72 1 
Vertex 2 distance 48
0 338 553 15 508 479 365 160 2 
Vertex 3 distance 46
0 393 195 366 367 3 
Vertex 4 distance 47
0 393 195 342 4 
Vertex 5 distance 40
0 338 553 291 51 97 5 
Vertex 6 distance 46
0 338 553 291 51 209 206 547 6 
Vertex 7 distance 48
0 338 553 291 51 106 215 127 148 7 
Vertex 8 distance 37
0 393 195 366 327 564 458 8 
Vertex 9 distance 42
0 338 553 291 371 110 39 292 622 482 9 
Vertex 10 distance 60
0 393 195 366 327 359 165 517 539 461 10 
Vertex 11 distance 40
0 338 553 291 51 106 11 
Vertex 12 distance 47
0 338 334 80 161 12 
Vertex 13 distance 45
0 338 553 291 51 106 141 453 13 
Vertex 14 distance 48
0 338 363 311 634 199 14 
Vertex 15 distance 20
0 338 553 15 
Vertex 16 distance 46
0 338 363 312 16 
Vertex 17 distance 36
0 338 553 291 51 106 215 17 
Vertex 18 distance 45
0 393 195 366 327 359 165 558 18 
Vertex 19 distance 47
0 248 66 19 
Vertex 20 distance 43
0 338 553 291 51 106 489 20 
Vertex 21 distance 38
0 338 553 291 371 110 480 219 21 
Vertex 22 distance 42
0 338 553 15 508 479 365 86 37 446 22 
Vertex 23 distance 54
0 338 553 385 113 23 
Vertex 24 distance 40
0 393 195 366 327 359 165 237 24 
Vertex 25 distance 39
0 338 553 291 371 110 480 219 25 
Vertex 26 distance 46
0 338 553 15 508 26 
Vertex 27 distance 55
0 393 195 530 27 
Vertex 28 distance 43
0 338 553 291 51 106 141 453 28 
Vertex 29 distance 38
0 338 553 15 508 136 29 
Vertex 30 distance 53
0 393 195 366 367 3 30 
Vertex 31 distance 38
0 338 553 291 371 110 39 562 31 
Vertex 32 distance 41
0 338 553 291 371 110 39 32 
Vertex 33 distance 39
0 338 363 143 341 33 
Vertex 34 distance 43
0 393 605 297 372 135 588 34 
Vertex 35 distance 55
0 338 553 291 51 100 408 279 421 35 
Vertex 36 distance 45
0 338 553 385 286 200 36 
Vertex 37 distance 35
0 338 553 15 508 479 365 86 37 
Vertex 38 distance 45
0 524 82 332 275 38 
Vertex 39 distance 29
0 338 553 291 371 110 39 
Vertex 40 distance 41
0 338 334 80 65 536 40 
Vertex 41 distance 40
0 338 553 291 51 362 41 
Vertex 42 distance 47
0 338 553 15 508 479 250 265 42 
Vertex 43 distance 45
0 338 553 15 508 479 250 222 602 43 
Vertex 44 distance 45
0 338 553 291 371 110 480 171 500 44 
Vertex 45 distance 44
0 393 195 366 327 359 165 517 45 
Vertex 46 distance 41
0 338 553 15 508 402 598 46 
Vertex 47 distance 43
0 393 195 607 170 47 
Vertex 48 distance 41
0 338 334 80 65 536 48 
Vertex 49 distance 40
0 393 195 366 327 49 
Vertex 50 distance 39
0 248 72 383 50 
Vertex 51 distance 23
0 338 553 291 51 
Vertex 52 distance 45
0 338 553 291 51 100 408 52 
Vertex 53 distance 49
0 524 82 332 275 38 53 
Vertex 54 distance 49
0 393 195 342 68 473 54 
Vertex 55 distance 44
0 338 553 291 371 110 480 171 500 116 55 
Vertex 56 distance 46
0 338 553 291 51 106 215 127 56 
Vertex 57 distance 39
0 393 605 83 427 57 
Vertex 58 distance 40
0 338 334 618 58 
Vertex 59 distance 44
0 338 553 15 508 479 365 86 37 96 59 
Vertex 60 distance 43
0 338 455 273 60 
Vertex 61 distance 42
0 338 553 291 51 106 141 512 61 
Vertex 62 distance 41
0 338 334 185 637 62 
Vertex 63 distance 42
0 338 553 291 51 209 373 63 
Vertex 64 distance 43
0 393 605 83 427 57 64 
Vertex 65 distance 31
0 338 334 80 65 
Vertex 66 distance 43
0 248 66 
Vertex 67 distance 44
0 524 317 608 67 
Vertex 68 distance 43
0 393 195 342 68 
Vertex 69 distance 42
0 338 553 283 69 
Vertex 70 distance 35
0 338 553 385 70 
Vertex 71 distance 39
0 393 195 366 459 290 71 
Vertex 72 distance 33
0 248 72 
Vertex 73 distance 42
0 338 553 15 508 631 268 73 
Vertex 74 distance 45
0 338 553 291 371 110 480 239 333 364 74 
Vertex 75 distance 36
0 338 553 291 51 209 75 
Vertex 76 distance 46
0 338 553 291 51 209 206 547 356 76 
Vertex 77 distance 46
0 338 334 77 
Vertex 78 distance 52
0 338 553 291 51 119 519 208 78 
Vertex 79 distance 49
0 393 195 366 327 359 211 340 79 
Vertex 80 distance 30
0 338 334 80 
Vertex 81 distance 49
0 338 363 81 
Vertex 82 distance 36
0 524 82 
Vertex 83 distance 33
0 393 605 83 
Vertex 84 distance 36
0 338 553 385 113 84 
Vertex 85 distance 38
0 338 553 291 371 110 480 108 85 
Vertex 86 distance 32
0 338 553 15 508 479 365 86 
Vertex 87 distance 37
0 393 195 454 87 
Vertex 88 distance 46
0 338 553 385 70 88 
Vertex 89 distance 44
0 393 195 366 459 89 
Vertex 90 distance 42
0 338 553 291 371 110 39 562 492 90 
Vertex 91 distance 42
0 393 195 454 91 
Vertex 92 distance 41
0 338 553 291 51 209 75 92 
Vertex 93 distance 47
0 338 553 283 93 
Vertex 94 distance 40
0 338 334 80 254 94 
Vertex 95 distance 39
0 338 363 143 341 95 
Vertex 96 distance 41
0 338 553 15 508 479 365 86 37 96 
Vertex 97 distance 33
0 338 553 291 51 97 
Vertex 98 distance 46
0 393 195 454 264 236 149 98 
Vertex 99 distance 35
0 338 553 385 99 
Vertex 100 distance 31
0 338 553 291 51 100 
Vertex 101 distance 46
0 393 195 530 424 101 
Vertex 102 distance 49
0 393 605 104 188 102 
Vertex 103 distance 40
0 393 195 366 327 359 165 414 438 103 
Vertex 104 distance 31
0 393 605 104 
Vertex 105 distance 50
0 338 334 80 254 94 105 
Vertex 106 distance 25
0 338 553 291 51 106 
Vertex 107 distance 56
0 393 605 297 410 107 
Vertex 108 distance 34
0 338 553 291 371 110 480 108 
Vertex 109 distance 41
0 524 82 332 275 109 
Vertex 110 distance 28
0 338 553 291 371 110 
Vertex 111 distance 40
0 393 195 342 111 
Vertex 112 distance 50
0 338 553 15 508 136 29 464 112 
Vertex 113 distance 34
0 338 553 385 113 
Vertex 114 distance 47
0 338 363 143 341 95 114 
Vertex 115 distance 40
0 338 455 295 328 115 
Vertex 116 distance 42
0 338 553 291 371 110 480 171 500 116 
Vertex 117 distance 42
0 338 553 291 371 110 117 
Vertex 118 distance 40
0 393 195 366 459 290 71 118 
Vertex 119 distance 37
0 338 553 291 51 119 
Vertex 120 distance 45
0 393 605 297 372 135 588 34 120 
Vertex 121 distance 50
0 338 553 291 51 106 212 121 
Vertex 122 distance 38
0 524 122 
Vertex 123 distance 63
0 393 605 83 427 57 64 123 
Vertex 124 distance 44
0 338 553 291 51 106 141 453 439 124 
Vertex 125 distance 52
0 338 553 291 371 110 39 562 492 534 125 
Vertex 126 distance 50
0 393 605 378 218 126 
Vertex 127 distance 34
0 338 553 291 51 106 215 127 
Vertex 128 distance 50
0 338 553 291 51 97 128 
Vertex 129 distance 49
0 248 66 19 129 
Vertex 130 distance 40
0 338 363 311 634 428 130 
Vertex 131 distance 35
0 338 553 291 371 110 585 131 
Vertex 132 distance 51
0 338 334 80 244 132 
Vertex 133 distance 37
0 338 553 15 508 479 365 86 37 133 
Vertex 134 distance 40
0 338 363 311 634 428 134 
Vertex 135 distance 39
0 393 605 297 372 135 
Vertex 136 distance 36
0 338 553 15 508 136 
Vertex 137 distance 49
0 338 334 80 65 536 48 137 
Vertex 138 distance 39
0 393 195 366 327 564 458 138 
Vertex 139 distance 37
0 338 553 15 508 631 139 
Vertex 140 distance 48
0 393 195 366 327 359 165 558 140 
Vertex 141 distance 31
0 338 553 291 51 106 141 
Vertex 142 distance 42
0 393 195 142 
Vertex 143 distance 34
0 338 363 143 
Vertex 144 distance 34
0 338 553 291 51 97 144 
Vertex 145 distance 51
0 524 82 332 275 145 
Vertex 146 distance 34
0 338 553 146 
Vertex 147 distance 55
0 338 553 291 371 552 147 
Vertex 148 distance 35
0 338 553 291 51 106 215 127 148 
Vertex 149 distance 43
0 393 195 454 264 236 149 
Vertex 150 distance 51
0 338 553 291 371 110 480 239 333 364 580 150 
Vertex 151 distance 47
0 524 82 332 275 38 151 
Vertex 152 distance 46
0 338 553 15 508 479 250 471 152 
Vertex 153 distance 49
0 338 363 311 634 428 130 153 
Vertex 154 distance 45
0 338 553 291 51 100 593 483 154 
Vertex 155 distance 42
0 338 553 15 508 479 250 471 155 
Vertex 156 distance 45
0 393 195 366 459 290 71 156 
Vertex 157 distance 40
0 338 553 291 51 106 215 127 157 
Vertex 158 distance 49
0 338 334 77 158 
Vertex 159 distance 55
0 393 195 366 327 49 255 176 159 
Vertex 160 distance 35
0 338 553 15 508 479 365 160 
Vertex 161 distance 39
0 338 334 80 161 
Vertex 162 distance 36
0 338 553 283 162 
Vertex 163 distance 41
0 338 553 385 113 84 523 234 163 
Vertex 164 distance 51
0 393 605 297 463 229 164 
Vertex 165 distance 34
0 393 195 366 327 359 165 
Vertex 166 distance 35
0 338 553 166 
Vertex 167 distance 44
0 393 605 297 372 167 
Vertex 168 distance 41
0 338 553 15 508 479 250 471 168 
Vertex 169 distance 45
0 393 195 366 327 359 165 237 169 
Vertex 170 distance 34
0 393 195 607 170 
Vertex 171 distance 38
0 338 553 291 371 110 480 171 
Vertex 172 distance 59
0 338 553 291 51 362 190 172 
Vertex 173 distance 55
0 338 553 15 508 479 250 471 173 
Vertex 174 distance 43
0 338 334 322 379 174 
Vertex 175 distance 40
0 524 353 175 
Vertex 176 distance 44
0 393 195 366 327 49 255 176 
Vertex 177 distance 38
0 338 553 15 508 479 365 450 177 
Vertex 178 distance 39
0 393 195 366 327 359 165 237 178 
Vertex 179 distance 28
0 393 195 607 179 
Vertex 180 distance 41
0 338 553 291 51 180 
Vertex 181 distance 42
0 181 
Vertex 182 distance 46
0 338 553 385 70 182 
Vertex 183 distance 46
0 338 553 15 508 631 183 
Vertex 184 distance 35
0 338 334 322 184 
Vertex 185 distance 36
0 338 334 185 
Vertex 186 distance 49
0 393 195 366 327 359 211 535 187 186 
Vertex 187 distance 36
0 393 195 366 327 359 211 535 187 
Vertex 188 distance 43
0 393 605 104 188 
Vertex 189 distance 50
0 338 553 15 508 479 250 471 189 
Vertex 190 distance 41
0 338 553 291 51 362 190 
Vertex 191 distance 42
0 393 195 454 191 
Vertex 192 distance 43
0 393 195 342 111 192 
Vertex 193 distance 49
0 393 605 104 188 193 
Vertex 194 distance 42
0 393 195 366 327 564 458 194 
Vertex 195 distance 20
0 393 195 
Vertex 196 distance 45
0 393 195 366 327 564 458 8 196 
Vertex 197 distance 35
0 338 334 197 
Vertex 198 distance 35
0 338 553 291 51 106 141 512 198 
Vertex 199 distance 38
0 338 363 311 634 199 
Vertex 200 distance 41
0 338 553 385 286 200 
Vertex 201 distance 48
0 393 195 366 327 359 165 414 438 201 
Vertex 202 distance 38
0 338 553 291 371 110 480 108 202 
Vertex 203 distance 45
0 338 363 311 634 199 203 
Vertex 204 distance 49
0 338 553 291 51 106 215 361 352 204 
Vertex 205 distance 43
0 338 553 291 371 110 39 562 492 205 
Vertex 206 distance 40
0 338 553 291 51 209 206 
Vertex 207 distance 41
0 393 195 366 327 359 211 230 207 
Vertex 208 distance 48
0 338 553 291 51 119 519 208 
Vertex 209 distance 31
0 338 553 291 51 209 
Vertex 210 distance 47
0 338 553 291 51 106 141 453 28 210 
Vertex 211 distance 34
0 393 195 366 327 359 211 
Vertex 212 distance 37
0 338 553 291 51 106 212 
Vertex 213 distance 34
0 338 334 618 213 
Vertex 214 distance 42
0 524 317 214 
Vertex 215 distance 28
0 338 553 291 51 106 215 
Vertex 216 distance 45
0 393 195 366 327 359 165 414 438 103 216 
Vertex 217 distance 48
0 338 553 291 51 418 246 509 217 
Vertex 218 distance 38
0 393 605 378 218 
Vertex 219 distance 34
0 338 553 291 371 110 480 219 
Vertex 220 distance 46
0 338 553 291 371 110 480 108 220 
Vertex 221 distance 42
0 338 553 221 
Vertex 222 distance 40
0 338 553 15 508 479 250 222 
Vertex 223 distance 52
0 338 553 291 51 106 215 127 148 487 375 223 
Vertex 224 distance 48
0 338 553 146 224 
Vertex 225 distance 47
0 338 553 291 371 110 39 292 622 326 225 
Vertex 226 distance 46
0 338 553 291 298 380 528 226 
Vertex 227 distance 45
0 393 195 366 327 359 211 535 376 227 
Vertex 228 distance 43
0 338 553 291 371 110 480 239 333 364 228 
Vertex 229 distance 44
0 393 605 297 463 229 
Vertex 230 distance 36
0 393 195 366 327 359 211 230 
Vertex 231 distance 38
0 524 313 231 
Vertex 232 distance 48
0 338 553 146 505 232 
Vertex 233 distance 34
0 338 553 291 51 418 233 
Vertex 234 distance 39
0 338 553 385 113 84 523 234 
Vertex 235 distance 42
0 524 353 175 235 
Vertex 236 distance 41
0 393 195 454 264 236 
Vertex 237 distance 38
0 393 195 366 327 359 165 237 
Vertex 238 distance 46
0 338 553 15 508 479 250 222 602 238 
Vertex 239 distance 32
0 338 553 291 371 110 480 239 
Vertex 240 distance 43
0 338 553 291 371 110 350 240 
Vertex 241 distance 53
0 393 605 241 
Vertex 242 distance 55
0 248 66 242 
Vertex 243 distance 41
0 393 195 366 327 359 165 414 438 243 
Vertex 244 distance 33
0 338 334 80 244 
Vertex 245 distance 45
0 338 553 291 51 97 144 278 245 
Vertex 246 distance 38
0 338 553 291 51 418 246 
Vertex 247 distance 40
0 338 553 291 371 110 480 219 21 247 
Vertex 248 distance 28
0 248 
Vertex 249 distance 41
0 338 553 291 371 110 480 239 333 364 249 
Vertex 250 distance 34
0 338 553 15 508 479 250 
Vertex 251 distance 46
0 338 553 15 508 589 619 316 251 
Vertex 252 distance 50
0 393 195 366 367 252 
Vertex 253 distance 49
0 393 195 366 327 359 165 414 438 103 216 253 
Vertex 254 distance 31
0 338 334 80 254 
Vertex 255 distance 42
0 393 195 366 327 49 255 
Vertex 256 distance 36
0 393 195 366 327 359 211 535 256 
Vertex 257 distance 41
0 338 334 322 379 257 
Vertex 258 distance 52
0 524 122 411 529 258 
Vertex 259 distance 43
0 338 334 80 254 94 307 259 
Vertex 260 distance 39
0 338 363 311 260 
Vertex 261 distance 53
0 393 195 454 191 261 
Vertex 262 distance 43
0 524 82 332 275 109 262 
Vertex 263 distance 42
0 338 553 291 51 106 141 263 
Vertex 264 distance 37
0 393 195 454 264 
Vertex 265 distance 38
0 338 553 15 508 479 250 265 
Vertex 266 distance 54
0 393 195 366 327 564 458 266 
Vertex 267 distance 47
0 338 553 291 371 110 480 239 333 364 74 267 
Vertex 268 distance 38
0 338 553 15 508 631 268 
Vertex 269 distance 46
0 393 605 297 372 135 588 34 120 269 
Vertex 270 distance 38
0 338 553 291 371 110 585 270 
Vertex 271 distance 51
0 338 553 221 271 
Vertex 272 distance 41
0 338 334 322 184 272 
Vertex 273 distance 32
0 338 455 273 
Vertex 274 distance 54
0 524 82 332 275 109 262 274 
Vertex 275 distance 40
0 524 82 332 275 
Vertex 276 distance 50
0 338 553 146 276 
Vertex 277 distance 50
0 524 122 411 277 
Vertex 278 distance 40
0 338 553 291 51 97 144 278 
Vertex 279 distance 39
0 338 553 291 51 100 408 279 
Vertex 280 distance 41
0 338 553 385 280 
Vertex 281 distance 47
0 338 363 311 281 
Vertex 282 distance 42
0 338 553 291 371 110 39 300 282 
Vertex 283 distance 31
0 338 553 283 
Vertex 284 distance 38
0 338 455 273 284 
Vertex 285 distance 53
0 393 605 297 372 135 588 34 120 285 
Vertex 286 distance 38
0 338 553 385 286 
Vertex 287 distance 40
0 338 334 287 
Vertex 288 distance 47
0 338 553 385 113 288 
Vertex 289 distance 50
0 338 553 15 508 631 268 73 289 
Vertex 290 distance 38
0 393 195 366 459 290 
Vertex 291 distance 20
0 338 553 291 
Vertex 292 distance 31
0 338 553 291 371 110 39 292 
Vertex 293 distance 40
0 393 195 342 293 
Vertex 294 distance 50
0 338 553 291 51 106 215 127 148 487 294 
Vertex 295 distance 36
0 338 455 295 
Vertex 296 distance 46
0 393 195 366 327 359 211 535 296 
Vertex 297 distance 31
0 393 605 297 
Vertex 298 distance 31
0 338 553 291 298 
Vertex 299 distance 39
0 248 72 383 299 
Vertex 300 distance 41
0 338 553 291 371 110 39 300 
Vertex 301 distance 36
0 393 195 607 179 301 
Vertex 302 distance 39
0 302 
Vertex 303 distance 42
0 393 195 366 327 49 303 
Vertex 304 distance 43
0 338 553 291 51 106 141 453 439 304 
Vertex 305 distance 28
0 338 553 15 508 305 
Vertex 306 distance 44
0 338 334 80 65 616 306 
Vertex 307 distance 42
0 338 334 80 254 94 307 
Vertex 308 distance 37
0 393 195 530 424 308 
Vertex 309 distance 40
0 338 553 291 371 110 480 108 309 
Vertex 310 distance 43
0 338 553 15 508 589 310 
Vertex 311 distance 32
0 338 363 311 
Vertex 312 distance 43
0 338 363 312 
Vertex 313 distance 32
0 524 313 
Vertex 314 distance 40
0 393 195 366 491 314 
Vertex 315 distance 42
0 338 553 15 508 136 29 315 
Vertex 316 distance 43
0 338 553 15 508 589 619 316 
Vertex 317 distance 35
0 524 317 
Vertex 318 distance 51
0 338 553 15 508 479 365 450 318 
Vertex 319 distance 46
0 393 195 366 327 359 211 535 376 319 
Vertex 320 distance 39
0 338 553 291 51 209 320 
Vertex 321 distance 44
0 338 553 291 51 362 520 321 
Vertex 322 distance 30
0 338 334 322 
Vertex 323 distance 51
0 338 553 291 51 100 408 279 323 
Vertex 324 distance 45
0 338 553 291 51 119 324 
Vertex 325 distance 48
0 338 553 291 371 110 480 239 333 364 74 325 
Vertex 326 distance 42
0 338 553 291 371 110 39 292 622 326 
Vertex 327 distance 27
0 393 195 366 327 
Vertex 328 distance 39
0 338 455 295 328 
Vertex 329 distance 38
0 393 195 366 327 359 211 535 566 329 
Vertex 330 distance 56
0 338 363 143 560 330 
Vertex 331 distance 38
0 338 553 291 51 209 331 
Vertex 332 distance 38
0 524 82 332 
Vertex 333 distance 35
0 338 553 291 371 110 480 239 333 
Vertex 334 distance 24
0 338 334 
Vertex 335 distance 48
0 338 334 618 58 335 
Vertex 336 distance 56
0 393 195 366 327 359 211 535 566 358 336 
Vertex 337 distance 36
0 393 195 454 337 
Vertex 338 distance 18
0 338 
Vertex 339 distance 38
0 338 334 80 65 348 527 339 
Vertex 340 distance 39
0 393 195 366 327 359 211 340 
Vertex 341 distance 38
0 338 363 143 341 
Vertex 342 distance 35
0 393 195 342 
Vertex 343 distance 42
0 338 553 15 508 479 365 160 343 
Vertex 344 distance 42
0 393 195 366 459 290 344 
Vertex 345 distance 48
0 338 553 291 371 110 480 219 21 247 345 
Vertex 346 distance 57
0 338 553 291 51 346 
Vertex 347 distance 40
0 393 195 607 170 563 347 
Vertex 348 distance 36
0 338 334 80 65 348 
Vertex 349 distance 52
0 393 195 366 327 359 165 414 349 
Vertex 350 distance 40
0 338 553 291 371 110 350 
Vertex 351 distance 39
0 338 553 291 371 431 572 351 
Vertex 352 distance 44
0 338 553 291 51 106 215 361 352 
Vertex 353 distance 34
0 524 353 
Vertex 354 distance 46
0 338 553 385 70 354 
Vertex 355 distance 37
0 338 553 291 51 418 233 355 
Vertex 356 distance 43
0 338 553 291 51 209 206 547 356 
Vertex 357 distance 51
0 338 553 385 113 499 357 
Vertex 358 distance 44
0 393 195 366 327 359 211 535 566 358 
Vertex 359 distance 28
0 393 195 366 327 359 
Vertex 360 distance 49
0 338 553 291 51 106 215 127 360 
Vertex 361 distance 36
0 338 553 291 51 106 215 361 
Vertex 362 distance 35
0 338 553 291 51 362 
Vertex 363 distance 27
0 338 363 
Vertex 364 distance 38
0 338 553 291 371 110 480 239 333 364 
Vertex 365 distance 31
0 338 553 15 508 479 365 
Vertex 366 distance 25
0 393 195 366 
Vertex 367 distance 32
0 393 195 366 367 
Vertex 368 distance 39
0 393 195 366 327 359 211 230 368 
Vertex 369 distance 46
0 524 317 608 369 
Vertex 370 distance 46
0 338 553 291 298 370 
Vertex 371 distance 21
0 338 553 291 371 
Vertex 372 distance 34
0 393 605 297 372 
Vertex 373 distance 40
0 338 553 291 51 209 373 
Vertex 374 distance 51
0 338 334 77 374 
Vertex 375 distance 47
0 338 553 291 51 106 215 127 148 487 375 
Vertex 376 distance 39
0 393 195 366 327 359 211 535 376 
Vertex 377 distance 49
0 338 553 291 51 209 206 547 377 
Vertex 378 distance 37
0 393 605 378 
Vertex 379 distance 35
0 338 334 322 379 
Vertex 380 distance 37
0 338 553 291 298 380 
Vertex 381 distance 41
0 338 334 322 379 381 
Vertex 382 distance 40
0 393 195 366 327 359 165 237 382 
Vertex 383 distance 35
0 248 72 383 
Vertex 384 distance 47
0 338 455 273 284 586 384 
Vertex 385 distance 32
0 338 553 385 
Vertex 386 distance 41
0 338 553 291 371 431 386 
Vertex 387 distance 49
0 338 553 291 51 97 144 387 
Vertex 388 distance 56
0 393 195 366 327 359 540 388 
Vertex 389 distance 34
0 338 553 291 51 106 389 
Vertex 390 distance 42
0 338 553 291 51 418 233 390 
Vertex 391 distance 37
0 338 553 291 51 418 391 
Vertex 392 distance 51
0 248 72 392 
Vertex 393 distance 16
0 393 
Vertex 394 distance 47
0 338 455 273 60 394 
Vertex 395 distance 45
0 338 553 291 51 106 141 453 395 
Vertex 396 distance 46
0 248 72 1 590 396 
Vertex 397 distance 42
0 393 195 397 
Vertex 398 distance 44
0 393 195 607 398 
Vertex 399 distance 55
0 338 363 311 634 428 134 399 
Vertex 400 distance 46
0 393 195 454 400 
Vertex 401 distance 52
0 248 72 392 401 
Vertex 402 distance 36
0 338 553 15 508 402 
Vertex 403 distance 59
0 338 553 15 508 479 250 471 152 432 403 
Vertex 404 distance 39
0 338 553 291 371 110 404 
Vertex 405 distance 43
0 338 334 80 254 603 447 405 
Vertex 406 distance 39
0 393 195 366 327 564 458 8 406 
Vertex 407 distance 46
0 338 553 291 371 110 480 239 333 364 407 
Vertex 408 distance 37
0 338 553 291 51 100 408 
Vertex 409 distance 41
0 409 
Vertex 410 distance 47
0 393 605 297 410 
Vertex 411 distance 40
0 524 122 411 
Vertex 412 distance 47
0 338 553 291 371 110 39 292 622 482 412 
Vertex 413 distance 49
0 393 605 297 410 413 
Vertex 414 distance 38
0 393 195 366 327 359 165 414 
Vertex 415 distance 53
0 338 553 291 371 110 480 239 333 364 249 452 415 
Vertex 416 distance 47
0 393 195 366 327 416 
Vertex 417 distance 45
0 338 363 143 341 417 
Vertex 418 distance 32
0 338 553 291 51 418 
Vertex 419 distance 46
0 338 553 291 51 209 206 547 356 419 
Vertex 420 distance 46
0 338 553 15 508 305 420 
Vertex 421 distance 40
0 338 553 291 51 100 408 279 421 
Vertex 422 distance 44
0 393 195 607 170 422 
Vertex 423 distance 60
0 338 553 291 51 100 408 423 
Vertex 424 distance 35
0 393 195 530 424 
Vertex 425 distance 41
0 338 553 385 70 425 
Vertex 426 distance 34
0 393 426 
Vertex 427 distance 37
0 393 605 83 427 
Vertex 428 distance 37
0 338 363 311 634 428 
Vertex 429 distance 46
0 338 553 15 508 402 598 46 429 
Vertex 430 distance 42
0 338 553 385 70 425 430 
Vertex 431 distance 33
0 338 553 291 371 431 
Vertex 432 distance 50
0 338 553 15 508 479 250 471 152 432 
Vertex 433 distance 51
0 393 195 366 327 359 211 535 376 433 
Vertex 434 distance 52
0 393 195 366 367 596 434 
Vertex 435 distance 45
0 338 553 15 508 631 268 435 
Vertex 436 distance 48
0 338 334 197 436 
Vertex 437 distance 51
0 338 553 15 508 631 437 
Vertex 438 distance 39
0 393 195 366 327 359 165 414 438 
Vertex 439 distance 42
0 338 553 291 51 106 141 453 439 
Vertex 440 distance 40
0 393 195 366 327 359 211 340 440 
Vertex 441 distance 46
0 338 553 291 371 110 585 131 441 
Vertex 442 distance 44
0 393 195 366 327 564 458 138 442 
Vertex 443 distance 48
0 338 553 291 51 100 593 483 154 443 
Vertex 444 distance 53
0 338 553 291 371 110 585 131 444 
Vertex 445 distance 41
0 393 195 366 327 359 165 414 438 103 445 
Vertex 446 distance 38
0 338 553 15 508 479 365 86 37 446 
Vertex 447 distance 37
0 338 334 80 254 603 447 
Vertex 448 distance 44
0 338 334 80 161 448 
Vertex 449 distance 45
0 338 553 291 371 110 480 219 21 449 
Vertex 450 distance 32
0 338 553 15 508 479 365 450 
Vertex 451 distance 48
0 338 553 385 280 451 
Vertex 452 distance 43
0 338 553 291 371 110 480 239 333 364 249 452 
Vertex 453 distance 37
0 338 553 291 51 106 141 453 
Vertex 454 distance 34
0 393 195 454 
Vertex 455 distance 29
0 338 455 
Vertex 456 distance 45
0 338 553 291 51 97 144 278 456 
Vertex 457 distance 47
0 338 553 291 51 209 373 457 
Vertex 458 distance 35
0 393 195 366 327 564 458 
Vertex 459 distance 30
0 393 195 366 459 
Vertex 460 distance 47
0 338 553 291 371 110 480 108 460 
Vertex 461 distance 43
0 393 195 366 327 359 165 517 539 461 
Vertex 462 distance 46
0 338 553 291 51 106 215 127 148 462 
Vertex 463 distance 41
0 393 605 297 463 
Vertex 464 distance 43
0 338 553 15 508 136 29 464 
Vertex 465 distance 44
0 524 465 
Vertex 466 distance 43
0 338 553 291 51 209 206 466 
Vertex 467 distance 45
0 338 553 291 51 418 246 509 467 
Vertex 468 distance 40
0 393 195 366 327 359 211 230 368 468 
Vertex 469 distance 51
0 393 195 366 327 359 211 230 368 468 496 469 
Vertex 470 distance 50
0 338 553 291 371 552 470 
Vertex 471 distance 35
0 338 553 15 508 479 250 471 
Vertex 472 distance 51
0 338 553 291 298 380 591 472 
Vertex 473 distance 45
0 393 195 342 68 473 
Vertex 474 distance 53
0 338 553 291 51 418 233 390 474 
Vertex 475 distance 43
0 393 195 366 576 475 
Vertex 476 distance 40
0 338 553 291 371 110 480 239 476 
Vertex 477 distance 45
0 338 363 143 341 556 477 
Vertex 478 distance 40
0 338 553 291 51 100 478 
Vertex 479 distance 28
0 338 553 15 508 479 
Vertex 480 distance 29
0 338 553 291 371 110 480 
Vertex 481 distance 46
0 524 465 481 
Vertex 482 distance 39
0 338 553 291 371 110 39 292 622 482 
Vertex 483 distance 40
0 338 553 291 51 100 593 483 
Vertex 484 distance 40
0 393 195 366 327 564 484 
Vertex 485 distance 50
0 338 553 291 51 180 485 
Vertex 486 distance 45
0 338 553 291 51 362 520 486 
Vertex 487 distance 38
0 338 553 291 51 106 215 127 148 487 
Vertex 488 distance 39
0 524 82 332 488 
Vertex 489 distance 41
0 338 553 291 51 106 489 
Vertex 490 distance 42
0 338 334 80 254 94 490 
Vertex 491 distance 31
0 393 195 366 491 
Vertex 492 distance 41
0 338 553 291 371 110 39 562 492 
Vertex 493 distance 38
0 338 553 291 51 418 233 355 493 
Vertex 494 distance 35
0 393 605 297 494 
Vertex 495 distance 48
0 393 195 366 327 359 211 230 368 468 495 
Vertex 496 distance 50
0 393 195 366 327 359 211 230 368 468 496 
Vertex 497 distance 38
0 338 455 497 
Vertex 498 distance 48
0 393 195 366 327 359 165 414 438 103 216 498 
Vertex 499 distance 45
0 338 553 385 113 499 
Vertex 500 distance 39
0 338 553 291 371 110 480 171 500 
Vertex 501 distance 43
0 338 553 15 508 479 365 450 177 501 
Vertex 502 distance 38
0 338 553 291 371 110 39 292 502 
Vertex 503 distance 55
0 393 195 366 327 359 165 517 45 503 
Vertex 504 distance 42
0 338 553 291 51 418 233 504 
Vertex 505 distance 39
0 338 553 146 505 
Vertex 506 distance 37
0 393 195 342 506 
Vertex 507 distance 48
0 338 553 291 507 
Vertex 508 distance 25
0 338 553 15 508 
Vertex 509 distance 42
0 338 553 291 51 418 246 509 
Vertex 510 distance 48
0 248 510 
Vertex 511 distance 39
0 393 195 366 327 359 165 414 511 
Vertex 512 distance 34
0 338 553 291 51 106 141 512 
Vertex 513 distance 54
0 338 553 15 508 136 29 315 513 
Vertex 514 distance 42
0 393 195 366 327 564 458 514 
Vertex 515 distance 45
0 393 195 366 327 564 458 8 406 515 
Vertex 516 distance 58
0 338 553 291 371 552 516 
Vertex 517 distance 38
0 393 195 366 327 359 165 517 
Vertex 518 distance 54
0 338 553 291 51 106 389 518 
Vertex 519 distance 43
0 338 553 291 51 119 519 
Vertex 520 distance 40
0 338 553 291 51 362 520 
Vertex 521 distance 50
0 338 363 81 521 
Vertex 522 distance 51
0 338 553 291 51 106 215 17 522 
Vertex 523 distance 37
0 338 553 385 113 84 523 
Vertex 524 distance 29
0 524 
Vertex 525 distance 47
0 338 553 291 51 418 246 509 525 
Vertex 526 distance 43
0 338 334 80 244 526 
Vertex 527 distance 37
0 338 334 80 65 348 527 
Vertex 528 distance 38
0 338 553 291 298 380 528 
Vertex 529 distance 48
0 524 122 411 529 
Vertex 530 distance 33
0 393 195 530 
Vertex 531 distance 40
0 338 553 291 51 106 215 127 148 487 531 
Vertex 532 distance 50
0 524 313 231 532 
Vertex 533 distance 42
0 338 334 322 379 381 533 
Vertex 534 distance 45
0 338 553 291 371 110 39 562 492 534 
Vertex 535 distance 35
0 393 195 366 327 359 211 535 
Vertex 536 distance 39
0 338 334 80 65 536 
Vertex 537 distance 53
0 248 72 1 590 537 
Vertex 538 distance 45
0 338 553 291 371 431 572 538 
Vertex 539 distance 41
0 393 195 366 327 359 165 517 539 
Vertex 540 distance 47
0 393 195 366 327 359 540 
Vertex 541 distance 46
0 338 553 291 371 110 404 541 
Vertex 542 distance 36
0 393 605 104 542 
Vertex 543 distance 43
0 338 553 15 508 136 29 315 543 
Vertex 544 distance 37
0 338 553 291 51 100 544 
Vertex 545 distance 43
0 338 334 80 65 536 48 545 
Vertex 546 distance 47
0 338 334 197 546 
Vertex 547 distance 42
0 338 553 291 51 209 206 547 
Vertex 548 distance 48
0 338 334 80 65 536 548 
Vertex 549 distance 43
0 338 553 385 113 84 549 
Vertex 550 distance 48
0 393 195 366 327 359 550 
Vertex 551 distance 48
0 338 334 80 254 551 
Vertex 552 distance 29
0 338 553 291 371 552 
Vertex 553 distance 19
0 338 553 
Vertex 554 distance 42
0 338 553 291 51 106 489 554 
Vertex 555 distance 40
0 393 195 607 179 555 
Vertex 556 distance 43
0 338 363 143 341 556 
Vertex 557 distance 29
0 338 363 557 
Vertex 558 distance 44
0 393 195 366 327 359 165 558 
Vertex 559 distance 50
0 338 553 166 559 
Vertex 560 distance 40
0 338 363 143 560 
Vertex 561 distance 56
0 393 195 366 327 561 
Vertex 562 distance 34
0 338 553 291 371 110 39 562 
Vertex 563 distance 37
0 393 195 607 170 563 
Vertex 564 distance 29
0 393 195 366 327 564 
Vertex 565 distance 73
0 393 195 366 367 565 
Vertex 566 distance 37
0 393 195 366 327 359 211 535 566 
Vertex 567 distance 60
0 338 553 291 51 362 190 567 
Vertex 568 distance 34
0 524 568 
Vertex 569 distance 40
0 338 334 80 244 569 
Vertex 570 distance 46
0 338 553 15 508 589 310 570 
Vertex 571 distance 44
0 338 553 15 508 479 365 160 343 571 
Vertex 572 distance 34
0 338 553 291 371 431 572 
Vertex 573 distance 48
0 338 553 15 508 402 598 573 
Vertex 574 distance 34
0 393 195 366 327 564 574 
Vertex 575 distance 42
0 393 605 104 575 
Vertex 576 distance 39
0 393 195 366 576 
Vertex 577 distance 49
0 338 553 15 508 402 598 46 577 
Vertex 578 distance 60
0 338 553 385 113 288 578 
Vertex 579 distance 41
0 338 553 291 371 110 585 131 579 
Vertex 580 distance 44
0 338 553 291 371 110 480 239 333 364 580 
Vertex 581 distance 45
0 338 363 311 634 199 581 
Vertex 582 distance 42
0 338 553 291 371 110 480 239 333 364 249 582 
Vertex 583 distance 49
0 393 195 366 327 359 165 623 583 
Vertex 584 distance 53
0 338 553 291 51 106 489 20 584 
Vertex 585 distance 34
0 338 553 291 371 110 585 
Vertex 586 distance 40
0 338 455 273 284 586 
Vertex 587 distance 54
0 524 317 608 587 
Vertex 588 distance 40
0 393 605 297 372 135 588 
Vertex 589 distance 34
0 338 553 15 508 589 
Vertex 590 distance 40
0 248 72 1 590 
Vertex 591 distance 46
0 338 553 291 298 380 591 
Vertex 592 distance 42
0 393 195 366 327 49 592 
Vertex 593 distance 36
0 338 553 291 51 100 593 
Vertex 594 distance 55
0 338 455 273 284 620 594 
Vertex 595 distance 44
0 338 553 283 69 595 
Vertex 596 distance 42
0 393 195 366 367 596 
Vertex 597 distance 40
0 338 334 618 213 597 
Vertex 598 distance 37
0 338 553 15 508 402 598 
Vertex 599 distance 56
0 338 553 15 508 402 599 
Vertex 600 distance 44
0 338 553 291 51 418 233 390 600 
Vertex 601 distance 38
0 338 553 15 508 479 365 160 601 
Vertex 602 distance 41
0 338 553 15 508 479 250 222 602 
Vertex 603 distance 32
0 338 334 80 254 603 
Vertex 604 distance 48
0 338 553 385 113 604 
Vertex 605 distance 19
0 393 605 
Vertex 606 distance 43
0 338 553 15 508 479 365 450 606 
Vertex 607 distance 27
0 393 195 607 
Vertex 608 distance 38
0 524 317 608 
Vertex 609 distance 45
0 393 195 454 337 609 
Vertex 610 distance 41
0 393 605 104 610 
Vertex 611 distance 42
0 338 553 15 508 402 598 46 611 
Vertex 612 distance 55
0 524 568 612 
Vertex 613 distance 39
0 338 553 15 508 136 613 
Vertex 614 distance 44
0 338 553 291 51 97 144 278 614 
Vertex 615 distance 40
0 338 334 80 65 615 
Vertex 616 distance 40
0 338 334 80 65 616 
Vertex 617 distance 51
0 338 363 311 634 617 
Vertex 618 distance 27
0 338 334 618 
Vertex 619 distance 35
0 338 553 15 508 589 619 
Vertex 620 distance 47
0 338 455 273 284 620 
Vertex 621 distance 48
0 338 334 80 65 348 621 
Vertex 622 distance 34
0 338 553 291 371 110 39 292 622 
Vertex 623 distance 36
0 393 195 366 327 359 165 623 
Vertex 624 distance 42
0 248 624 
Vertex 625 distance 44
0 338 553 146 505 625 
Vertex 626 distance 45
0 338 363 311 634 428 626 
Vertex 627 distance 46
0 393 195 530 424 627 
Vertex 628 distance 41
0 338 334 80 65 348 628 
Vertex 629 distance 50
0 338 553 291 371 552 629 
Vertex 630 distance 42
0 393 605 297 372 135 588 630 
Vertex 631 distance 28
0 338 553 15 508 631 
Vertex 632 distance 39
0 393 605 104 542 632 
Vertex 633 distance 39
0 393 195 342 633 
Vertex 634 distance 35
0 338 363 311 634 
Vertex 635 distance 46
0 393 195 366 459 290 344 635 
Vertex 636 distance 55
0 338 553 15 636 
Vertex 637 distance 38
0 338 334 185 637 
Vertex 638 distance 48
0 338 553 291 51 106 141 638 
Vertex 639 distance 50
0 338 455 273 284 586 384 639 
