Vertex 0 distance 0
0 0 
Vertex 1 distance 24
0 207 395 612 59 184 1 
Vertex 2 distance 20
0 207 211 502 432 150 2 
Vertex 3 distance 20
0 207 395 115 408 127 41 243 3 
Vertex 4 distance 27
0 220 10 4 
Vertex 5 distance 19
0 391 406 575 26 56 5 
Vertex 6 distance 24
0 207 211 228 520 413 397 328 237 6 
Vertex 7 distance 23
0 207 395 419 556 218 104 7 
Vertex 8 distance 22
0 207 395 612 296 162 536 8 
Vertex 9 distance 16
0 207 395 16 470 9 
Vertex 10 distance 22
0 220 10 
Vertex 11 distance 17
0 207 395 419 11 
Vertex 12 distance 23
0 207 395 612 583 158 12 
Vertex 13 distance 17
0 207 211 262 581 13 
Vertex 14 distance 26
0 207 395 612 57 14 
Vertex 15 distance 21
0 391 406 575 26 56 332 15 
Vertex 16 distance 9
0 207 395 16 
Vertex 17 distance 19
0 207 395 16 146 264 191 317 213 17 
Vertex 18 distance 16
0 207 395 115 408 507 18 
Vertex 19 distance 25
0 391 406 19 
Vertex 20 distance 24
0 207 395 419 556 80 20 
Vertex 21 distance 24
0 207 211 502 260 21 
Vertex 22 distance 22
0 207 395 16 470 476 88 22 
Vertex 23 distance 21
0 207 211 27 366 422 23 
Vertex 24 distance 19
0 391 406 575 26 56 24 
Vertex 25 distance 22
0 391 601 25 
Vertex 26 distance 14
0 391 406 575 26 
Vertex 27 distance 10
0 207 211 27 
Vertex 28 distance 19
0 391 406 575 26 336 469 28 
Vertex 29 distance 17
0 207 395 612 485 503 29 
Vertex 30 distance 18
0 207 395 194 255 622 30 
Vertex 31 distance 23
0 207 211 502 432 584 625 198 31 
Vertex 32 distance 18
0 207 395 16 470 32 
Vertex 33 distance 22
0 207 211 33 
Vertex 34 distance 22
0 207 211 262 581 400 34 
Vertex 35 distance 21
0 207 395 612 485 503 617 178 35 
Vertex 36 distance 28
0 207 395 16 146 264 191 317 252 36 
Vertex 37 distance 20
0 391 406 575 26 336 37 
Vertex 38 distance 20
0 207 395 16 146 264 191 102 320 38 
Vertex 39 distance 9
0 207 395 39 
Vertex 40 distance 25
0 207 395 612 485 503 617 492 40 
Vertex 41 distance 16
0 207 395 115 408 127 41 
Vertex 42 distance 20
0 207 211 27 366 139 569 42 
Vertex 43 distance 19
0 207 395 115 43 
Vertex 44 distance 18
0 207 211 228 501 44 
Vertex 45 distance 21
0 207 395 115 408 507 18 495 45 
Vertex 46 distance 19
0 390 46 
Vertex 47 distance 25
0 207 211 529 47 
Vertex 48 distance 25
0 291 109 86 48 
Vertex 49 distance 20
0 207 395 612 94 62 458 481 153 49 
Vertex 50 distance 25
0 207 211 502 385 226 404 257 50 
Vertex 51 distance 19
0 207 211 27 71 471 628 51 
Vertex 52 distance 25
0 391 52 
Vertex 53 distance 22
0 207 211 502 432 150 134 452 53 
Vertex 54 distance 24
0 207 395 372 54 
Vertex 55 distance 19
0 207 211 215 55 
Vertex 56 distance 15
0 391 406 575 26 56 
Vertex 57 distance 18
0 207 395 612 57 
Vertex 58 distance 19
0 207 211 27 366 598 58 
Vertex 59 distance 20
0 207 395 612 59 
Vertex 60 distance 19
0 391 406 575 60 
Vertex 61 distance 15
0 207 395 16 61 
Vertex 62 distance 14
0 207 395 612 94 62 
Vertex 63 distance 25
0 207 211 262 581 63 
Vertex 64 distance 24
0 207 395 372 544 379 564 64 
Vertex 65 distance 9
0 207 395 419 65 
Vertex 66 distance 26
0 207 395 16 277 479 66 
Vertex 67 distance 22
0 207 395 16 470 67 
Vertex 68 distance 22
0 391 406 319 68 
Vertex 69 distance 21
0 207 395 16 470 9 230 626 69 
Vertex 70 distance 24
0 207 395 16 382 530 70 
Vertex 71 distance 14
0 207 211 27 71 
Vertex 72 distance 19
0 207 211 27 71 376 375 72 
Vertex 73 distance 22
0 207 395 16 146 114 532 73 
Vertex 74 distance 31
0 207 395 589 189 74 
Vertex 75 distance 13
0 207 395 16 146 264 75 
Vertex 76 distance 23
0 207 395 239 76 
Vertex 77 distance 25
0 207 211 529 364 77 
Vertex 78 distance 24
0 207 395 612 296 162 536 8 78 
Vertex 79 distance 17
0 207 395 419 79 
Vertex 80 distance 22
0 207 395 419 556 80 
Vertex 81 distance 19
0 207 395 194 255 622 30 81 
Vertex 82 distance 15
0 207 211 502 432 584 82 
Vertex 83 distance 21
0 207 211 529 364 83 
Vertex 84 distance 21
0 207 395 612 296 162 536 84 
Vertex 85 distance 17
0 207 211 27 366 598 595 85 
Vertex 86 distance 21
0 291 109 86 
Vertex 87 distance 19
0 207 211 27 71 471 87 
Vertex 88 distance 21
0 207 395 16 470 476 88 
Vertex 89 distance 23
0 207 395 16 470 442 89 
Vertex 90 distance 17
0 207 395 419 107 90 
Vertex 91 distance 24
0 207 211 215 91 
Vertex 92 distance 27
0 207 211 27 71 376 579 233 92 
Vertex 93 distance 20
0 207 395 16 146 93 
Vertex 94 distance 12
0 207 395 612 94 
Vertex 95 distance 17
0 207 395 419 107 95 
Vertex 96 distance 27
0 207 395 372 96 
Vertex 97 distance 14
0 207 395 39 269 97 
Vertex 98 distance 21
0 207 395 612 94 62 458 481 355 377 98 
Vertex 99 distance 26
0 207 211 502 385 99 
Vertex 100 distance 20
0 207 395 115 408 507 18 100 
Vertex 101 distance 25
0 207 211 27 366 299 261 101 
Vertex 102 distance 17
0 207 395 16 146 264 191 102 
Vertex 103 distance 24
0 207 395 115 103 
Vertex 104 distance 21
0 207 395 419 556 218 104 
Vertex 105 distance 21
0 207 395 372 499 105 
Vertex 106 distance 26
0 207 395 612 94 209 106 
Vertex 107 distance 11
0 207 395 419 107 
Vertex 108 distance 18
0 207 395 115 408 507 284 108 
Vertex 109 distance 17
0 291 109 
Vertex 110 distance 26
0 207 395 16 470 476 130 110 
Vertex 111 distance 20
0 207 395 612 111 
Vertex 112 distance 21
0 391 406 575 26 336 462 112 
Vertex 113 distance 23
0 207 395 16 470 32 232 113 
Vertex 114 distance 14
0 207 395 16 146 114 
Vertex 115 distance 12
0 207 395 115 
Vertex 116 distance 21
0 207 395 116 
Vertex 117 distance 22
0 291 513 117 
Vertex 118 distance 22
0 207 211 502 385 281 118 
Vertex 119 distance 16
0 207 395 612 119 
Vertex 120 distance 23
0 207 395 16 470 293 120 
Vertex 121 distance 24
0 207 395 612 119 188 436 326 121 
Vertex 122 distance 21
0 207 395 612 435 122 
Vertex 123 distance 23
0 207 395 612 119 188 609 123 
Vertex 124 distance 11
0 207 395 419 65 124 
Vertex 125 distance 21
0 207 211 502 125 
Vertex 126 distance 16
0 207 395 16 146 126 
Vertex 127 distance 15
0 207 395 115 408 127 
Vertex 128 distance 23
0 207 395 612 485 503 617 178 128 
Vertex 129 distance 17
0 207 395 194 129 
Vertex 130 distance 19
0 207 395 16 470 476 130 
Vertex 131 distance 16
0 207 395 419 131 
Vertex 132 distance 22
0 207 395 16 146 510 132 
Vertex 133 distance 24
0 207 395 39 411 190 133 
Vertex 134 distance 16
0 207 211 502 432 150 134 
Vertex 135 distance 21
0 207 395 419 107 90 135 
Vertex 136 distance 25
0 391 406 575 26 336 469 276 136 
Vertex 137 distance 24
0 207 395 612 59 184 137 
Vertex 138 distance 18
0 207 211 27 366 598 138 
Vertex 139 distance 16
0 207 211 27 366 139 
Vertex 140 distance 19
0 207 395 339 445 140 
Vertex 141 distance 23
0 220 10 141 
Vertex 142 distance 21
0 207 395 16 146 264 142 
Vertex 143 distance 22
0 207 395 612 435 451 330 143 
Vertex 144 distance 22
0 207 395 612 119 259 144 
Vertex 145 distance 21
0 207 211 262 581 13 145 
Vertex 146 distance 11
0 207 395 16 146 
Vertex 147 distance 21
0 391 406 575 26 336 577 147 
Vertex 148 distance 23
0 207 395 612 296 162 536 84 148 
Vertex 149 distance 21
0 207 211 27 366 598 149 
Vertex 150 distance 14
0 207 211 502 432 150 
Vertex 151 distance 20
0 207 211 502 295 151 
Vertex 152 distance 25
0 207 395 16 470 478 410 169 603 152 
Vertex 153 distance 17
0 207 395 612 94 62 458 481 153 
Vertex 154 distance 24
0 207 395 339 629 505 234 154 
Vertex 155 distance 21
0 391 406 575 26 336 155 
Vertex 156 distance 22
0 207 395 612 435 156 
Vertex 157 distance 20
0 391 294 423 157 
Vertex 158 distance 17
0 207 395 612 583 158 
Vertex 159 distance 20
0 390 590 159 
Vertex 160 distance 21
0 207 395 16 470 32 197 160 
Vertex 161 distance 22
0 207 395 16 470 478 560 161 
Vertex 162 distance 15
0 207 395 612 296 162 
Vertex 163 distance 20
0 207 395 612 94 62 458 481 394 163 
Vertex 164 distance 17
0 207 395 194 164 
Vertex 165 distance 23
0 207 211 228 520 413 310 428 165 
Vertex 166 distance 25
0 207 395 612 94 62 458 481 394 166 
Vertex 167 distance 24
0 391 406 167 
Vertex 168 distance 23
0 207 395 16 470 9 568 168 
Vertex 169 distance 20
0 207 395 16 470 478 410 169 
Vertex 170 distance 19
0 207 395 16 277 170 
Vertex 171 distance 20
0 207 395 16 470 476 171 
Vertex 172 distance 31
0 207 395 612 296 162 536 84 172 
Vertex 173 distance 28
0 207 211 215 55 173 
Vertex 174 distance 17
0 207 211 215 174 
Vertex 175 distance 18
0 207 395 612 94 62 175 
Vertex 176 distance 21
0 207 211 215 55 176 
Vertex 177 distance 19
0 391 406 575 26 336 469 177 
Vertex 178 distance 19
0 207 395 612 485 503 617 178 
Vertex 179 distance 19
0 207 211 502 179 
Vertex 180 distance 22
0 207 395 612 485 503 617 492 180 
Vertex 181 distance 24
0 207 395 612 57 270 181 
Vertex 182 distance 23
0 207 395 612 583 182 
Vertex 183 distance 16
0 207 395 16 146 264 191 183 
Vertex 184 distance 21
0 207 395 612 59 184 
Vertex 185 distance 27
0 207 211 27 71 471 185 
Vertex 186 distance 18
0 207 211 27 366 598 552 186 
Vertex 187 distance 19
0 207 395 372 499 187 
Vertex 188 distance 17
0 207 395 612 119 188 
Vertex 189 distance 26
0 207 395 589 189 
Vertex 190 distance 19
0 207 395 39 411 190 
Vertex 191 distance 13
0 207 395 16 146 264 191 
Vertex 192 distance 18
0 207 395 39 387 192 
Vertex 193 distance 18
0 207 395 16 61 193 
Vertex 194 distance 9
0 207 395 194 
Vertex 195 distance 23
0 391 406 575 26 336 195 
Vertex 196 distance 19
0 207 395 16 146 264 191 196 
Vertex 197 distance 19
0 207 395 16 470 32 197 
Vertex 198 distance 20
0 207 211 502 432 584 625 198 
Vertex 199 distance 20
0 207 211 262 581 400 199 
Vertex 200 distance 25
0 207 211 502 432 150 2 200 
Vertex 201 distance 19
0 207 211 529 201 
Vertex 202 distance 23
0 207 395 612 57 270 202 
Vertex 203 distance 20
0 207 395 585 203 
Vertex 204 distance 20
0 207 395 612 296 162 536 222 204 
Vertex 205 distance 20
0 207 211 262 581 580 205 
Vertex 206 distance 22
0 207 395 612 485 503 29 206 
Vertex 207 distance 4
0 207 
Vertex 208 distance 20
0 207 211 27 366 598 552 208 
Vertex 209 distance 15
0 207 395 612 94 209 
Vertex 210 distance 22
0 391 406 575 26 336 469 210 
Vertex 211 distance 7
0 207 211 
Vertex 212 distance 19
0 207 395 115 408 127 41 525 212 
Vertex 213 distance 18
0 207 395 16 146 264 191 317 213 
Vertex 214 distance 23
0 207 395 194 255 389 214 
Vertex 215 distance 16
0 207 211 215 
Vertex 216 distance 21
0 207 211 262 581 13 274 620 216 
Vertex 217 distance 19
0 207 211 27 71 323 217 
Vertex 218 distance 20
0 207 395 419 556 218 
Vertex 219 distance 24
0 207 395 16 146 264 75 300 231 219 
Vertex 220 distance 16
0 220 
Vertex 221 distance 20
0 207 395 612 296 162 536 221 
Vertex 222 distance 18
0 207 395 612 296 162 536 222 
Vertex 223 distance 24
0 207 395 194 223 
Vertex 224 distance 18
0 207 395 612 583 224 
Vertex 225 distance 17
0 391 406 575 26 225 
Vertex 226 distance 17
0 207 211 502 385 226 
Vertex 227 distance 23
0 207 395 612 94 62 458 481 534 227 
Vertex 228 distance 12
0 207 211 228 
Vertex 229 distance 24
0 207 395 16 470 9 305 229 
Vertex 230 distance 18
0 207 395 16 470 9 230 
Vertex 231 distance 20
0 207 395 16 146 264 75 300 231 
Vertex 232 distance 20
0 207 395 16 470 32 232 
Vertex 233 distance 25
0 207 211 27 71 376 579 233 
Vertex 234 distance 22
0 207 395 339 629 505 234 
Vertex 235 distance 23
0 207 211 262 581 400 34 235 
Vertex 236 distance 21
0 207 211 27 71 236 
Vertex 237 distance 22
0 207 211 228 520 413 397 328 237 
Vertex 238 distance 19
0 207 395 612 435 238 
Vertex 239 distance 19
0 207 395 239 
Vertex 240 distance 20
0 391 406 575 60 240 
Vertex 241 distance 23
0 207 211 502 432 584 463 241 
Vertex 242 distance 26
0 207 395 16 146 242 
Vertex 243 distance 18
0 207 395 115 408 127 41 243 
Vertex 244 distance 24
0 207 395 612 119 259 144 244 
Vertex 245 distance 22
0 207 395 16 146 510 308 245 
Vertex 246 distance 19
0 207 395 194 255 246 
Vertex 247 distance 21
0 391 406 319 288 247 
Vertex 248 distance 13
0 207 395 419 248 
Vertex 249 distance 26
0 207 395 39 269 249 
Vertex 250 distance 23
0 391 406 575 26 56 332 290 250 
Vertex 251 distance 23
0 391 406 575 26 336 155 251 
Vertex 252 distance 20
0 207 395 16 146 264 191 317 252 
Vertex 253 distance 29
0 391 406 575 60 240 253 
Vertex 254 distance 16
0 391 294 254 
Vertex 255 distance 14
0 207 395 194 255 
Vertex 256 distance 21
0 207 395 419 556 256 
Vertex 257 distance 24
0 207 211 502 385 226 404 257 
Vertex 258 distance 23
0 207 395 115 408 507 346 258 
Vertex 259 distance 18
0 207 395 612 119 259 
Vertex 260 distance 18
0 207 211 502 260 
Vertex 261 distance 23
0 207 211 27 366 299 261 
Vertex 262 distance 13
0 207 211 262 
Vertex 263 distance 18
0 207 211 502 432 150 263 
Vertex 264 distance 12
0 207 395 16 146 264 
Vertex 265 distance 18
0 207 395 16 146 265 
Vertex 266 distance 16
0 207 395 16 146 266 
Vertex 267 distance 26
0 207 395 612 119 188 436 326 121 267 
Vertex 268 distance 25
0 207 395 16 470 9 568 168 268 
Vertex 269 distance 13
0 207 395 39 269 
Vertex 270 distance 22
0 207 395 612 57 270 
Vertex 271 distance 22
0 207 395 194 255 246 271 
Vertex 272 distance 25
0 391 406 575 60 240 272 
Vertex 273 distance 22
0 207 395 115 408 507 18 273 
Vertex 274 distance 18
0 207 211 262 581 13 274 
Vertex 275 distance 20
0 207 395 612 296 554 275 
Vertex 276 distance 20
0 391 406 575 26 336 469 276 
Vertex 277 distance 18
0 207 395 16 277 
Vertex 278 distance 17
0 207 395 419 65 278 
Vertex 279 distance 18
0 391 279 
Vertex 280 distance 20
0 207 395 612 583 280 
Vertex 281 distance 21
0 207 211 502 385 281 
Vertex 282 distance 20
0 207 395 372 499 187 282 
Vertex 283 distance 20
0 207 395 194 255 246 283 
Vertex 284 distance 16
0 207 395 115 408 507 284 
Vertex 285 distance 22
0 207 395 16 470 32 197 292 285 
Vertex 286 distance 21
0 207 211 27 366 139 286 
Vertex 287 distance 19
0 207 395 612 119 188 287 
Vertex 288 distance 18
0 391 406 319 288 
Vertex 289 distance 20
0 207 395 339 445 289 
Vertex 290 distance 22
0 391 406 575 26 56 332 290 
Vertex 291 distance 16
0 291 
Vertex 292 distance 21
0 207 395 16 470 32 197 292 
Vertex 293 distance 17
0 207 395 16 470 293 
Vertex 294 distance 15
0 391 294 
Vertex 295 distance 15
0 207 211 502 295 
Vertex 296 distance 13
0 207 395 612 296 
Vertex 297 distance 26
0 207 211 228 520 413 310 428 165 297 
Vertex 298 distance 21
0 207 395 16 470 32 232 298 
Vertex 299 distance 19
0 207 211 27 366 299 
Vertex 300 distance 17
0 207 395 16 146 264 75 300 
Vertex 301 distance 18
0 207 211 27 71 376 301 
Vertex 302 distance 21
0 291 109 302 
Vertex 303 distance 21
0 207 395 612 94 62 458 481 394 303 
Vertex 304 distance 21
0 391 406 575 621 304 
Vertex 305 distance 22
0 207 395 16 470 9 305 
Vertex 306 distance 25
0 207 395 16 470 476 171 599 306 
Vertex 307 distance 19
0 207 211 502 385 226 307 
Vertex 308 distance 18
0 207 395 16 146 510 308 
Vertex 309 distance 27
0 207 395 16 470 67 309 
Vertex 310 distance 16
0 207 211 228 520 413 310 
Vertex 311 distance 25
0 207 211 228 501 493 311 
Vertex 312 distance 22
0 207 395 419 107 90 312 
Vertex 313 distance 25
0 207 395 612 583 313 
Vertex 314 distance 32
0 207 395 419 541 508 314 
Vertex 315 distance 26
0 207 211 27 71 236 315 
Vertex 316 distance 19
0 207 211 228 520 413 310 316 
Vertex 317 distance 15
0 207 395 16 146 264 191 317 
Vertex 318 distance 21
0 207 211 27 366 139 569 318 
Vertex 319 distance 17
0 391 406 319 
Vertex 320 distance 19
0 207 395 16 146 264 191 102 320 
Vertex 321 distance 17
0 207 395 16 146 264 191 317 321 
Vertex 322 distance 18
0 207 395 419 541 322 
Vertex 323 distance 15
0 207 211 27 71 323 
Vertex 324 distance 17
0 207 395 372 544 324 
Vertex 325 distance 24
0 207 395 16 146 126 325 
Vertex 326 distance 21
0 207 395 612 119 188 436 326 
Vertex 327 distance 23
0 207 211 262 581 580 327 
Vertex 328 distance 21
0 207 211 228 520 413 397 328 
Vertex 329 distance 19
0 207 395 16 146 264 191 317 213 329 
Vertex 330 distance 21
0 207 395 612 435 451 330 
Vertex 331 distance 22
0 207 211 502 432 584 331 
Vertex 332 distance 19
0 391 406 575 26 56 332 
Vertex 333 distance 16
0 207 395 16 146 264 75 333 
Vertex 334 distance 22
0 207 395 612 296 162 536 222 334 
Vertex 335 distance 15
0 207 395 339 335 
Vertex 336 distance 16
0 391 406 575 26 336 
Vertex 337 distance 24
0 207 395 16 146 266 337 
Vertex 338 distance 22
0 207 211 27 366 299 338 
Vertex 339 distance 12
0 207 395 339 
Vertex 340 distance 21
0 207 395 612 119 188 609 340 
Vertex 341 distance 12
0 207 211 529 341 
Vertex 342 distance 21
0 207 395 339 600 342 
Vertex 343 distance 19
0 207 395 372 544 324 343 
Vertex 344 distance 24
0 207 211 262 581 13 274 344 
Vertex 345 distance 22
0 207 395 194 255 354 345 
Vertex 346 distance 19
0 207 395 115 408 507 346 
Vertex 347 distance 24
0 207 211 262 581 400 34 347 
Vertex 348 distance 21
0 207 211 502 432 584 550 348 
Vertex 349 distance 19
0 207 395 612 119 188 349 
Vertex 350 distance 16
0 207 395 339 335 350 
Vertex 351 distance 24
0 291 109 351 
Vertex 352 distance 17
0 207 211 502 295 352 
Vertex 353 distance 23
0 207 395 339 445 637 353 
Vertex 354 distance 20
0 207 395 194 255 354 
Vertex 355 distance 19
0 207 395 612 94 62 458 481 355 
Vertex 356 distance 22
0 207 395 16 146 264 191 196 356 
Vertex 357 distance 23
0 207 395 419 65 124 438 434 357 
Vertex 358 distance 20
0 207 395 585 358 
Vertex 359 distance 22
0 207 395 16 470 9 230 359 
Vertex 360 distance 18
0 207 395 115 408 127 41 360 
Vertex 361 distance 20
0 391 406 575 26 336 469 177 361 
Vertex 362 distance 25
0 207 395 194 223 362 
Vertex 363 distance 25
0 207 395 16 470 478 410 169 603 363 
Vertex 364 distance 18
0 207 211 529 364 
Vertex 365 distance 28
0 207 211 529 364 83 365 
Vertex 366 distance 12
0 207 211 27 366 
Vertex 367 distance 19
0 207 395 612 583 224 367 
Vertex 368 distance 22
0 207 395 612 94 62 458 481 355 368 
Vertex 369 distance 21
0 207 395 612 94 62 458 481 355 377 369 
Vertex 370 distance 19
0 291 370 
Vertex 371 distance 19
0 291 109 371 
Vertex 372 distance 12
0 207 395 372 
Vertex 373 distance 26
0 291 109 302 373 
Vertex 374 distance 23
0 207 395 612 119 188 436 326 374 
Vertex 375 distance 17
0 207 211 27 71 376 375 
Vertex 376 distance 16
0 207 211 27 71 376 
Vertex 377 distance 20
0 207 395 612 94 62 458 481 355 377 
Vertex 378 distance 22
0 207 395 16 470 9 230 378 
Vertex 379 distance 20
0 207 395 372 544 379 
Vertex 380 distance 22
0 207 395 419 65 124 380 
Vertex 381 distance 27
0 207 395 194 164 381 
Vertex 382 distance 16
0 207 395 16 382 
Vertex 383 distance 23
0 207 395 115 408 507 18 495 623 383 
Vertex 384 distance 30
0 207 395 419 65 124 438 434 384 
Vertex 385 distance 13
0 207 211 502 385 
Vertex 386 distance 18
0 207 211 502 385 226 386 
Vertex 387 distance 13
0 207 395 39 387 
Vertex 388 distance 22
0 391 406 575 26 336 469 28 388 
Vertex 389 distance 19
0 207 395 194 255 389 
Vertex 390 distance 17
0 390 
Vertex 391 distance 10
0 391 
Vertex 392 distance 23
0 207 395 16 470 476 392 
Vertex 393 distance 20
0 207 395 16 146 264 75 573 393 
Vertex 394 distance 17
0 207 395 612 94 62 458 481 394 
Vertex 395 distance 5
0 207 395 
Vertex 396 distance 22
0 207 395 16 146 264 75 333 396 
Vertex 397 distance 19
0 207 211 228 520 413 397 
Vertex 398 distance 23
0 207 395 612 119 259 144 398 
Vertex 399 distance 25
0 207 395 612 57 399 
Vertex 400 distance 19
0 207 211 262 581 400 
Vertex 401 distance 27
0 207 395 16 146 510 308 245 401 
Vertex 402 distance 21
0 207 395 372 544 324 402 
Vertex 403 distance 21
0 390 403 
Vertex 404 distance 18
0 207 211 502 385 226 404 
Vertex 405 distance 23
0 207 395 612 296 162 536 8 405 
Vertex 406 distance 11
0 391 406 
Vertex 407 distance 20
0 407 
Vertex 408 distance 13
0 207 395 115 408 
Vertex 409 distance 28
0 391 409 
Vertex 410 distance 17
0 207 395 16 470 478 410 
Vertex 411 distance 18
0 207 395 39 411 
Vertex 412 distance 19
0 207 395 612 94 62 506 412 
Vertex 413 distance 15
0 207 211 228 520 413 
Vertex 414 distance 17
0 207 395 16 146 264 191 414 
Vertex 415 distance 30
0 207 395 339 335 350 538 415 
Vertex 416 distance 26
0 207 211 502 416 
Vertex 417 distance 22
0 207 395 372 544 379 564 417 
Vertex 418 distance 24
0 207 395 612 94 62 506 418 
Vertex 419 distance 8
0 207 395 419 
Vertex 420 distance 23
0 207 211 502 432 584 463 425 420 
Vertex 421 distance 40
0 207 211 502 432 584 82 421 
Vertex 422 distance 19
0 207 211 27 366 422 
Vertex 423 distance 18
0 391 294 423 
Vertex 424 distance 18
0 207 211 502 385 424 
Vertex 425 distance 22
0 207 211 502 432 584 463 425 
Vertex 426 distance 31
0 207 395 419 556 218 426 
Vertex 427 distance 15
0 207 395 419 427 
Vertex 428 distance 18
0 207 211 228 520 413 310 428 
Vertex 429 distance 25
0 207 211 262 581 429 
Vertex 430 distance 20
0 391 406 319 288 430 
Vertex 431 distance 20
0 207 395 16 470 431 
Vertex 432 distance 12
0 207 211 502 432 
Vertex 433 distance 17
0 207 395 419 556 433 
Vertex 434 distance 21
0 207 395 419 65 124 438 434 
Vertex 435 distance 17
0 207 395 612 435 
Vertex 436 distance 19
0 207 395 612 119 188 436 
Vertex 437 distance 19
0 207 211 27 366 598 552 186 437 
Vertex 438 distance 20
0 207 395 419 65 124 438 
Vertex 439 distance 20
0 391 601 439 
Vertex 440 distance 24
0 207 395 419 556 433 440 
Vertex 441 distance 22
0 207 211 228 520 413 397 328 441 
Vertex 442 distance 18
0 207 395 16 470 442 
Vertex 443 distance 20
0 207 211 502 385 226 307 443 
Vertex 444 distance 22
0 291 109 86 444 
Vertex 445 distance 16
0 207 395 339 445 
Vertex 446 distance 25
0 207 395 339 446 
Vertex 447 distance 22
0 207 211 215 174 447 
Vertex 448 distance 22
0 207 395 612 583 158 448 
Vertex 449 distance 18
0 207 395 419 449 
Vertex 450 distance 17
0 207 395 372 499 450 
Vertex 451 distance 20
0 207 395 612 435 451 
Vertex 452 distance 19
0 207 211 502 432 150 134 452 
Vertex 453 distance 25
0 207 395 16 470 32 197 160 453 
Vertex 454 distance 26
0 207 395 16 146 266 454 
Vertex 455 distance 20
0 207 211 27 71 376 455 
Vertex 456 distance 17
0 291 456 
Vertex 457 distance 19
0 207 395 194 129 457 
Vertex 458 distance 15
0 207 395 612 94 62 458 
Vertex 459 distance 26
0 207 211 502 432 584 459 
Vertex 460 distance 20
0 207 395 612 119 188 609 460 
Vertex 461 distance 21
0 207 395 612 485 503 461 
Vertex 462 distance 20
0 391 406 575 26 336 462 
Vertex 463 distance 19
0 207 211 502 432 584 463 
Vertex 464 distance 23
0 391 406 575 26 336 469 210 464 
Vertex 465 distance 18
0 207 395 16 146 264 191 317 465 
Vertex 466 distance 16
0 207 395 16 146 466 
Vertex 467 distance 22
0 207 211 27 366 598 595 467 
Vertex 468 distance 18
0 207 395 612 94 62 458 481 468 
Vertex 469 distance 18
0 391 406 575 26 336 469 
Vertex 470 distance 14
0 207 395 16 470 
Vertex 471 distance 16
0 207 211 27 71 471 
Vertex 472 distance 20
0 207 211 27 71 376 579 472 
Vertex 473 distance 19
0 207 211 262 473 
Vertex 474 distance 26
0 207 395 612 119 474 
Vertex 475 distance 22
0 207 395 115 408 507 18 495 45 475 
Vertex 476 distance 18
0 207 395 16 470 476 
Vertex 477 distance 24
0 207 211 529 341 477 
Vertex 478 distance 16
0 207 395 16 470 478 
Vertex 479 distance 20
0 207 395 16 277 479 
Vertex 480 distance 27
0 207 211 228 501 44 480 
Vertex 481 distance 16
0 207 395 612 94 62 458 481 
Vertex 482 distance 24
0 207 395 16 146 265 482 
Vertex 483 distance 22
0 291 109 371 483 
Vertex 484 distance 21
0 207 211 529 341 484 
Vertex 485 distance 14
0 207 395 612 485 
Vertex 486 distance 19
0 207 395 16 146 466 486 
Vertex 487 distance 20
0 291 456 487 
Vertex 488 distance 22
0 207 395 612 485 503 461 488 
Vertex 489 distance 23
0 391 406 319 288 489 
Vertex 490 distance 22
0 391 406 575 26 336 577 147 490 
Vertex 491 distance 21
0 207 211 27 366 422 491 
Vertex 492 distance 21
0 207 395 612 485 503 617 492 
Vertex 493 distance 22
0 207 211 228 501 493 
Vertex 494 distance 20
0 207 211 529 548 494 
Vertex 495 distance 19
0 207 395 115 408 507 18 495 
Vertex 496 distance 22
0 207 211 502 260 496 
Vertex 497 distance 27
0 207 211 529 364 83 497 
Vertex 498 distance 20
0 391 406 575 26 336 469 498 
Vertex 499 distance 16
0 207 395 372 499 
Vertex 500 distance 17
0 207 395 115 408 507 500 
Vertex 501 distance 17
0 207 211 228 501 
Vertex 502 distance 11
0 207 211 502 
Vertex 503 distance 15
0 207 395 612 485 503 
Vertex 504 distance 22
0 207 395 39 411 504 
Vertex 505 distance 21
0 207 395 339 629 505 
Vertex 506 distance 15
0 207 395 612 94 62 506 
Vertex 507 distance 15
0 207 395 115 408 507 
Vertex 508 distance 27
0 207 395 419 541 508 
Vertex 509 distance 21
0 207 395 16 146 264 191 317 465 509 
Vertex 510 distance 14
0 207 395 16 146 510 
Vertex 511 distance 27
0 207 211 27 366 598 595 85 511 
Vertex 512 distance 24
0 207 395 115 408 507 18 516 512 
Vertex 513 distance 18
0 291 513 
Vertex 514 distance 26
0 207 395 612 435 238 514 
Vertex 515 distance 21
0 207 211 262 581 13 515 
Vertex 516 distance 21
0 207 395 115 408 507 18 516 
Vertex 517 distance 23
0 207 395 194 255 622 30 81 517 
Vertex 518 distance 22
0 207 395 419 556 256 518 
Vertex 519 distance 24
0 207 211 27 71 376 579 472 519 
Vertex 520 distance 13
0 207 211 228 520 
Vertex 521 distance 22
0 207 395 115 408 507 18 495 521 
Vertex 522 distance 23
0 207 211 228 520 413 397 328 522 
Vertex 523 distance 28
0 207 395 612 119 188 349 523 
Vertex 524 distance 21
0 207 395 115 408 127 41 524 
Vertex 525 distance 18
0 207 395 115 408 127 41 525 
Vertex 526 distance 21
0 207 395 372 544 324 343 526 
Vertex 527 distance 24
0 391 406 575 26 336 469 177 361 527 
Vertex 528 distance 26
0 207 211 502 179 528 
Vertex 529 distance 9
0 207 211 529 
Vertex 530 distance 18
0 207 395 16 382 530 
Vertex 531 distance 21
0 207 395 39 269 97 531 
Vertex 532 distance 19
0 207 395 16 146 114 532 
Vertex 533 distance 21
0 391 406 575 26 336 469 276 533 
Vertex 534 distance 18
0 207 395 612 94 62 458 481 534 
Vertex 535 distance 21
0 207 395 612 94 62 458 481 153 535 
Vertex 536 distance 17
0 207 395 612 296 162 536 
Vertex 537 distance 17
0 207 395 585 537 
Vertex 538 distance 20
0 207 395 339 335 350 538 
Vertex 539 distance 18
0 207 395 612 94 633 539 
Vertex 540 distance 22
0 207 395 16 470 476 171 540 
Vertex 541 distance 13
0 207 395 419 541 
Vertex 542 distance 24
0 207 395 372 544 324 402 542 
Vertex 543 distance 21
0 207 211 529 571 543 
Vertex 544 distance 13
0 207 395 372 544 
Vertex 545 distance 22
0 207 211 262 581 13 274 545 
Vertex 546 distance 21
0 207 395 612 296 162 536 222 546 
Vertex 547 distance 22
0 207 395 16 382 530 547 
Vertex 548 distance 17
0 207 211 529 548 
Vertex 549 distance 29
0 207 395 194 164 593 549 
Vertex 550 distance 16
0 207 211 502 432 584 550 
Vertex 551 distance 30
0 207 395 612 57 270 202 551 
Vertex 552 distance 16
0 207 211 27 366 598 552 
Vertex 553 distance 19
0 207 395 553 
Vertex 554 distance 18
0 207 395 612 296 554 
Vertex 555 distance 23
0 207 395 16 470 32 232 555 
Vertex 556 distance 12
0 207 395 419 556 
Vertex 557 distance 20
0 207 395 612 435 238 557 
Vertex 558 distance 22
0 207 211 27 71 376 579 472 558 
Vertex 559 distance 23
0 207 395 612 296 162 536 8 559 
Vertex 560 distance 21
0 207 395 16 470 478 560 
Vertex 561 distance 22
0 207 211 502 385 226 404 561 
Vertex 562 distance 23
0 207 395 612 94 62 562 
Vertex 563 distance 23
0 207 395 612 563 
Vertex 564 distance 21
0 207 395 372 544 379 564 
Vertex 565 distance 19
0 207 395 612 119 188 609 565 
Vertex 566 distance 24
0 207 395 419 541 566 
Vertex 567 distance 27
0 207 211 262 581 13 274 567 
Vertex 568 distance 18
0 207 395 16 470 9 568 
Vertex 569 distance 19
0 207 211 27 366 139 569 
Vertex 570 distance 22
0 207 395 339 445 570 
Vertex 571 distance 12
0 207 211 529 571 
Vertex 572 distance 23
0 207 395 612 94 62 458 481 394 572 
Vertex 573 distance 16
0 207 395 16 146 264 75 573 
Vertex 574 distance 22
0 391 294 574 
Vertex 575 distance 13
0 391 406 575 
Vertex 576 distance 23
0 576 
Vertex 577 distance 20
0 391 406 575 26 336 577 
Vertex 578 distance 21
0 207 395 612 583 224 578 
Vertex 579 distance 18
0 207 211 27 71 376 579 
Vertex 580 distance 18
0 207 211 262 581 580 
Vertex 581 distance 16
0 207 211 262 581 
Vertex 582 distance 18
0 391 406 319 582 
Vertex 583 distance 13
0 207 395 612 583 
Vertex 584 distance 13
0 207 211 502 432 584 
Vertex 585 distance 16
0 207 395 585 
Vertex 586 distance 20
0 207 211 502 432 586 
Vertex 587 distance 19
0 207 395 16 470 476 587 
Vertex 588 distance 22
0 391 406 575 26 336 588 
Vertex 589 distance 21
0 207 395 589 
Vertex 590 distance 18
0 390 590 
Vertex 591 distance 18
0 207 395 419 65 591 
Vertex 592 distance 19
0 207 395 612 94 62 592 
Vertex 593 distance 20
0 207 395 194 164 593 
Vertex 594 distance 25
0 207 211 529 364 594 
Vertex 595 distance 16
0 207 211 27 366 598 595 
Vertex 596 distance 19
0 391 406 575 26 336 469 596 
Vertex 597 distance 21
0 207 211 529 548 597 
Vertex 598 distance 13
0 207 211 27 366 598 
Vertex 599 distance 21
0 207 395 16 470 476 171 599 
Vertex 600 distance 18
0 207 395 339 600 
Vertex 601 distance 12
0 391 601 
Vertex 602 distance 18
0 207 395 419 65 278 602 
Vertex 603 distance 21
0 207 395 16 470 478 410 169 603 
Vertex 604 distance 23
0 207 211 262 581 580 205 604 
Vertex 605 distance 19
0 207 395 16 146 264 191 317 321 605 
Vertex 606 distance 22
0 207 395 16 470 9 230 626 606 
Vertex 607 distance 24
0 207 395 372 544 324 402 607 
Vertex 608 distance 22
0 207 395 419 608 
Vertex 609 distance 18
0 207 395 612 119 188 609 
Vertex 610 distance 25
0 207 395 16 146 264 191 102 610 
Vertex 611 distance 22
0 207 395 612 435 238 611 
Vertex 612 distance 10
0 207 395 612 
Vertex 613 distance 21
0 207 395 16 277 479 613 
Vertex 614 distance 26
0 207 395 39 411 614 
Vertex 615 distance 26
0 207 211 502 125 615 
Vertex 616 distance 26
0 207 395 39 269 616 
Vertex 617 distance 18
0 207 395 612 485 503 617 
Vertex 618 distance 18
0 207 211 27 366 598 595 618 
Vertex 619 distance 22
0 390 590 159 619 
Vertex 620 distance 19
0 207 211 262 581 13 274 620 
Vertex 621 distance 18
0 391 406 575 621 
Vertex 622 distance 16
0 207 395 194 255 622 
Vertex 623 distance 21
0 207 395 115 408 507 18 495 623 
Vertex 624 distance 22
0 207 395 16 470 624 
Vertex 625 distance 19
0 207 211 502 432 584 625 
Vertex 626 distance 20
0 207 395 16 470 9 230 626 
Vertex 627 distance 24
0 391 406 319 636 627 
Vertex 628 distance 18
0 207 211 27 71 471 628 
Vertex 629 distance 20
0 207 395 339 629 
Vertex 630 distance 27
0 391 406 575 621 304 630 
Vertex 631 distance 27
0 207 395 612 94 62 175 631 
Vertex 632 distance 19
0 207 211 262 581 580 632 
Vertex 633 distance 16
0 207 395 612 94 633 
Vertex 634 distance 21
0 207 211 27 366 598 595 618 634 
Vertex 635 distance 21
0 207 211 502 179 635 
Vertex 636 distance 18
0 391 406 319 636 
Vertex 637 distance 19
0 207 395 339 445 637 
Vertex 638 distance 24
0 207 395 16 470 478 560 161 638 
Vertex 639 distance 23
0 207 395 612 296 162 536 8 639 
