Vertex 0 distance 0
0 0 
Vertex 1 distance 17
0 357 571 114 1 
Vertex 2 distance 18
0 374 340 610 45 2 
Vertex 3 distance 16
0 95 561 225 270 3 
Vertex 4 distance 15
0 374 340 610 298 83 4 
Vertex 5 distance 11
0 374 61 198 453 616 5 
Vertex 6 distance 16
0 357 464 155 337 211 579 196 6 
Vertex 7 distance 19
0 374 340 610 240 314 55 7 
Vertex 8 distance 19
0 357 510 206 8 
Vertex 9 distance 17
0 374 227 566 234 9 
Vertex 10 distance 8
0 357 464 155 337 10 
Vertex 11 distance 18
0 357 626 30 636 11 
Vertex 12 distance 20
0 374 227 602 122 363 12 
Vertex 13 distance 17
0 357 146 113 220 156 13 
Vertex 14 distance 16
0 357 464 155 337 90 404 14 
Vertex 15 distance 14
0 357 464 155 337 211 15 
Vertex 16 distance 21
0 357 373 448 16 
Vertex 17 distance 16
0 374 227 566 392 381 17 
Vertex 18 distance 17
0 398 565 482 18 
Vertex 19 distance 18
0 374 340 280 19 
Vertex 20 distance 12
0 374 61 408 20 
Vertex 21 distance 15
0 374 340 610 240 520 317 21 
Vertex 22 distance 11
0 374 61 198 453 616 22 
Vertex 23 distance 17
0 371 214 23 
Vertex 24 distance 19
0 95 561 150 245 24 
Vertex 25 distance 15
0 374 227 602 122 25 
Vertex 26 distance 20
0 357 464 155 139 222 35 26 
Vertex 27 distance 18
0 374 227 566 234 27 
Vertex 28 distance 17
0 374 340 193 28 
Vertex 29 distance 14
0 374 227 602 580 86 29 
Vertex 30 distance 12
0 357 626 30 
Vertex 31 distance 16
0 374 227 602 122 25 31 
Vertex 32 distance 15
0 374 227 602 617 32 
Vertex 33 distance 12
0 357 464 155 337 211 579 33 
Vertex 34 distance 21
0 374 61 198 327 34 
Vertex 35 distance 11
0 357 464 155 139 222 35 
Vertex 36 distance 15
0 374 61 198 453 616 391 36 
Vertex 37 distance 15
0 95 382 37 
Vertex 38 distance 17
0 374 340 193 194 324 158 38 
Vertex 39 distance 27
0 357 464 155 556 39 
Vertex 40 distance 23
0 374 227 40 
Vertex 41 distance 19
0 357 348 368 41 
Vertex 42 distance 19
0 357 510 288 539 42 
Vertex 43 distance 18
0 357 464 155 337 90 404 14 43 
Vertex 44 distance 18
0 357 464 155 44 
Vertex 45 distance 9
0 374 340 610 45 
Vertex 46 distance 13
0 357 571 46 
Vertex 47 distance 10
0 374 227 47 
Vertex 48 distance 21
0 374 61 198 453 616 130 405 115 48 
Vertex 49 distance 21
0 371 214 23 49 
Vertex 50 distance 15
0 357 464 155 337 90 404 50 
Vertex 51 distance 18
0 95 138 352 526 51 
Vertex 52 distance 17
0 357 146 113 220 184 558 372 52 
Vertex 53 distance 18
0 357 53 
Vertex 54 distance 19
0 374 340 610 240 54 
Vertex 55 distance 16
0 374 340 610 240 314 55 
Vertex 56 distance 17
0 374 61 408 56 
Vertex 57 distance 18
0 357 464 155 337 10 192 57 
Vertex 58 distance 13
0 374 227 602 122 58 
Vertex 59 distance 14
0 374 340 193 523 59 
Vertex 60 distance 17
0 374 61 408 98 574 60 
Vertex 61 distance 6
0 374 61 
Vertex 62 distance 11
0 62 
Vertex 63 distance 15
0 374 340 193 423 124 63 
Vertex 64 distance 18
0 374 340 193 194 538 64 
Vertex 65 distance 17
0 374 61 198 453 616 207 583 65 
Vertex 66 distance 19
0 95 561 150 245 66 
Vertex 67 distance 15
0 374 61 198 453 616 207 67 
Vertex 68 distance 12
0 374 340 610 298 68 
Vertex 69 distance 17
0 374 61 126 69 
Vertex 70 distance 21
0 374 340 610 240 70 
Vertex 71 distance 22
0 374 340 610 298 68 387 71 
Vertex 72 distance 16
0 357 146 232 296 72 
Vertex 73 distance 13
0 374 340 610 298 83 73 
Vertex 74 distance 19
0 374 61 198 453 616 22 74 
Vertex 75 distance 20
0 398 173 329 75 
Vertex 76 distance 13
0 374 227 566 76 
Vertex 77 distance 24
0 374 61 408 153 77 
Vertex 78 distance 21
0 374 340 193 268 168 141 477 82 78 
Vertex 79 distance 23
0 374 61 198 453 616 391 433 79 
Vertex 80 distance 20
0 374 340 610 240 314 468 80 
Vertex 81 distance 21
0 374 227 566 392 381 498 330 545 81 
Vertex 82 distance 18
0 374 340 193 268 168 141 477 82 
Vertex 83 distance 12
0 374 340 610 298 83 
Vertex 84 distance 18
0 374 227 602 617 84 
Vertex 85 distance 19
0 398 85 
Vertex 86 distance 13
0 374 227 602 580 86 
Vertex 87 distance 20
0 374 340 610 298 83 4 87 
Vertex 88 distance 13
0 95 561 88 
Vertex 89 distance 26
0 357 464 155 139 222 411 89 
Vertex 90 distance 10
0 357 464 155 337 90 
Vertex 91 distance 18
0 374 61 198 453 616 22 410 91 
Vertex 92 distance 16
0 374 61 92 
Vertex 93 distance 23
0 357 146 113 333 446 93 
Vertex 94 distance 15
0 357 464 155 337 211 102 490 94 
Vertex 95 distance 5
0 95 
Vertex 96 distance 18
0 357 464 155 337 90 404 14 96 
Vertex 97 distance 21
0 357 464 155 139 222 35 97 
Vertex 98 distance 14
0 374 61 408 98 
Vertex 99 distance 16
0 357 464 155 337 211 15 99 
Vertex 100 distance 20
0 357 146 232 296 72 100 
Vertex 101 distance 17
0 357 571 101 
Vertex 102 distance 10
0 357 464 155 337 211 102 
Vertex 103 distance 12
0 374 61 198 453 278 103 
Vertex 104 distance 19
0 374 340 280 104 
Vertex 105 distance 18
0 357 464 155 337 211 102 425 105 
Vertex 106 distance 20
0 398 286 106 
Vertex 107 distance 29
0 357 510 169 107 
Vertex 108 distance 25
0 374 227 566 392 381 498 330 545 341 191 108 
Vertex 109 distance 18
0 357 146 232 134 109 
Vertex 110 distance 20
0 374 227 566 392 381 498 330 110 
Vertex 111 distance 21
0 95 561 88 111 
Vertex 112 distance 16
0 374 61 198 453 278 112 
Vertex 113 distance 9
0 357 146 113 
Vertex 114 distance 13
0 357 571 114 
Vertex 115 distance 18
0 374 61 198 453 616 130 405 115 
Vertex 116 distance 17
0 374 61 198 453 616 22 201 116 
Vertex 117 distance 23
0 374 340 610 298 68 387 524 117 
Vertex 118 distance 22
0 374 340 610 298 68 118 
Vertex 119 distance 15
0 374 340 193 194 324 119 
Vertex 120 distance 16
0 371 214 120 
Vertex 121 distance 16
0 398 565 121 
Vertex 122 distance 11
0 374 227 602 122 
Vertex 123 distance 19
0 357 464 155 337 90 404 14 43 123 
Vertex 124 distance 12
0 374 340 193 423 124 
Vertex 125 distance 15
0 357 571 114 125 
Vertex 126 distance 14
0 374 61 126 
Vertex 127 distance 20
0 95 561 225 282 388 127 
Vertex 128 distance 18
0 374 227 602 122 128 
Vertex 129 distance 17
0 374 340 193 194 324 158 129 
Vertex 130 distance 13
0 374 61 198 453 616 130 
Vertex 131 distance 20
0 398 565 482 18 131 
Vertex 132 distance 13
0 357 464 155 337 90 132 
Vertex 133 distance 27
0 374 61 408 56 133 
Vertex 134 distance 13
0 357 146 232 134 
Vertex 135 distance 17
0 374 61 210 530 135 
Vertex 136 distance 20
0 374 340 193 523 59 611 136 
Vertex 137 distance 18
0 374 227 602 580 137 
Vertex 138 distance 12
0 95 138 
Vertex 139 distance 9
0 357 464 155 139 
Vertex 140 distance 20
0 374 227 566 76 442 140 
Vertex 141 distance 11
0 374 340 193 268 168 141 
Vertex 142 distance 22
0 374 61 408 98 574 142 
Vertex 143 distance 24
0 374 61 198 453 616 272 550 143 
Vertex 144 distance 15
0 374 227 566 76 144 
Vertex 145 distance 21
0 374 61 198 600 221 145 
Vertex 146 distance 7
0 357 146 
Vertex 147 distance 15
0 374 61 321 209 147 
Vertex 148 distance 21
0 374 340 193 28 148 
Vertex 149 distance 17
0 374 61 198 453 616 391 36 149 
Vertex 150 distance 15
0 95 561 150 
Vertex 151 distance 17
0 357 146 113 333 151 
Vertex 152 distance 17
0 374 227 602 617 32 152 
Vertex 153 distance 14
0 374 61 408 153 
Vertex 154 distance 17
0 374 61 198 453 616 272 154 
Vertex 155 distance 5
0 357 464 155 
Vertex 156 distance 14
0 357 146 113 220 156 
Vertex 157 distance 14
0 374 61 198 453 278 157 
Vertex 158 distance 13
0 374 340 193 194 324 158 
Vertex 159 distance 19
0 374 61 198 453 616 22 410 159 
Vertex 160 distance 17
0 357 146 592 160 
Vertex 161 distance 16
0 374 227 602 580 161 
Vertex 162 distance 20
0 398 173 329 162 
Vertex 163 distance 18
0 374 61 198 453 616 207 67 473 163 
Vertex 164 distance 17
0 374 227 566 392 573 164 
Vertex 165 distance 18
0 374 609 165 
Vertex 166 distance 15
0 374 227 602 580 86 166 
Vertex 167 distance 17
0 357 464 155 139 222 547 167 
Vertex 168 distance 10
0 374 340 193 268 168 
Vertex 169 distance 14
0 357 510 169 
Vertex 170 distance 10
0 374 227 632 170 
Vertex 171 distance 18
0 357 146 113 220 587 171 
Vertex 172 distance 18
0 374 340 610 240 520 317 172 
Vertex 173 distance 15
0 398 173 
Vertex 174 distance 18
0 357 464 155 337 211 174 
Vertex 175 distance 12
0 374 227 632 175 
Vertex 176 distance 26
0 374 340 193 194 324 158 297 251 176 
Vertex 177 distance 19
0 374 61 210 463 177 
Vertex 178 distance 14
0 357 146 113 220 184 178 
Vertex 179 distance 23
0 374 525 568 179 
Vertex 180 distance 9
0 357 464 180 
Vertex 181 distance 18
0 374 61 198 453 616 22 181 
Vertex 182 distance 21
0 374 61 198 453 616 5 182 
Vertex 183 distance 18
0 357 348 186 183 
Vertex 184 distance 13
0 357 146 113 220 184 
Vertex 185 distance 25
0 371 285 403 185 
Vertex 186 distance 10
0 357 348 186 
Vertex 187 distance 18
0 357 464 155 337 90 404 14 384 187 
Vertex 188 distance 19
0 95 138 188 
Vertex 189 distance 17
0 374 189 
Vertex 190 distance 16
0 374 340 193 194 538 190 
Vertex 191 distance 23
0 374 227 566 392 381 498 330 545 341 191 
Vertex 192 distance 14
0 357 464 155 337 10 192 
Vertex 193 distance 8
0 374 340 193 
Vertex 194 distance 9
0 374 340 193 194 
Vertex 195 distance 21
0 357 464 155 337 211 102 425 105 315 195 
Vertex 196 distance 14
0 357 464 155 337 211 579 196 
Vertex 197 distance 14
0 374 61 198 453 616 391 197 
Vertex 198 distance 7
0 374 61 198 
Vertex 199 distance 21
0 398 199 
Vertex 200 distance 19
0 374 340 610 240 520 606 200 
Vertex 201 distance 16
0 374 61 198 453 616 22 201 
Vertex 202 distance 28
0 374 227 566 234 504 202 
Vertex 203 distance 21
0 357 464 155 337 211 579 515 203 
Vertex 204 distance 18
0 374 340 193 423 124 204 
Vertex 205 distance 19
0 374 227 566 234 504 205 
Vertex 206 distance 14
0 357 510 206 
Vertex 207 distance 11
0 374 61 198 453 616 207 
Vertex 208 distance 25
0 357 464 155 139 208 
Vertex 209 distance 11
0 374 61 321 209 
Vertex 210 distance 11
0 374 61 210 
Vertex 211 distance 7
0 357 464 155 337 211 
Vertex 212 distance 21
0 374 227 632 170 212 
Vertex 213 distance 16
0 374 227 602 567 213 
Vertex 214 distance 10
0 371 214 
Vertex 215 distance 16
0 357 464 155 215 
Vertex 216 distance 15
0 357 464 155 139 449 216 
Vertex 217 distance 19
0 95 561 334 217 
Vertex 218 distance 16
0 374 340 610 298 68 387 524 228 218 
Vertex 219 distance 15
0 374 227 566 392 381 219 
Vertex 220 distance 11
0 357 146 113 220 
Vertex 221 distance 18
0 374 61 198 600 221 
Vertex 222 distance 10
0 357 464 155 139 222 
Vertex 223 distance 19
0 223 
Vertex 224 distance 17
0 374 61 198 453 278 157 224 
Vertex 225 distance 13
0 95 561 225 
Vertex 226 distance 15
0 398 286 226 
Vertex 227 distance 6
0 374 227 
Vertex 228 distance 15
0 374 340 610 298 68 387 524 228 
Vertex 229 distance 18
0 374 61 198 453 616 5 634 229 
Vertex 230 distance 19
0 374 227 602 580 230 
Vertex 231 distance 18
0 374 61 198 453 616 22 300 276 231 
Vertex 232 distance 12
0 357 146 232 
Vertex 233 distance 22
0 371 233 
Vertex 234 distance 13
0 374 227 566 234 
Vertex 235 distance 18
0 374 61 198 453 235 
Vertex 236 distance 18
0 95 561 629 310 236 
Vertex 237 distance 19
0 95 382 237 
Vertex 238 distance 24
0 357 348 186 238 
Vertex 239 distance 22
0 95 561 150 245 24 239 
Vertex 240 distance 10
0 374 340 610 240 
Vertex 241 distance 18
0 398 286 241 
Vertex 242 distance 17
0 374 61 198 453 616 272 249 242 
Vertex 243 distance 22
0 357 464 155 337 211 102 425 105 315 195 243 
Vertex 244 distance 20
0 374 340 193 523 244 
Vertex 245 distance 16
0 95 561 150 245 
Vertex 246 distance 16
0 357 464 155 337 90 404 246 
Vertex 247 distance 24
0 357 571 114 247 
Vertex 248 distance 15
0 374 340 193 194 538 248 
Vertex 249 distance 13
0 374 61 198 453 616 272 249 
Vertex 250 distance 19
0 357 464 155 337 211 102 425 250 
Vertex 251 distance 16
0 374 340 193 194 324 158 297 251 
Vertex 252 distance 17
0 374 227 566 234 499 252 
Vertex 253 distance 15
0 374 61 198 453 616 391 253 
Vertex 254 distance 16
0 357 464 180 531 254 
Vertex 255 distance 16
0 357 464 155 337 211 579 196 266 255 
Vertex 256 distance 24
0 357 464 155 337 211 579 196 266 256 
Vertex 257 distance 18
0 357 510 288 257 
Vertex 258 distance 23
0 95 561 150 245 258 
Vertex 259 distance 13
0 62 259 
Vertex 260 distance 16
0 374 340 610 240 260 
Vertex 261 distance 17
0 357 571 114 125 261 
Vertex 262 distance 22
0 374 227 566 234 504 205 262 
Vertex 263 distance 20
0 357 464 155 337 211 102 490 445 263 
Vertex 264 distance 18
0 357 510 264 
Vertex 265 distance 19
0 374 227 632 175 311 265 
Vertex 266 distance 15
0 357 464 155 337 211 579 196 266 
Vertex 267 distance 13
0 357 464 155 139 222 35 267 
Vertex 268 distance 9
0 374 340 193 268 
Vertex 269 distance 25
0 374 61 126 492 269 
Vertex 270 distance 14
0 95 561 225 270 
Vertex 271 distance 19
0 374 61 198 453 278 157 271 
Vertex 272 distance 12
0 374 61 198 453 616 272 
Vertex 273 distance 17
0 374 61 377 273 
Vertex 274 distance 14
0 357 464 155 274 
Vertex 275 distance 24
0 374 61 198 453 616 130 275 
Vertex 276 distance 17
0 374 61 198 453 616 22 300 276 
Vertex 277 distance 19
0 374 340 610 240 260 277 
Vertex 278 distance 11
0 374 61 198 453 278 
Vertex 279 distance 17
0 357 464 155 337 211 15 279 
Vertex 280 distance 15
0 374 340 280 
Vertex 281 distance 21
0 374 340 193 523 543 281 
Vertex 282 distance 16
0 95 561 225 282 
Vertex 283 distance 16
0 371 285 536 396 283 
Vertex 284 distance 14
0 374 61 198 453 616 130 284 
Vertex 285 distance 11
0 371 285 
Vertex 286 distance 14
0 398 286 
Vertex 287 distance 21
0 357 464 155 337 211 15 279 287 
Vertex 288 distance 16
0 357 510 288 
Vertex 289 distance 18
0 398 173 329 289 
Vertex 290 distance 23
0 374 340 610 240 260 290 
Vertex 291 distance 19
0 374 61 198 453 235 291 
Vertex 292 distance 14
0 374 340 193 292 
Vertex 293 distance 20
0 374 227 566 234 293 
Vertex 294 distance 17
0 371 285 536 294 
Vertex 295 distance 18
0 374 340 610 298 68 387 524 228 295 
Vertex 296 distance 15
0 357 146 232 296 
Vertex 297 distance 15
0 374 340 193 194 324 158 297 
Vertex 298 distance 10
0 374 340 610 298 
Vertex 299 distance 19
0 95 561 150 245 299 
Vertex 300 distance 15
0 374 61 198 453 616 22 300 
Vertex 301 distance 17
0 374 227 602 580 86 29 301 
Vertex 302 distance 17
0 374 61 408 20 302 
Vertex 303 distance 19
0 357 146 303 
Vertex 304 distance 18
0 357 464 155 139 222 547 167 304 
Vertex 305 distance 16
0 374 61 198 453 616 391 305 
Vertex 306 distance 17
0 374 340 610 45 306 
Vertex 307 distance 18
0 371 214 120 307 
Vertex 308 distance 20
0 374 227 566 392 381 498 308 
Vertex 309 distance 18
0 374 227 566 76 144 309 
Vertex 310 distance 16
0 95 561 629 310 
Vertex 311 distance 18
0 374 227 632 175 311 
Vertex 312 distance 24
0 357 510 288 539 444 312 
Vertex 313 distance 19
0 374 227 602 580 86 29 301 313 
Vertex 314 distance 12
0 374 340 610 240 314 
Vertex 315 distance 19
0 357 464 155 337 211 102 425 105 315 
Vertex 316 distance 22
0 374 61 321 316 
Vertex 317 distance 14
0 374 340 610 240 520 317 
Vertex 318 distance 17
0 357 318 
Vertex 319 distance 17
0 95 382 575 319 
Vertex 320 distance 18
0 374 61 198 453 616 207 67 473 320 
Vertex 321 distance 8
0 374 61 321 
Vertex 322 distance 28
0 374 61 198 453 322 
Vertex 323 distance 21
0 95 382 544 323 
Vertex 324 distance 10
0 374 340 193 194 324 
Vertex 325 distance 19
0 374 227 632 175 325 
Vertex 326 distance 19
0 374 61 198 453 616 5 613 326 
Vertex 327 distance 19
0 374 61 198 327 
Vertex 328 distance 19
0 357 464 155 337 90 404 14 43 328 
Vertex 329 distance 17
0 398 173 329 
Vertex 330 distance 17
0 374 227 566 392 381 498 330 
Vertex 331 distance 20
0 95 561 150 245 299 331 
Vertex 332 distance 23
0 374 227 602 122 25 332 
Vertex 333 distance 13
0 357 146 113 333 
Vertex 334 distance 14
0 95 561 334 
Vertex 335 distance 20
0 357 464 155 337 90 404 50 335 
Vertex 336 distance 13
0 374 61 321 576 336 
Vertex 337 distance 6
0 357 464 155 337 
Vertex 338 distance 22
0 374 227 566 234 504 338 
Vertex 339 distance 16
0 374 340 610 339 
Vertex 340 distance 7
0 374 340 
Vertex 341 distance 20
0 374 227 566 392 381 498 330 545 341 
Vertex 342 distance 20
0 374 340 193 268 342 
Vertex 343 distance 21
0 374 340 193 268 168 141 343 
Vertex 344 distance 17
0 95 382 544 344 
Vertex 345 distance 26
0 374 61 198 453 616 391 197 345 
Vertex 346 distance 18
0 374 61 198 453 616 5 346 
Vertex 347 distance 22
0 374 340 610 240 520 347 
Vertex 348 distance 8
0 357 348 
Vertex 349 distance 16
0 374 340 280 349 
Vertex 350 distance 25
0 374 61 408 351 350 
Vertex 351 distance 14
0 374 61 408 351 
Vertex 352 distance 13
0 95 138 352 
Vertex 353 distance 23
0 374 61 198 453 616 22 410 457 353 
Vertex 354 distance 18
0 357 464 155 337 211 579 196 266 255 354 
Vertex 355 distance 22
0 398 173 508 355 
Vertex 356 distance 23
0 357 146 592 527 356 
Vertex 357 distance 1
0 357 
Vertex 358 distance 21
0 357 146 113 220 184 558 358 
Vertex 359 distance 20
0 374 227 566 234 9 359 
Vertex 360 distance 17
0 374 525 568 360 
Vertex 361 distance 20
0 374 227 602 617 32 152 484 361 
Vertex 362 distance 21
0 95 382 37 622 362 
Vertex 363 distance 19
0 374 227 602 122 363 
Vertex 364 distance 19
0 357 571 114 125 364 
Vertex 365 distance 18
0 95 561 225 282 365 
Vertex 366 distance 20
0 357 464 155 337 90 366 
Vertex 367 distance 17
0 374 340 610 298 68 367 
Vertex 368 distance 16
0 357 348 368 
Vertex 369 distance 16
0 357 146 113 220 587 369 
Vertex 370 distance 20
0 357 146 113 333 446 370 
Vertex 371 distance 9
0 371 
Vertex 372 distance 15
0 357 146 113 220 184 558 372 
Vertex 373 distance 18
0 357 373 
Vertex 374 distance 4
0 374 
Vertex 375 distance 15
0 374 340 193 375 
Vertex 376 distance 28
0 357 464 155 337 10 535 376 
Vertex 377 distance 9
0 374 61 377 
Vertex 378 distance 18
0 374 227 566 234 499 378 
Vertex 379 distance 19
0 357 464 155 139 222 547 379 
Vertex 380 distance 12
0 374 61 380 
Vertex 381 distance 14
0 374 227 566 392 381 
Vertex 382 distance 8
0 95 382 
Vertex 383 distance 23
0 357 464 155 337 90 404 50 335 383 
Vertex 384 distance 17
0 357 464 155 337 90 404 14 384 
Vertex 385 distance 16
0 95 561 225 481 385 
Vertex 386 distance 18
0 95 382 544 344 386 
Vertex 387 distance 13
0 374 340 610 298 68 387 
Vertex 388 distance 17
0 95 561 225 282 388 
Vertex 389 distance 17
0 374 61 210 389 
Vertex 390 distance 16
0 374 61 198 453 616 130 405 390 
Vertex 391 distance 12
0 374 61 198 453 616 391 
Vertex 392 distance 13
0 374 227 566 392 
Vertex 393 distance 20
0 374 61 408 20 393 
Vertex 394 distance 17
0 374 340 610 298 394 
Vertex 395 distance 23
0 374 61 198 453 616 5 634 395 
Vertex 396 distance 15
0 371 285 536 396 
Vertex 397 distance 23
0 357 464 155 337 211 102 628 397 
Vertex 398 distance 11
0 398 
Vertex 399 distance 13
0 371 399 
Vertex 400 distance 19
0 357 348 400 
Vertex 401 distance 16
0 357 571 114 125 401 
Vertex 402 distance 18
0 357 464 155 139 449 402 
Vertex 403 distance 13
0 371 285 403 
Vertex 404 distance 11
0 357 464 155 337 90 404 
Vertex 405 distance 14
0 374 61 198 453 616 130 405 
Vertex 406 distance 19
0 374 61 408 98 574 406 
Vertex 407 distance 14
0 357 464 155 337 211 407 
Vertex 408 distance 11
0 374 61 408 
Vertex 409 distance 16
0 95 138 409 
Vertex 410 distance 12
0 374 61 198 453 616 22 410 
Vertex 411 distance 16
0 357 464 155 139 222 411 
Vertex 412 distance 22
0 357 571 114 412 
Vertex 413 distance 21
0 374 61 198 453 616 207 67 473 413 
Vertex 414 distance 23
0 398 173 612 414 
Vertex 415 distance 15
0 374 340 193 268 168 415 
Vertex 416 distance 17
0 374 227 47 522 416 
Vertex 417 distance 18
0 374 227 602 567 417 
Vertex 418 distance 20
0 374 340 610 298 68 387 524 228 218 418 
Vertex 419 distance 20
0 374 227 602 122 25 31 419 
Vertex 420 distance 19
0 374 340 193 194 441 420 
Vertex 421 distance 21
0 95 138 421 
Vertex 422 distance 15
0 374 227 566 76 442 422 
Vertex 423 distance 11
0 374 340 193 423 
Vertex 424 distance 13
0 357 571 424 
Vertex 425 distance 17
0 357 464 155 337 211 102 425 
Vertex 426 distance 20
0 374 340 610 298 394 426 
Vertex 427 distance 20
0 374 340 193 375 427 
Vertex 428 distance 14
0 374 340 610 240 520 428 
Vertex 429 distance 16
0 374 227 566 76 442 430 429 
Vertex 430 distance 15
0 374 227 566 76 442 430 
Vertex 431 distance 16
0 95 138 352 526 431 
Vertex 432 distance 24
0 374 340 193 268 168 141 477 82 432 
Vertex 433 distance 13
0 374 61 198 453 616 391 433 
Vertex 434 distance 14
0 374 61 198 453 616 434 
Vertex 435 distance 14
0 374 340 610 298 83 435 
Vertex 436 distance 18
0 374 340 193 436 
Vertex 437 distance 19
0 357 571 424 437 
Vertex 438 distance 17
0 62 438 
Vertex 439 distance 17
0 374 340 610 298 68 387 524 228 439 
Vertex 440 distance 20
0 374 340 193 194 324 158 440 
Vertex 441 distance 15
0 374 340 193 194 441 
Vertex 442 distance 14
0 374 227 566 76 442 
Vertex 443 distance 17
0 357 146 113 220 587 369 443 
Vertex 444 distance 18
0 357 510 288 539 444 
Vertex 445 distance 16
0 357 464 155 337 211 102 490 445 
Vertex 446 distance 15
0 357 146 113 333 446 
Vertex 447 distance 15
0 95 561 447 
Vertex 448 distance 20
0 357 373 448 
Vertex 449 distance 14
0 357 464 155 139 449 
Vertex 450 distance 19
0 374 227 602 580 86 29 450 
Vertex 451 distance 15
0 374 61 198 451 
Vertex 452 distance 24
0 374 340 610 298 83 73 452 
Vertex 453 distance 9
0 374 61 198 453 
Vertex 454 distance 18
0 374 61 321 209 147 454 
Vertex 455 distance 16
0 95 561 225 455 
Vertex 456 distance 16
0 357 571 424 456 
Vertex 457 distance 17
0 374 61 198 453 616 22 410 457 
Vertex 458 distance 15
0 374 340 610 298 83 73 458 
Vertex 459 distance 22
0 374 609 620 459 
Vertex 460 distance 24
0 374 340 193 423 460 
Vertex 461 distance 20
0 357 146 113 220 587 461 
Vertex 462 distance 15
0 95 382 462 
Vertex 463 distance 13
0 374 61 210 463 
Vertex 464 distance 4
0 357 464 
Vertex 465 distance 16
0 357 464 155 465 
Vertex 466 distance 18
0 374 227 632 170 466 
Vertex 467 distance 22
0 357 146 113 220 156 13 467 
Vertex 468 distance 15
0 374 340 610 240 314 468 
Vertex 469 distance 18
0 357 146 232 296 72 505 469 
Vertex 470 distance 21
0 374 61 198 600 470 
Vertex 471 distance 18
0 357 464 155 337 471 
Vertex 472 distance 21
0 374 525 568 360 472 
Vertex 473 distance 17
0 374 61 198 453 616 207 67 473 
Vertex 474 distance 21
0 95 561 225 270 474 
Vertex 475 distance 20
0 374 61 198 453 278 112 475 
Vertex 476 distance 17
0 374 61 92 476 
Vertex 477 distance 12
0 374 340 193 268 168 141 477 
Vertex 478 distance 22
0 374 340 193 523 59 478 
Vertex 479 distance 19
0 357 464 155 139 222 35 267 479 
Vertex 480 distance 14
0 374 340 193 194 480 
Vertex 481 distance 15
0 95 561 225 481 
Vertex 482 distance 16
0 398 565 482 
Vertex 483 distance 18
0 374 340 193 194 480 483 
Vertex 484 distance 19
0 374 227 602 617 32 152 484 
Vertex 485 distance 20
0 398 565 121 485 
Vertex 486 distance 13
0 357 464 486 
Vertex 487 distance 18
0 374 61 198 453 616 391 253 487 
Vertex 488 distance 16
0 357 464 155 139 222 35 267 488 
Vertex 489 distance 24
0 357 626 30 489 
Vertex 490 distance 14
0 357 464 155 337 211 102 490 
Vertex 491 distance 18
0 374 61 198 453 616 207 583 65 491 
Vertex 492 distance 18
0 374 61 126 492 
Vertex 493 distance 19
0 374 340 610 240 520 317 493 
Vertex 494 distance 23
0 374 340 193 194 324 158 297 494 
Vertex 495 distance 24
0 374 227 632 170 466 495 
Vertex 496 distance 21
0 374 227 566 234 499 496 
Vertex 497 distance 21
0 374 227 602 617 497 
Vertex 498 distance 15
0 374 227 566 392 381 498 
Vertex 499 distance 14
0 374 227 566 234 499 
Vertex 500 distance 19
0 357 500 
Vertex 501 distance 23
0 374 340 193 194 324 158 440 501 
Vertex 502 distance 23
0 374 61 198 453 616 5 182 502 
Vertex 503 distance 20
0 95 382 503 
Vertex 504 distance 17
0 374 227 566 234 504 
Vertex 505 distance 17
0 357 146 232 296 72 505 
Vertex 506 distance 18
0 374 340 610 298 68 387 506 
Vertex 507 distance 23
0 371 285 536 507 
Vertex 508 distance 19
0 398 173 508 
Vertex 509 distance 18
0 374 227 566 392 509 
Vertex 510 distance 12
0 357 510 
Vertex 511 distance 16
0 357 464 155 337 90 511 
Vertex 512 distance 25
0 374 227 602 122 363 12 512 
Vertex 513 distance 22
0 357 464 155 139 513 
Vertex 514 distance 16
0 374 340 193 194 514 
Vertex 515 distance 15
0 357 464 155 337 211 579 515 
Vertex 516 distance 17
0 374 340 193 292 516 
Vertex 517 distance 22
0 374 61 408 98 574 406 517 
Vertex 518 distance 20
0 95 561 150 245 66 518 
Vertex 519 distance 15
0 371 399 519 
Vertex 520 distance 13
0 374 340 610 240 520 
Vertex 521 distance 18
0 95 138 352 521 
Vertex 522 distance 15
0 374 227 47 522 
Vertex 523 distance 12
0 374 340 193 523 
Vertex 524 distance 14
0 374 340 610 298 68 387 524 
Vertex 525 distance 14
0 374 525 
Vertex 526 distance 14
0 95 138 352 526 
Vertex 527 distance 22
0 357 146 592 527 
Vertex 528 distance 12
0 357 464 155 337 90 404 528 
Vertex 529 distance 20
0 374 340 610 298 68 387 524 228 218 529 
Vertex 530 distance 14
0 374 61 210 530 
Vertex 531 distance 15
0 357 464 180 531 
Vertex 532 distance 18
0 374 61 198 453 616 22 300 532 
Vertex 533 distance 19
0 374 61 198 600 533 
Vertex 534 distance 11
0 374 61 321 534 
Vertex 535 distance 14
0 357 464 155 337 10 535 
Vertex 536 distance 12
0 371 285 536 
Vertex 537 distance 19
0 374 61 198 453 616 22 300 532 537 
Vertex 538 distance 10
0 374 340 193 194 538 
Vertex 539 distance 17
0 357 510 288 539 
Vertex 540 distance 19
0 374 61 198 453 616 272 540 
Vertex 541 distance 20
0 357 510 288 539 42 541 
Vertex 542 distance 18
0 95 138 352 542 
Vertex 543 distance 17
0 374 340 193 523 543 
Vertex 544 distance 11
0 95 382 544 
Vertex 545 distance 19
0 374 227 566 392 381 498 330 545 
Vertex 546 distance 16
0 62 546 
Vertex 547 distance 14
0 357 464 155 139 222 547 
Vertex 548 distance 19
0 374 340 193 268 168 415 548 
Vertex 549 distance 21
0 62 549 
Vertex 550 distance 15
0 374 61 198 453 616 272 550 
Vertex 551 distance 19
0 374 227 602 122 128 551 
Vertex 552 distance 24
0 374 227 40 552 
Vertex 553 distance 16
0 374 340 280 553 
Vertex 554 distance 19
0 374 61 198 451 554 
Vertex 555 distance 14
0 374 61 210 555 
Vertex 556 distance 17
0 357 464 155 556 
Vertex 557 distance 20
0 374 61 210 530 135 557 
Vertex 558 distance 14
0 357 146 113 220 184 558 
Vertex 559 distance 18
0 357 464 155 337 211 579 196 6 559 
Vertex 560 distance 17
0 357 146 113 560 
Vertex 561 distance 9
0 95 561 
Vertex 562 distance 13
0 374 340 193 194 324 562 
Vertex 563 distance 22
0 374 61 198 453 235 563 
Vertex 564 distance 20
0 374 340 610 298 83 4 564 
Vertex 565 distance 15
0 398 565 
Vertex 566 distance 10
0 374 227 566 
Vertex 567 distance 15
0 374 227 602 567 
Vertex 568 distance 16
0 374 525 568 
Vertex 569 distance 13
0 374 61 380 569 
Vertex 570 distance 19
0 95 561 150 245 570 
Vertex 571 distance 12
0 357 571 
Vertex 572 distance 19
0 398 565 482 18 572 
Vertex 573 distance 15
0 374 227 566 392 573 
Vertex 574 distance 16
0 374 61 408 98 574 
Vertex 575 distance 15
0 95 382 575 
Vertex 576 distance 12
0 374 61 321 576 
Vertex 577 distance 20
0 374 227 602 577 
Vertex 578 distance 20
0 374 340 610 339 590 578 
Vertex 579 distance 11
0 357 464 155 337 211 579 
Vertex 580 distance 12
0 374 227 602 580 
Vertex 581 distance 17
0 374 227 602 580 86 166 581 
Vertex 582 distance 15
0 374 61 582 
Vertex 583 distance 16
0 374 61 198 453 616 207 583 
Vertex 584 distance 17
0 374 340 193 268 168 141 584 
Vertex 585 distance 18
0 374 61 210 389 585 
Vertex 586 distance 16
0 374 61 198 453 278 157 586 
Vertex 587 distance 14
0 357 146 113 220 587 
Vertex 588 distance 17
0 374 61 377 588 
Vertex 589 distance 18
0 95 561 225 589 
Vertex 590 distance 18
0 374 340 610 339 590 
Vertex 591 distance 20
0 374 340 193 194 538 591 
Vertex 592 distance 12
0 357 146 592 
Vertex 593 distance 19
0 357 464 155 337 10 535 593 
Vertex 594 distance 17
0 374 227 602 122 25 31 594 
Vertex 595 distance 20
0 357 464 155 337 211 102 490 94 595 
Vertex 596 distance 21
0 374 227 596 
Vertex 597 distance 16
0 374 227 602 567 597 
Vertex 598 distance 15
0 357 464 155 139 222 547 598 
Vertex 599 distance 20
0 374 227 602 617 599 
Vertex 600 distance 15
0 374 61 198 600 
Vertex 601 distance 22
0 374 340 193 268 168 415 601 
Vertex 602 distance 10
0 374 227 602 
Vertex 603 distance 15
0 374 227 602 580 603 
Vertex 604 distance 22
0 374 61 198 453 616 22 300 276 604 
Vertex 605 distance 17
0 357 146 232 134 605 
Vertex 606 distance 14
0 374 340 610 240 520 606 
Vertex 607 distance 22
0 357 464 155 139 222 547 598 607 
Vertex 608 distance 29
0 374 227 566 392 381 608 
Vertex 609 distance 10
0 374 609 
Vertex 610 distance 8
0 374 340 610 
Vertex 611 distance 19
0 374 340 193 523 59 611 
Vertex 612 distance 21
0 398 173 612 
Vertex 613 distance 14
0 374 61 198 453 616 5 613 
Vertex 614 distance 18
0 357 464 155 337 90 404 50 614 
Vertex 615 distance 16
0 357 571 424 615 
Vertex 616 distance 10
0 374 61 198 453 616 
Vertex 617 distance 14
0 374 227 602 617 
Vertex 618 distance 16
0 374 61 198 618 
Vertex 619 distance 24
0 374 340 610 298 68 387 524 117 619 
Vertex 620 distance 13
0 374 609 620 
Vertex 621 distance 17
0 374 227 566 76 442 621 
Vertex 622 distance 19
0 95 382 37 622 
Vertex 623 distance 13
0 374 61 198 453 616 22 410 623 
Vertex 624 distance 19
0 357 146 113 220 184 558 372 624 
Vertex 625 distance 19
0 398 565 482 625 
Vertex 626 distance 11
0 357 626 
Vertex 627 distance 16
0 374 61 321 576 336 627 
Vertex 628 distance 14
0 357 464 155 337 211 102 628 
Vertex 629 distance 15
0 95 561 629 
Vertex 630 distance 22
0 374 340 610 298 83 73 630 
Vertex 631 distance 18
0 357 464 155 337 90 511 631 
Vertex 632 distance 8
0 374 227 632 
Vertex 633 distance 15
0 95 561 225 633 
Vertex 634 distance 13
0 374 61 198 453 616 5 634 
Vertex 635 distance 23
0 357 464 155 337 635 
Vertex 636 distance 15
0 357 626 30 636 
Vertex 637 distance 17
0 374 61 210 463 637 
Vertex 638 distance 22
0 374 340 193 523 59 611 638 
Vertex 639 distance 15
0 357 464 155 337 90 132 639 
