Vertex 0 distance 0
0 0 
Vertex 1 distance 26
0 318 1 
Vertex 2 distance 38
0 318 30 67 65 277 328 341 571 388 2 
Vertex 3 distance 33
0 318 30 197 3 
Vertex 4 distance 36
0 318 30 394 592 373 4 
Vertex 5 distance 39
0 318 607 10 13 419 34 638 5 
Vertex 6 distance 43
0 318 30 132 587 440 6 
Vertex 7 distance 30
0 318 30 394 605 12 314 125 7 
Vertex 8 distance 35
0 612 24 187 471 8 
Vertex 9 distance 39
0 318 30 67 65 277 52 23 276 9 
Vertex 10 distance 22
0 318 607 10 
Vertex 11 distance 42
0 318 30 394 605 12 314 527 20 325 304 11 
Vertex 12 distance 23
0 318 30 394 605 12 
Vertex 13 distance 24
0 318 607 10 13 
Vertex 14 distance 29
0 249 483 14 
Vertex 15 distance 31
0 318 30 132 344 307 15 
Vertex 16 distance 34
0 318 30 394 605 12 110 136 16 
Vertex 17 distance 39
0 318 30 67 65 277 261 98 17 
Vertex 18 distance 15
0 318 30 67 18 
Vertex 19 distance 33
0 318 30 394 365 19 
Vertex 20 distance 31
0 318 30 394 605 12 314 527 20 
Vertex 21 distance 33
0 318 30 394 21 
Vertex 22 distance 49
0 318 30 394 605 12 110 150 177 567 162 22 
Vertex 23 distance 34
0 318 30 67 65 277 52 23 
Vertex 24 distance 24
0 612 24 
Vertex 25 distance 32
0 249 238 25 
Vertex 26 distance 37
0 318 607 10 13 419 26 
Vertex 27 distance 36
0 318 30 67 65 277 261 478 586 27 
Vertex 28 distance 56
0 577 184 28 
Vertex 29 distance 27
0 612 282 29 
Vertex 30 distance 11
0 318 30 
Vertex 31 distance 28
0 318 30 67 65 277 328 194 31 
Vertex 32 distance 42
0 318 30 132 587 440 335 498 32 
Vertex 33 distance 38
0 318 30 67 65 277 328 520 262 319 33 
Vertex 34 distance 32
0 318 607 10 13 419 34 
Vertex 35 distance 30
0 318 30 394 337 120 35 
Vertex 36 distance 26
0 318 30 67 18 343 36 
Vertex 37 distance 26
0 318 30 67 65 277 37 
Vertex 38 distance 36
0 318 30 394 337 120 610 38 
Vertex 39 distance 45
0 318 30 394 592 188 596 39 
Vertex 40 distance 28
0 318 30 394 337 120 40 
Vertex 41 distance 40
0 318 30 394 605 246 560 41 
Vertex 42 distance 42
0 318 30 67 65 277 328 520 262 401 42 
Vertex 43 distance 27
0 318 607 10 13 43 
Vertex 44 distance 40
0 318 30 67 18 496 283 44 
Vertex 45 distance 49
0 318 30 394 592 389 45 
Vertex 46 distance 34
0 318 30 132 587 168 608 46 
Vertex 47 distance 29
0 318 30 67 65 277 37 47 
Vertex 48 distance 41
0 318 607 10 13 43 48 
Vertex 49 distance 33
0 318 30 67 65 277 37 49 
Vertex 50 distance 44
0 318 30 394 50 
Vertex 51 distance 48
0 318 30 394 605 12 314 527 20 325 51 
Vertex 52 distance 30
0 318 30 67 65 277 52 
Vertex 53 distance 36
0 318 30 132 587 509 332 53 
Vertex 54 distance 31
0 318 607 10 414 54 
Vertex 55 distance 39
0 318 30 67 18 343 376 462 55 
Vertex 56 distance 41
0 318 607 10 13 419 26 56 
Vertex 57 distance 38
0 318 30 132 587 509 614 499 57 
Vertex 58 distance 39
0 318 30 67 18 343 382 475 58 
Vertex 59 distance 37
0 318 30 67 65 92 59 
Vertex 60 distance 24
0 318 607 156 60 
Vertex 61 distance 32
0 318 30 132 587 440 335 61 
Vertex 62 distance 36
0 318 30 67 18 343 376 164 255 62 
Vertex 63 distance 35
0 318 30 132 587 381 384 309 63 
Vertex 64 distance 35
0 64 
Vertex 65 distance 19
0 318 30 67 65 
Vertex 66 distance 42
0 318 30 67 18 343 376 164 248 256 66 
Vertex 67 distance 14
0 318 30 67 
Vertex 68 distance 35
0 318 30 67 65 277 143 336 578 68 
Vertex 69 distance 23
0 69 
Vertex 70 distance 29
0 318 30 67 18 343 376 514 70 
Vertex 71 distance 29
0 318 30 67 18 71 
Vertex 72 distance 41
0 318 30 132 587 381 263 236 72 
Vertex 73 distance 32
0 318 30 197 372 73 
Vertex 74 distance 40
0 318 607 156 60 315 74 
Vertex 75 distance 41
0 318 30 394 605 12 314 125 75 
Vertex 76 distance 32
0 318 30 132 587 168 608 393 76 
Vertex 77 distance 44
0 318 30 394 605 216 359 547 437 77 
Vertex 78 distance 42
0 318 30 67 65 277 52 78 
Vertex 79 distance 37
0 318 30 394 337 120 40 366 79 
Vertex 80 distance 34
0 318 30 67 65 149 80 
Vertex 81 distance 41
0 318 30 67 18 343 382 475 58 81 
Vertex 82 distance 39
0 318 30 394 605 12 110 150 633 257 82 
Vertex 83 distance 42
0 318 30 132 587 440 506 83 
Vertex 84 distance 43
0 249 483 602 178 224 396 84 
Vertex 85 distance 35
0 318 30 67 65 277 328 194 31 590 85 
Vertex 86 distance 36
0 318 607 10 13 160 501 86 
Vertex 87 distance 32
0 318 30 394 337 353 435 87 
Vertex 88 distance 41
0 318 30 394 605 12 110 150 177 108 88 
Vertex 89 distance 33
0 318 30 67 65 277 37 47 89 
Vertex 90 distance 35
0 318 30 67 18 496 90 
Vertex 91 distance 27
0 318 30 67 65 277 143 91 
Vertex 92 distance 28
0 318 30 67 65 92 
Vertex 93 distance 38
0 318 30 67 65 277 143 595 331 93 
Vertex 94 distance 34
0 318 30 132 587 509 614 499 94 
Vertex 95 distance 40
0 318 30 132 587 428 95 
Vertex 96 distance 36
0 318 30 67 18 343 376 164 255 469 96 
Vertex 97 distance 30
0 318 30 67 18 343 36 97 
Vertex 98 distance 35
0 318 30 67 65 277 261 98 
Vertex 99 distance 41
0 318 30 132 587 168 608 393 99 
Vertex 100 distance 35
0 318 30 394 605 458 100 
Vertex 101 distance 36
0 249 483 602 101 
Vertex 102 distance 41
0 318 30 132 587 440 335 498 102 
Vertex 103 distance 29
0 318 1 103 
Vertex 104 distance 38
0 318 30 132 587 381 263 525 114 579 379 104 
Vertex 105 distance 39
0 318 30 67 18 343 376 164 558 105 
Vertex 106 distance 42
0 318 30 394 605 458 100 431 106 
Vertex 107 distance 28
0 318 30 394 337 107 
Vertex 108 distance 38
0 318 30 394 605 12 110 150 177 108 
Vertex 109 distance 29
0 69 109 
Vertex 110 distance 24
0 318 30 394 605 12 110 
Vertex 111 distance 39
0 318 30 67 18 343 556 305 111 
Vertex 112 distance 31
0 318 30 394 337 353 435 112 
Vertex 113 distance 35
0 318 30 394 337 113 
Vertex 114 distance 31
0 318 30 132 587 381 263 525 114 
Vertex 115 distance 26
0 318 30 67 18 343 376 164 115 
Vertex 116 distance 36
0 318 30 67 18 496 283 420 116 
Vertex 117 distance 33
0 69 109 117 
Vertex 118 distance 46
0 318 30 132 587 381 263 236 118 
Vertex 119 distance 41
0 318 30 67 18 343 556 305 111 119 
Vertex 120 distance 23
0 318 30 394 337 120 
Vertex 121 distance 32
0 318 30 132 587 381 263 582 368 121 
Vertex 122 distance 44
0 318 607 156 60 315 122 
Vertex 123 distance 39
0 318 30 132 587 381 263 176 123 
Vertex 124 distance 30
0 318 30 394 365 124 
Vertex 125 distance 27
0 318 30 394 605 12 314 125 
Vertex 126 distance 43
0 318 30 394 605 458 100 126 
Vertex 127 distance 36
0 577 184 172 127 
Vertex 128 distance 38
0 318 30 67 65 277 143 91 128 
Vertex 129 distance 44
0 318 30 394 605 12 314 527 20 325 304 129 
Vertex 130 distance 31
0 318 30 394 605 12 110 150 130 
Vertex 131 distance 43
0 318 30 132 587 381 263 525 278 528 131 
Vertex 132 distance 13
0 318 30 132 
Vertex 133 distance 33
0 318 30 132 587 133 
Vertex 134 distance 45
0 318 30 394 337 353 435 112 134 
Vertex 135 distance 46
0 318 30 67 65 92 135 
Vertex 136 distance 30
0 318 30 394 605 12 110 136 
Vertex 137 distance 24
0 318 30 67 65 277 328 137 
Vertex 138 distance 34
0 249 483 138 
Vertex 139 distance 31
0 318 30 67 65 277 328 520 262 139 
Vertex 140 distance 40
0 612 282 29 182 140 
Vertex 141 distance 38
0 318 30 132 141 
Vertex 142 distance 39
0 612 24 192 533 142 
Vertex 143 distance 22
0 318 30 67 65 277 143 
Vertex 144 distance 29
0 318 30 394 592 389 144 
Vertex 145 distance 42
0 318 30 132 587 381 263 525 114 579 145 
Vertex 146 distance 26
0 318 30 132 344 146 
Vertex 147 distance 37
0 612 24 187 190 270 147 
Vertex 148 distance 38
0 318 1 148 
Vertex 149 distance 31
0 318 30 67 65 149 
Vertex 150 distance 28
0 318 30 394 605 12 110 150 
Vertex 151 distance 28
0 318 30 132 151 
Vertex 152 distance 38
0 318 30 67 65 277 261 478 152 
Vertex 153 distance 41
0 318 607 10 13 419 34 638 153 
Vertex 154 distance 27
0 318 30 67 18 496 283 154 
Vertex 155 distance 35
0 318 30 132 587 155 
Vertex 156 distance 20
0 318 607 156 
Vertex 157 distance 40
0 612 282 512 157 
Vertex 158 distance 39
0 318 30 67 18 343 376 164 255 469 158 
Vertex 159 distance 34
0 318 30 132 344 307 490 289 159 
Vertex 160 distance 26
0 318 607 10 13 160 
Vertex 161 distance 33
0 318 30 67 65 277 328 161 
Vertex 162 distance 36
0 318 30 394 605 12 110 150 177 567 162 
Vertex 163 distance 46
0 318 607 163 
Vertex 164 distance 23
0 318 30 67 18 343 376 164 
Vertex 165 distance 32
0 318 30 67 65 277 328 137 165 
Vertex 166 distance 36
0 318 30 132 344 307 490 289 159 166 
Vertex 167 distance 43
0 318 30 67 65 277 328 194 31 590 85 167 
Vertex 168 distance 26
0 318 30 132 587 168 
Vertex 169 distance 44
0 318 30 67 65 277 143 595 465 169 
Vertex 170 distance 42
0 318 30 67 18 343 376 164 248 256 170 
Vertex 171 distance 34
0 249 483 171 
Vertex 172 distance 35
0 577 184 172 
Vertex 173 distance 34
0 318 30 67 18 71 173 
Vertex 174 distance 33
0 318 30 132 587 381 263 525 278 174 
Vertex 175 distance 36
0 318 30 67 65 277 328 520 262 139 175 
Vertex 176 distance 27
0 318 30 132 587 381 263 176 
Vertex 177 distance 30
0 318 30 394 605 12 110 150 177 
Vertex 178 distance 34
0 249 483 602 178 
Vertex 179 distance 33
0 612 24 220 485 179 
Vertex 180 distance 43
0 318 30 394 337 120 40 439 180 
Vertex 181 distance 41
0 318 30 67 18 343 376 462 181 
Vertex 182 distance 37
0 612 282 29 182 
Vertex 183 distance 47
0 318 30 67 18 343 632 203 212 183 
Vertex 184 distance 34
0 577 184 
Vertex 185 distance 35
0 318 30 132 587 509 332 185 
Vertex 186 distance 33
0 318 30 67 18 343 632 186 
Vertex 187 distance 26
0 612 24 187 
Vertex 188 distance 22
0 318 30 394 592 188 
Vertex 189 distance 36
0 318 607 10 13 43 453 189 
Vertex 190 distance 31
0 612 24 187 190 
Vertex 191 distance 47
0 318 30 394 592 389 144 511 266 191 
Vertex 192 distance 26
0 612 24 192 
Vertex 193 distance 32
0 612 282 512 193 
Vertex 194 distance 25
0 318 30 67 65 277 328 194 
Vertex 195 distance 48
0 318 30 394 592 389 195 
Vertex 196 distance 38
0 318 30 132 587 509 196 
Vertex 197 distance 25
0 318 30 197 
Vertex 198 distance 34
0 318 1 103 198 
Vertex 199 distance 39
0 318 30 394 605 12 110 150 284 199 
Vertex 200 distance 35
0 318 30 67 18 343 376 164 255 200 
Vertex 201 distance 46
0 318 30 67 65 277 328 194 31 590 201 
Vertex 202 distance 50
0 318 30 67 65 277 328 520 262 319 468 350 202 
Vertex 203 distance 30
0 318 30 67 18 343 632 203 
Vertex 204 distance 28
0 318 30 67 65 277 143 336 204 
Vertex 205 distance 33
0 318 30 67 205 
Vertex 206 distance 34
0 612 24 187 471 206 
Vertex 207 distance 47
0 318 30 394 456 207 
Vertex 208 distance 39
0 318 607 10 13 43 569 524 208 
Vertex 209 distance 42
0 318 30 67 65 277 328 137 227 209 
Vertex 210 distance 36
0 318 30 394 605 216 359 210 
Vertex 211 distance 41
0 318 30 132 587 211 
Vertex 212 distance 42
0 318 30 67 18 343 632 203 212 
Vertex 213 distance 48
0 318 30 67 18 343 556 305 111 119 213 
Vertex 214 distance 54
0 612 24 187 471 214 
Vertex 215 distance 46
0 318 30 67 65 149 215 
Vertex 216 distance 25
0 318 30 394 605 216 
Vertex 217 distance 35
0 318 30 132 587 381 384 217 
Vertex 218 distance 32
0 318 30 394 592 218 
Vertex 219 distance 34
0 318 30 67 65 277 143 91 219 
Vertex 220 distance 26
0 612 24 220 
Vertex 221 distance 42
0 318 30 394 592 188 221 
Vertex 222 distance 33
0 612 24 220 488 557 222 
Vertex 223 distance 37
0 318 30 67 65 277 143 91 223 
Vertex 224 distance 36
0 249 483 602 178 224 
Vertex 225 distance 39
0 318 30 67 65 277 328 341 466 225 
Vertex 226 distance 42
0 249 483 602 178 224 226 
Vertex 227 distance 25
0 318 30 67 65 277 328 137 227 
Vertex 228 distance 37
0 318 30 67 65 277 261 478 228 
Vertex 229 distance 41
0 318 30 67 65 277 328 520 262 139 229 
Vertex 230 distance 38
0 318 30 67 18 343 36 97 230 
Vertex 231 distance 48
0 318 30 394 337 107 285 404 231 
Vertex 232 distance 45
0 318 30 67 65 277 328 232 
Vertex 233 distance 38
0 318 607 156 60 402 422 233 
Vertex 234 distance 31
0 318 30 394 337 120 35 234 
Vertex 235 distance 34
0 318 30 394 337 120 40 235 
Vertex 236 distance 32
0 318 30 132 587 381 263 236 
Vertex 237 distance 45
0 318 30 132 587 168 608 237 
Vertex 238 distance 29
0 249 238 
Vertex 239 distance 42
0 318 607 10 13 160 501 239 
Vertex 240 distance 33
0 318 30 394 337 120 35 234 240 
Vertex 241 distance 37
0 318 30 132 587 381 263 525 421 241 
Vertex 242 distance 35
0 318 30 67 18 343 36 339 242 
Vertex 243 distance 33
0 318 607 156 60 243 
Vertex 244 distance 37
0 612 24 220 488 557 222 244 
Vertex 245 distance 45
0 474 272 245 
Vertex 246 distance 33
0 318 30 394 605 246 
Vertex 247 distance 42
0 318 30 67 65 277 143 336 204 322 247 
Vertex 248 distance 33
0 318 30 67 18 343 376 164 248 
Vertex 249 distance 14
0 249 
Vertex 250 distance 45
0 318 607 156 60 250 
Vertex 251 distance 29
0 318 607 10 414 251 
Vertex 252 distance 42
0 318 30 67 65 277 143 91 219 317 252 
Vertex 253 distance 39
0 249 253 
Vertex 254 distance 45
0 318 30 132 587 381 263 254 
Vertex 255 distance 31
0 318 30 67 18 343 376 164 255 
Vertex 256 distance 36
0 318 30 67 18 343 376 164 248 256 
Vertex 257 distance 36
0 318 30 394 605 12 110 150 633 257 
Vertex 258 distance 38
0 318 1 103 258 
Vertex 259 distance 43
0 318 30 67 65 277 261 478 228 259 
Vertex 260 distance 27
0 318 30 67 18 496 260 
Vertex 261 distance 26
0 318 30 67 65 277 261 
Vertex 262 distance 27
0 318 30 67 65 277 328 520 262 
Vertex 263 distance 25
0 318 30 132 587 381 263 
Vertex 264 distance 36
0 318 30 394 605 12 314 527 264 
Vertex 265 distance 41
0 318 607 10 13 419 34 638 265 
Vertex 266 distance 42
0 318 30 394 592 389 144 511 266 
Vertex 267 distance 16
0 318 30 267 
Vertex 268 distance 32
0 318 30 67 18 496 283 154 268 
Vertex 269 distance 31
0 318 30 67 18 343 382 269 
Vertex 270 distance 32
0 612 24 187 190 270 
Vertex 271 distance 32
0 318 30 132 587 381 263 525 278 271 
Vertex 272 distance 38
0 474 272 
Vertex 273 distance 31
0 249 483 602 273 
Vertex 274 distance 38
0 318 30 394 337 107 274 
Vertex 275 distance 38
0 318 30 67 65 277 37 49 275 
Vertex 276 distance 36
0 318 30 67 65 277 52 23 276 
Vertex 277 distance 21
0 318 30 67 65 277 
Vertex 278 distance 30
0 318 30 132 587 381 263 525 278 
Vertex 279 distance 30
0 318 30 67 18 496 279 
Vertex 280 distance 43
0 612 24 220 400 280 
Vertex 281 distance 38
0 318 607 10 13 43 569 524 281 
Vertex 282 distance 22
0 612 282 
Vertex 283 distance 26
0 318 30 67 18 496 283 
Vertex 284 distance 35
0 318 30 394 605 12 110 150 284 
Vertex 285 distance 35
0 318 30 394 337 107 285 
Vertex 286 distance 34
0 318 30 394 605 12 110 150 177 286 
Vertex 287 distance 43
0 318 30 394 605 216 358 287 
Vertex 288 distance 36
0 249 483 602 178 288 
Vertex 289 distance 33
0 318 30 132 344 307 490 289 
Vertex 290 distance 47
0 318 30 132 344 307 490 290 
Vertex 291 distance 44
0 318 30 67 18 343 376 164 558 105 291 
Vertex 292 distance 36
0 318 30 132 587 440 335 613 292 
Vertex 293 distance 50
0 318 30 67 65 277 37 49 516 635 293 
Vertex 294 distance 43
0 318 30 67 18 343 382 269 294 
Vertex 295 distance 36
0 577 554 295 
Vertex 296 distance 31
0 318 30 67 18 496 296 
Vertex 297 distance 35
0 318 30 67 18 496 283 154 297 
Vertex 298 distance 45
0 318 30 132 587 381 384 309 63 550 429 298 
Vertex 299 distance 34
0 318 607 156 60 402 573 299 
Vertex 300 distance 37
0 318 30 67 18 343 376 164 300 
Vertex 301 distance 35
0 318 30 132 587 440 301 
Vertex 302 distance 38
0 612 24 575 302 
Vertex 303 distance 37
0 318 30 394 337 120 40 366 303 
Vertex 304 distance 41
0 318 30 394 605 12 314 527 20 325 304 
Vertex 305 distance 33
0 318 30 67 18 343 556 305 
Vertex 306 distance 33
0 318 30 132 587 428 306 
Vertex 307 distance 30
0 318 30 132 344 307 
Vertex 308 distance 34
0 318 30 394 605 12 110 150 633 308 
Vertex 309 distance 34
0 318 30 132 587 381 384 309 
Vertex 310 distance 35
0 612 282 29 310 
Vertex 311 distance 40
0 318 30 132 587 381 263 525 278 271 622 311 
Vertex 312 distance 28
0 318 30 132 587 168 312 
Vertex 313 distance 39
0 318 30 67 65 277 328 520 383 313 
Vertex 314 distance 25
0 318 30 394 605 12 314 
Vertex 315 distance 31
0 318 607 156 60 315 
Vertex 316 distance 32
0 318 30 394 605 216 316 
Vertex 317 distance 36
0 318 30 67 65 277 143 91 219 317 
Vertex 318 distance 10
0 318 
Vertex 319 distance 28
0 318 30 67 65 277 328 520 262 319 
Vertex 320 distance 37
0 612 24 220 488 557 222 320 
Vertex 321 distance 45
0 318 30 267 321 
Vertex 322 distance 41
0 318 30 67 65 277 143 336 204 322 
Vertex 323 distance 44
0 318 30 394 605 12 110 150 397 323 
Vertex 324 distance 30
0 474 324 
Vertex 325 distance 33
0 318 30 394 605 12 314 527 20 325 
Vertex 326 distance 33
0 612 24 220 326 
Vertex 327 distance 41
0 318 30 67 18 343 376 164 255 469 158 327 
Vertex 328 distance 23
0 318 30 67 65 277 328 
Vertex 329 distance 31
0 318 30 132 587 428 329 
Vertex 330 distance 39
0 318 30 67 65 277 328 520 493 330 
Vertex 331 distance 35
0 318 30 67 65 277 143 595 331 
Vertex 332 distance 32
0 318 30 132 587 509 332 
Vertex 333 distance 38
0 318 30 394 337 333 
Vertex 334 distance 39
0 318 30 67 65 277 143 336 334 
Vertex 335 distance 24
0 318 30 132 587 440 335 
Vertex 336 distance 23
0 318 30 67 65 277 143 336 
Vertex 337 distance 21
0 318 30 394 337 
Vertex 338 distance 44
0 318 30 67 65 277 143 336 204 322 338 
Vertex 339 distance 30
0 318 30 67 18 343 36 339 
Vertex 340 distance 46
0 318 30 67 65 277 553 340 
Vertex 341 distance 25
0 318 30 67 65 277 328 341 
Vertex 342 distance 49
0 318 30 132 587 381 384 309 342 
Vertex 343 distance 17
0 318 30 67 18 343 
Vertex 344 distance 25
0 318 30 132 344 
Vertex 345 distance 38
0 318 30 132 587 428 627 371 345 
Vertex 346 distance 39
0 318 30 67 18 343 376 164 248 256 346 
Vertex 347 distance 43
0 318 30 394 337 120 347 
Vertex 348 distance 43
0 318 607 156 60 402 544 348 
Vertex 349 distance 53
0 318 30 67 18 343 349 
Vertex 350 distance 41
0 318 30 67 65 277 328 520 262 319 468 350 
Vertex 351 distance 46
0 318 30 67 18 496 283 351 
Vertex 352 distance 42
0 318 30 67 65 277 143 336 367 352 
Vertex 353 distance 28
0 318 30 394 337 353 
Vertex 354 distance 38
0 318 30 394 337 353 435 87 548 354 
Vertex 355 distance 34
0 318 30 394 605 12 110 150 177 567 355 
Vertex 356 distance 37
0 318 607 10 13 611 356 
Vertex 357 distance 26
0 318 30 67 65 357 
Vertex 358 distance 36
0 318 30 394 605 216 358 
Vertex 359 distance 32
0 318 30 394 605 216 359 
Vertex 360 distance 39
0 318 30 132 587 509 614 499 57 360 
Vertex 361 distance 34
0 318 30 132 587 381 263 525 114 361 
Vertex 362 distance 35
0 318 30 394 337 120 35 234 591 362 
Vertex 363 distance 57
0 318 30 67 18 343 382 269 430 363 
Vertex 364 distance 39
0 318 30 132 344 307 490 364 
Vertex 365 distance 28
0 318 30 394 365 
Vertex 366 distance 33
0 318 30 394 337 120 40 366 
Vertex 367 distance 29
0 318 30 67 65 277 143 336 367 
Vertex 368 distance 30
0 318 30 132 587 381 263 582 368 
Vertex 369 distance 32
0 318 30 67 18 496 296 369 
Vertex 370 distance 36
0 318 607 10 13 43 569 370 
Vertex 371 distance 34
0 318 30 132 587 428 627 371 
Vertex 372 distance 28
0 318 30 197 372 
Vertex 373 distance 34
0 318 30 394 592 373 
Vertex 374 distance 51
0 318 30 67 18 343 376 164 248 256 170 374 
Vertex 375 distance 31
0 318 30 570 375 
Vertex 376 distance 19
0 318 30 67 18 343 376 
Vertex 377 distance 34
0 318 30 197 372 73 377 
Vertex 378 distance 40
0 318 30 394 337 107 285 378 
Vertex 379 distance 36
0 318 30 132 587 381 263 525 114 579 379 
Vertex 380 distance 34
0 318 30 67 65 277 600 380 
Vertex 381 distance 21
0 318 30 132 587 381 
Vertex 382 distance 30
0 318 30 67 18 343 382 
Vertex 383 distance 34
0 318 30 67 65 277 328 520 383 
Vertex 384 distance 30
0 318 30 132 587 381 384 
Vertex 385 distance 30
0 318 30 67 65 574 385 
Vertex 386 distance 42
0 318 30 132 587 428 306 386 
Vertex 387 distance 35
0 318 30 132 587 381 263 525 278 174 387 
Vertex 388 distance 36
0 318 30 67 65 277 328 341 571 388 
Vertex 389 distance 28
0 318 30 394 592 389 
Vertex 390 distance 40
0 318 30 394 337 333 390 
Vertex 391 distance 36
0 318 30 132 587 381 391 
Vertex 392 distance 35
0 318 30 132 587 509 614 499 94 392 
Vertex 393 distance 31
0 318 30 132 587 168 608 393 
Vertex 394 distance 17
0 318 30 394 
Vertex 395 distance 43
0 318 30 67 18 343 376 164 115 395 
Vertex 396 distance 37
0 249 483 602 178 224 396 
Vertex 397 distance 35
0 318 30 394 605 12 110 150 397 
Vertex 398 distance 48
0 612 24 220 488 557 599 398 
Vertex 399 distance 33
0 612 24 220 400 399 
Vertex 400 distance 30
0 612 24 220 400 
Vertex 401 distance 37
0 318 30 67 65 277 328 520 262 401 
Vertex 402 distance 31
0 318 607 156 60 402 
Vertex 403 distance 34
0 318 30 132 587 509 614 499 403 
Vertex 404 distance 42
0 318 30 394 337 107 285 404 
Vertex 405 distance 38
0 318 30 394 337 120 40 366 79 405 
Vertex 406 distance 35
0 612 24 220 488 557 222 406 
Vertex 407 distance 37
0 318 30 394 605 12 110 136 407 
Vertex 408 distance 38
0 318 30 132 587 381 263 525 114 579 408 
Vertex 409 distance 30
0 318 30 394 337 409 
Vertex 410 distance 38
0 318 30 394 337 120 610 38 410 
Vertex 411 distance 39
0 318 607 10 414 411 
Vertex 412 distance 45
0 318 30 67 65 277 143 336 204 412 
Vertex 413 distance 39
0 318 30 394 592 218 413 
Vertex 414 distance 26
0 318 607 10 414 
Vertex 415 distance 42
0 318 1 103 198 415 
Vertex 416 distance 35
0 318 30 67 18 496 296 369 416 
Vertex 417 distance 34
0 318 607 10 13 43 417 
Vertex 418 distance 40
0 318 30 67 18 343 632 418 
Vertex 419 distance 29
0 318 607 10 13 419 
Vertex 420 distance 33
0 318 30 67 18 496 283 420 
Vertex 421 distance 33
0 318 30 132 587 381 263 525 421 
Vertex 422 distance 36
0 318 607 156 60 402 422 
Vertex 423 distance 51
0 318 30 67 65 277 37 47 423 
Vertex 424 distance 41
0 249 483 602 424 
Vertex 425 distance 50
0 318 30 132 587 509 332 185 425 
Vertex 426 distance 35
0 318 607 156 60 402 573 426 
Vertex 427 distance 38
0 318 30 67 65 277 328 341 427 
Vertex 428 distance 27
0 318 30 132 587 428 
Vertex 429 distance 41
0 318 30 132 587 381 384 309 63 550 429 
Vertex 430 distance 33
0 318 30 67 18 343 382 269 430 
Vertex 431 distance 37
0 318 30 394 605 458 100 431 
Vertex 432 distance 29
0 318 30 132 344 581 432 
Vertex 433 distance 50
0 318 30 132 587 168 608 433 
Vertex 434 distance 36
0 318 30 67 65 277 328 341 466 434 
Vertex 435 distance 30
0 318 30 394 337 353 435 
Vertex 436 distance 34
0 318 30 394 605 246 436 
Vertex 437 distance 35
0 318 30 394 605 216 359 547 437 
Vertex 438 distance 29
0 318 30 394 605 12 438 
Vertex 439 distance 32
0 318 30 394 337 120 40 439 
Vertex 440 distance 23
0 318 30 132 587 440 
Vertex 441 distance 39
0 318 30 67 65 277 143 336 441 
Vertex 442 distance 44
0 318 30 67 65 277 328 137 227 209 442 
Vertex 443 distance 41
0 318 30 67 65 574 443 
Vertex 444 distance 35
0 318 30 67 65 277 143 91 444 
Vertex 445 distance 35
0 318 30 67 65 277 37 47 445 
Vertex 446 distance 47
0 318 30 394 592 446 
Vertex 447 distance 39
0 318 30 197 372 447 
Vertex 448 distance 42
0 318 30 394 337 113 448 
Vertex 449 distance 35
0 318 30 132 587 381 263 525 278 271 449 
Vertex 450 distance 48
0 474 272 450 
Vertex 451 distance 37
0 318 30 67 18 343 632 203 451 
Vertex 452 distance 35
0 318 30 67 18 452 
Vertex 453 distance 29
0 318 607 10 13 43 453 
Vertex 454 distance 40
0 249 483 138 454 
Vertex 455 distance 48
0 318 30 67 65 277 328 520 383 313 455 
Vertex 456 distance 26
0 318 30 394 456 
Vertex 457 distance 36
0 318 30 67 18 496 283 154 457 
Vertex 458 distance 29
0 318 30 394 605 458 
Vertex 459 distance 40
0 318 30 67 65 277 328 341 427 459 
Vertex 460 distance 43
0 318 30 132 587 509 614 499 94 392 460 
Vertex 461 distance 41
0 612 282 29 310 461 
Vertex 462 distance 32
0 318 30 67 18 343 376 462 
Vertex 463 distance 46
0 318 30 394 337 353 435 504 463 
Vertex 464 distance 36
0 318 30 394 337 120 35 234 591 362 464 
Vertex 465 distance 31
0 318 30 67 65 277 143 595 465 
Vertex 466 distance 26
0 318 30 67 65 277 328 341 466 
Vertex 467 distance 44
0 318 30 394 337 120 40 366 467 
Vertex 468 distance 33
0 318 30 67 65 277 328 520 262 319 468 
Vertex 469 distance 32
0 318 30 67 18 343 376 164 255 469 
Vertex 470 distance 32
0 318 30 394 337 353 435 470 
Vertex 471 distance 29
0 612 24 187 471 
Vertex 472 distance 37
0 318 30 132 587 428 329 472 
Vertex 473 distance 47
0 318 30 67 65 277 328 341 466 473 
Vertex 474 distance 22
0 474 
Vertex 475 distance 38
0 318 30 67 18 343 382 475 
Vertex 476 distance 43
0 612 282 512 476 
Vertex 477 distance 47
0 318 30 394 365 124 477 
Vertex 478 distance 31
0 318 30 67 65 277 261 478 
Vertex 479 distance 46
0 318 30 394 605 12 110 150 177 479 
Vertex 480 distance 28
0 318 30 394 605 12 480 
Vertex 481 distance 43
0 318 30 132 587 381 263 525 278 174 481 
Vertex 482 distance 42
0 318 30 67 65 277 37 47 482 
Vertex 483 distance 15
0 249 483 
Vertex 484 distance 44
0 318 30 67 65 277 37 484 
Vertex 485 distance 31
0 612 24 220 485 
Vertex 486 distance 42
0 612 24 187 190 270 491 486 
Vertex 487 distance 40
0 318 30 67 18 343 487 
Vertex 488 distance 29
0 612 24 220 488 
Vertex 489 distance 40
0 318 30 67 65 277 328 194 31 590 489 
Vertex 490 distance 32
0 318 30 132 344 307 490 
Vertex 491 distance 33
0 612 24 187 190 270 491 
Vertex 492 distance 50
0 318 607 10 414 492 
Vertex 493 distance 34
0 318 30 67 65 277 328 520 493 
Vertex 494 distance 33
0 318 607 156 60 494 
Vertex 495 distance 35
0 318 30 394 592 218 495 
Vertex 496 distance 24
0 318 30 67 18 496 
Vertex 497 distance 43
0 318 30 67 65 277 143 497 
Vertex 498 distance 36
0 318 30 132 587 440 335 498 
Vertex 499 distance 33
0 318 30 132 587 509 614 499 
Vertex 500 distance 44
0 318 30 67 65 277 328 137 606 500 
Vertex 501 distance 32
0 318 607 10 13 160 501 
Vertex 502 distance 50
0 318 30 394 605 216 358 502 
Vertex 503 distance 41
0 612 282 538 634 615 503 
Vertex 504 distance 38
0 318 30 394 337 353 435 504 
Vertex 505 distance 42
0 318 30 67 65 277 143 91 505 
Vertex 506 distance 38
0 318 30 132 587 440 506 
Vertex 507 distance 39
0 318 30 67 65 92 507 
Vertex 508 distance 38
0 318 30 67 18 343 632 203 451 508 
Vertex 509 distance 26
0 318 30 132 587 509 
Vertex 510 distance 39
0 612 24 220 488 557 222 244 510 
Vertex 511 distance 33
0 318 30 394 592 389 144 511 
Vertex 512 distance 25
0 612 282 512 
Vertex 513 distance 32
0 474 513 
Vertex 514 distance 28
0 318 30 67 18 343 376 514 
Vertex 515 distance 44
0 318 30 132 344 307 490 515 
Vertex 516 distance 35
0 318 30 67 65 277 37 49 516 
Vertex 517 distance 33
0 318 30 570 375 517 
Vertex 518 distance 37
0 69 518 
Vertex 519 distance 35
0 318 30 67 65 277 328 520 493 519 
Vertex 520 distance 25
0 318 30 67 65 277 328 520 
Vertex 521 distance 42
0 318 30 132 587 509 614 499 403 521 
Vertex 522 distance 35
0 318 30 67 65 277 52 522 
Vertex 523 distance 43
0 318 607 10 13 611 523 
Vertex 524 distance 36
0 318 607 10 13 43 569 524 
Vertex 525 distance 29
0 318 30 132 587 381 263 525 
Vertex 526 distance 32
0 318 30 67 18 526 
Vertex 527 distance 28
0 318 30 394 605 12 314 527 
Vertex 528 distance 33
0 318 30 132 587 381 263 525 278 528 
Vertex 529 distance 39
0 318 30 394 337 529 
Vertex 530 distance 41
0 318 30 67 18 452 530 
Vertex 531 distance 35
0 318 30 132 587 381 263 582 531 
Vertex 532 distance 41
0 69 109 117 532 
Vertex 533 distance 36
0 612 24 192 533 
Vertex 534 distance 39
0 318 30 394 337 353 435 534 
Vertex 535 distance 40
0 249 253 535 
Vertex 536 distance 45
0 318 30 67 18 496 597 536 
Vertex 537 distance 46
0 318 30 132 587 381 263 582 537 
Vertex 538 distance 28
0 612 282 538 
Vertex 539 distance 46
0 318 30 67 65 149 539 
Vertex 540 distance 41
0 318 30 132 587 168 608 393 76 540 
Vertex 541 distance 57
0 249 253 541 
Vertex 542 distance 38
0 318 30 570 542 
Vertex 543 distance 35
0 318 30 394 365 19 543 
Vertex 544 distance 37
0 318 607 156 60 402 544 
Vertex 545 distance 37
0 318 30 67 18 343 556 305 545 
Vertex 546 distance 37
0 318 30 197 546 
Vertex 547 distance 34
0 318 30 394 605 216 359 547 
Vertex 548 distance 36
0 318 30 394 337 353 435 87 548 
Vertex 549 distance 48
0 318 30 67 65 277 143 336 204 322 338 549 
Vertex 550 distance 40
0 318 30 132 587 381 384 309 63 550 
Vertex 551 distance 37
0 318 30 67 65 277 37 47 89 551 
Vertex 552 distance 39
0 318 30 394 605 12 110 150 130 552 
Vertex 553 distance 44
0 318 30 67 65 277 553 
Vertex 554 distance 30
0 577 554 
Vertex 555 distance 39
0 318 30 394 605 246 436 555 
Vertex 556 distance 28
0 318 30 67 18 343 556 
Vertex 557 distance 32
0 612 24 220 488 557 
Vertex 558 distance 37
0 318 30 67 18 343 376 164 558 
Vertex 559 distance 39
0 318 30 67 559 
Vertex 560 distance 35
0 318 30 394 605 246 560 
Vertex 561 distance 31
0 318 30 67 65 277 600 561 
Vertex 562 distance 41
0 318 30 394 605 246 560 41 562 
Vertex 563 distance 42
0 318 30 132 587 381 263 525 278 528 563 
Vertex 564 distance 33
0 612 24 187 564 
Vertex 565 distance 29
0 318 30 394 337 107 565 
Vertex 566 distance 47
0 318 30 67 18 496 283 420 116 566 
Vertex 567 distance 33
0 318 30 394 605 12 110 150 177 567 
Vertex 568 distance 35
0 318 30 197 3 568 
Vertex 569 distance 32
0 318 607 10 13 43 569 
Vertex 570 distance 29
0 318 30 570 
Vertex 571 distance 35
0 318 30 67 65 277 328 341 571 
Vertex 572 distance 40
0 318 30 67 18 343 632 186 572 
Vertex 573 distance 33
0 318 607 156 60 402 573 
Vertex 574 distance 25
0 318 30 67 65 574 
Vertex 575 distance 25
0 612 24 575 
Vertex 576 distance 43
0 318 30 132 587 509 576 
Vertex 577 distance 17
0 577 
Vertex 578 distance 28
0 318 30 67 65 277 143 336 578 
Vertex 579 distance 34
0 318 30 132 587 381 263 525 114 579 
Vertex 580 distance 39
0 318 30 67 65 277 143 595 331 93 580 
Vertex 581 distance 28
0 318 30 132 344 581 
Vertex 582 distance 29
0 318 30 132 587 381 263 582 
Vertex 583 distance 52
0 318 30 67 65 277 328 341 583 
Vertex 584 distance 38
0 318 607 156 60 494 584 
Vertex 585 distance 29
0 318 30 132 585 
Vertex 586 distance 33
0 318 30 67 65 277 261 478 586 
Vertex 587 distance 16
0 318 30 132 587 
Vertex 588 distance 45
0 318 30 394 588 
Vertex 589 distance 38
0 318 30 132 587 440 301 589 
Vertex 590 distance 30
0 318 30 67 65 277 328 194 31 590 
Vertex 591 distance 34
0 318 30 394 337 120 35 234 591 
Vertex 592 distance 18
0 318 30 394 592 
Vertex 593 distance 35
0 318 607 10 13 419 593 
Vertex 594 distance 46
0 249 483 602 101 594 
Vertex 595 distance 30
0 318 30 67 65 277 143 595 
Vertex 596 distance 27
0 318 30 394 592 188 596 
Vertex 597 distance 38
0 318 30 67 18 496 597 
Vertex 598 distance 24
0 318 30 394 605 598 
Vertex 599 distance 39
0 612 24 220 488 557 599 
Vertex 600 distance 26
0 318 30 67 65 277 600 
Vertex 601 distance 39
0 318 30 67 18 343 376 164 255 62 601 
Vertex 602 distance 25
0 249 483 602 
Vertex 603 distance 41
0 318 30 132 587 440 335 603 
Vertex 604 distance 42
0 318 30 67 18 496 260 604 
Vertex 605 distance 20
0 318 30 394 605 
Vertex 606 distance 41
0 318 30 67 65 277 328 137 606 
Vertex 607 distance 19
0 318 607 
Vertex 608 distance 27
0 318 30 132 587 168 608 
Vertex 609 distance 30
0 612 282 538 609 
Vertex 610 distance 33
0 318 30 394 337 120 610 
Vertex 611 distance 35
0 318 607 10 13 611 
Vertex 612 distance 12
0 612 
Vertex 613 distance 28
0 318 30 132 587 440 335 613 
Vertex 614 distance 31
0 318 30 132 587 509 614 
Vertex 615 distance 37
0 612 282 538 634 615 
Vertex 616 distance 33
0 318 30 394 337 353 616 
Vertex 617 distance 37
0 318 30 394 605 12 438 617 
Vertex 618 distance 44
0 318 30 67 18 343 376 164 255 469 96 618 
Vertex 619 distance 33
0 577 619 
Vertex 620 distance 39
0 318 30 394 337 120 35 234 591 362 464 620 
Vertex 621 distance 40
0 318 30 67 18 343 382 621 
Vertex 622 distance 36
0 318 30 132 587 381 263 525 278 271 622 
Vertex 623 distance 42
0 318 607 10 414 623 
Vertex 624 distance 40
0 318 30 132 344 307 490 289 159 166 624 
Vertex 625 distance 37
0 318 30 132 587 509 614 499 625 
Vertex 626 distance 35
0 318 30 394 592 218 626 
Vertex 627 distance 29
0 318 30 132 587 428 627 
Vertex 628 distance 36
0 318 30 394 605 12 628 
Vertex 629 distance 39
0 318 30 67 18 496 283 154 629 
Vertex 630 distance 39
0 318 30 67 65 277 328 137 630 
Vertex 631 distance 32
0 318 30 132 344 146 631 
Vertex 632 distance 20
0 318 30 67 18 343 632 
Vertex 633 distance 29
0 318 30 394 605 12 110 150 633 
Vertex 634 distance 34
0 612 282 538 634 
Vertex 635 distance 42
0 318 30 67 65 277 37 49 516 635 
Vertex 636 distance 35
0 318 30 67 65 277 261 478 586 636 
Vertex 637 distance 45
0 318 30 67 18 343 376 164 558 637 
Vertex 638 distance 36
0 318 607 10 13 419 34 638 
Vertex 639 distance 50
0 612 282 538 634 615 503 639 
