Vertex 0 distance 0
0 0 
Vertex 1 distance 29
0 275 213 527 1 
Vertex 2 distance 30
0 275 274 407 43 210 2 
Vertex 3 distance 30
0 275 274 407 318 465 295 625 269 570 3 
Vertex 4 distance 23
0 275 274 363 231 474 322 4 
Vertex 5 distance 27
0 275 274 407 318 215 51 138 5 
Vertex 6 distance 34
0 275 274 363 231 518 513 6 
Vertex 7 distance 26
0 275 274 407 43 568 521 303 7 
Vertex 8 distance 25
0 81 198 374 8 
Vertex 9 distance 15
0 275 274 407 226 9 
Vertex 10 distance 28
0 275 274 407 318 465 295 625 109 10 
Vertex 11 distance 28
0 81 198 374 11 
Vertex 12 distance 27
0 275 274 407 318 465 12 
Vertex 13 distance 28
0 275 274 407 318 528 13 
Vertex 14 distance 35
0 275 274 407 318 222 323 271 617 623 504 14 
Vertex 15 distance 19
0 275 274 407 318 465 295 339 15 
Vertex 16 distance 29
0 275 274 407 318 465 295 625 109 16 
Vertex 17 distance 15
0 275 274 407 43 453 17 
Vertex 18 distance 17
0 275 274 407 318 161 18 
Vertex 19 distance 26
0 81 71 95 287 19 
Vertex 20 distance 16
0 20 
Vertex 21 distance 32
0 224 331 21 
Vertex 22 distance 33
0 275 274 407 67 296 242 397 22 
Vertex 23 distance 30
0 275 274 407 318 465 295 319 23 
Vertex 24 distance 28
0 275 274 407 43 458 277 382 24 
Vertex 25 distance 46
0 275 274 407 318 465 295 625 349 34 25 
Vertex 26 distance 26
0 81 198 26 
Vertex 27 distance 28
0 275 274 407 43 371 516 571 533 27 
Vertex 28 distance 33
0 275 274 407 318 465 295 339 28 
Vertex 29 distance 31
0 275 274 407 67 296 242 190 29 
Vertex 30 distance 24
0 130 30 
Vertex 31 distance 46
0 275 274 407 638 587 31 
Vertex 32 distance 32
0 275 274 407 638 289 515 554 32 
Vertex 33 distance 25
0 81 71 95 287 33 
Vertex 34 distance 27
0 275 274 407 318 465 295 625 349 34 
Vertex 35 distance 37
0 275 274 407 318 465 295 339 540 135 35 
Vertex 36 distance 29
0 275 274 407 43 458 277 382 396 36 
Vertex 37 distance 19
0 275 274 407 318 161 18 37 
Vertex 38 distance 27
0 275 274 363 38 
Vertex 39 distance 39
0 477 39 
Vertex 40 distance 26
0 275 274 407 67 296 435 40 
Vertex 41 distance 32
0 275 274 407 67 296 435 40 377 157 41 
Vertex 42 distance 34
0 365 112 266 42 
Vertex 43 distance 8
0 275 274 407 43 
Vertex 44 distance 26
0 275 274 407 318 465 295 603 68 44 
Vertex 45 distance 20
0 275 274 407 318 215 526 45 
Vertex 46 distance 37
0 275 213 99 139 86 46 
Vertex 47 distance 37
0 275 274 407 67 296 435 153 47 
Vertex 48 distance 28
0 275 274 407 318 215 195 126 531 48 
Vertex 49 distance 27
0 275 274 407 318 465 295 339 441 49 
Vertex 50 distance 24
0 275 274 407 43 458 277 263 410 50 
Vertex 51 distance 17
0 275 274 407 318 215 51 
Vertex 52 distance 36
0 275 274 407 318 528 480 52 
Vertex 53 distance 34
0 275 274 407 43 458 277 334 632 639 53 
Vertex 54 distance 26
0 477 54 
Vertex 55 distance 32
0 275 274 363 232 501 55 
Vertex 56 distance 35
0 275 274 407 318 222 323 271 236 162 56 
Vertex 57 distance 29
0 275 274 407 318 215 526 45 133 57 
Vertex 58 distance 16
0 275 274 407 318 215 58 
Vertex 59 distance 34
0 275 274 407 318 465 295 339 15 634 59 
Vertex 60 distance 28
0 275 274 407 318 222 323 271 617 60 
Vertex 61 distance 29
0 275 274 407 318 465 295 591 201 636 61 
Vertex 62 distance 32
0 275 274 407 318 465 295 339 62 
Vertex 63 distance 33
0 275 274 407 318 222 323 520 197 63 
Vertex 64 distance 23
0 275 274 407 67 296 64 
Vertex 65 distance 18
0 275 274 407 318 465 295 339 540 65 
Vertex 66 distance 34
0 275 553 290 66 
Vertex 67 distance 7
0 275 274 407 67 
Vertex 68 distance 17
0 275 274 407 318 465 295 603 68 
Vertex 69 distance 22
0 275 274 127 142 69 
Vertex 70 distance 38
0 275 274 407 318 215 195 110 70 
Vertex 71 distance 19
0 81 71 
Vertex 72 distance 28
0 224 260 413 72 
Vertex 73 distance 34
0 275 213 472 302 73 
Vertex 74 distance 38
0 275 274 407 43 453 276 74 
Vertex 75 distance 24
0 275 274 407 318 465 295 603 272 156 75 
Vertex 76 distance 26
0 81 71 488 76 
Vertex 77 distance 35
0 275 213 527 360 386 77 
Vertex 78 distance 36
0 275 274 407 43 458 277 382 78 
Vertex 79 distance 27
0 82 235 79 
Vertex 80 distance 31
0 275 274 407 43 372 619 80 
Vertex 81 distance 5
0 81 
Vertex 82 distance 20
0 82 
Vertex 83 distance 23
0 275 274 407 318 215 195 83 
Vertex 84 distance 32
0 275 274 407 43 568 521 303 7 84 
Vertex 85 distance 30
0 365 112 85 
Vertex 86 distance 31
0 275 213 99 139 86 
Vertex 87 distance 29
0 275 274 407 318 528 13 87 
Vertex 88 distance 26
0 82 235 88 
Vertex 89 distance 29
0 275 274 407 43 371 516 571 375 466 140 89 
Vertex 90 distance 31
0 275 274 407 258 131 90 
Vertex 91 distance 30
0 365 100 185 461 91 
Vertex 92 distance 25
0 275 274 363 231 518 92 
Vertex 93 distance 39
0 82 235 79 93 
Vertex 94 distance 23
0 275 274 407 43 371 516 571 533 94 
Vertex 95 distance 22
0 81 71 95 
Vertex 96 distance 25
0 275 274 363 231 96 
Vertex 97 distance 28
0 275 274 407 318 215 526 97 
Vertex 98 distance 30
0 275 274 407 318 222 323 520 98 
Vertex 99 distance 21
0 275 213 99 
Vertex 100 distance 15
0 365 100 
Vertex 101 distance 33
0 275 274 407 318 465 295 591 201 119 230 101 
Vertex 102 distance 23
0 275 274 407 318 222 323 520 102 
Vertex 103 distance 24
0 275 274 363 231 474 103 
Vertex 104 distance 36
0 275 274 407 318 465 295 603 211 141 104 
Vertex 105 distance 31
0 275 274 407 43 568 105 
Vertex 106 distance 28
0 365 100 450 106 
Vertex 107 distance 29
0 275 274 407 318 215 199 107 
Vertex 108 distance 44
0 275 163 108 
Vertex 109 distance 23
0 275 274 407 318 465 295 625 109 
Vertex 110 distance 24
0 275 274 407 318 215 195 110 
Vertex 111 distance 21
0 275 213 472 302 111 
Vertex 112 distance 26
0 365 112 
Vertex 113 distance 36
0 275 274 407 318 215 51 138 5 399 113 
Vertex 114 distance 34
0 275 274 407 638 289 515 554 32 158 114 
Vertex 115 distance 30
0 275 274 407 43 372 619 115 
Vertex 116 distance 23
0 275 274 407 638 289 116 
Vertex 117 distance 27
0 275 274 407 43 458 277 263 410 387 117 
Vertex 118 distance 22
0 275 274 407 318 118 
Vertex 119 distance 24
0 275 274 407 318 465 295 591 201 119 
Vertex 120 distance 33
0 275 274 407 318 465 295 603 211 120 
Vertex 121 distance 33
0 275 274 407 318 465 295 339 441 137 423 220 121 
Vertex 122 distance 34
0 275 274 407 318 161 18 37 429 229 122 
Vertex 123 distance 30
0 275 274 407 318 123 
Vertex 124 distance 37
0 275 274 407 318 215 195 124 
Vertex 125 distance 32
0 275 274 407 318 465 295 603 272 125 
Vertex 126 distance 25
0 275 274 407 318 215 195 126 
Vertex 127 distance 15
0 275 274 127 
Vertex 128 distance 18
0 81 128 
Vertex 129 distance 22
0 275 274 363 231 129 
Vertex 130 distance 4
0 130 
Vertex 131 distance 26
0 275 274 407 258 131 
Vertex 132 distance 37
0 130 30 193 132 
Vertex 133 distance 28
0 275 274 407 318 215 526 45 133 
Vertex 134 distance 37
0 275 213 99 139 134 
Vertex 135 distance 20
0 275 274 407 318 465 295 339 540 135 
Vertex 136 distance 25
0 224 260 457 136 
Vertex 137 distance 20
0 275 274 407 318 465 295 339 441 137 
Vertex 138 distance 26
0 275 274 407 318 215 51 138 
Vertex 139 distance 23
0 275 213 99 139 
Vertex 140 distance 26
0 275 274 407 43 371 516 571 375 466 140 
Vertex 141 distance 29
0 275 274 407 318 465 295 603 211 141 
Vertex 142 distance 21
0 275 274 127 142 
Vertex 143 distance 27
0 275 274 407 318 465 295 339 441 178 143 
Vertex 144 distance 28
0 275 274 407 43 568 521 577 144 
Vertex 145 distance 33
0 275 274 407 318 465 295 339 411 145 
Vertex 146 distance 19
0 275 274 407 43 458 277 146 
Vertex 147 distance 33
0 275 274 407 43 372 619 506 147 
Vertex 148 distance 24
0 275 274 407 318 215 148 
Vertex 149 distance 19
0 275 206 149 
Vertex 150 distance 34
0 275 213 472 534 499 270 188 150 
Vertex 151 distance 36
0 275 213 472 432 151 
Vertex 152 distance 33
0 275 274 407 67 296 435 153 152 
Vertex 153 distance 32
0 275 274 407 67 296 435 153 
Vertex 154 distance 22
0 275 274 407 67 154 
Vertex 155 distance 24
0 82 155 
Vertex 156 distance 21
0 275 274 407 318 465 295 603 272 156 
Vertex 157 distance 31
0 275 274 407 67 296 435 40 377 157 
Vertex 158 distance 33
0 275 274 407 638 289 515 554 32 158 
Vertex 159 distance 22
0 275 274 363 231 159 
Vertex 160 distance 25
0 275 274 363 231 518 160 
Vertex 161 distance 11
0 275 274 407 318 161 
Vertex 162 distance 25
0 275 274 407 318 222 323 271 236 162 
Vertex 163 distance 18
0 275 163 
Vertex 164 distance 25
0 224 260 164 
Vertex 165 distance 31
0 275 274 407 318 465 295 589 492 281 165 
Vertex 166 distance 28
0 275 274 363 231 474 322 166 
Vertex 167 distance 24
0 275 274 407 226 483 167 
Vertex 168 distance 29
0 275 274 407 318 465 295 625 349 34 168 
Vertex 169 distance 34
0 275 274 407 318 123 169 
Vertex 170 distance 30
0 275 213 472 302 111 431 170 
Vertex 171 distance 31
0 275 274 407 318 215 171 
Vertex 172 distance 20
0 275 274 407 318 215 195 172 
Vertex 173 distance 27
0 275 274 407 318 161 237 173 
Vertex 174 distance 23
0 275 274 363 231 129 174 
Vertex 175 distance 24
0 275 274 407 318 465 295 603 211 175 
Vertex 176 distance 24
0 275 274 407 318 465 295 591 201 176 
Vertex 177 distance 27
0 275 274 407 318 222 323 520 177 
Vertex 178 distance 17
0 275 274 407 318 465 295 339 441 178 
Vertex 179 distance 28
0 275 274 407 43 458 277 263 179 
Vertex 180 distance 22
0 365 100 292 180 
Vertex 181 distance 39
0 275 274 407 318 465 295 603 272 156 75 308 181 
Vertex 182 distance 30
0 275 274 407 318 528 480 182 
Vertex 183 distance 16
0 275 274 407 43 458 277 334 183 
Vertex 184 distance 25
0 275 274 127 142 69 184 
Vertex 185 distance 21
0 365 100 185 
Vertex 186 distance 25
0 275 274 407 43 371 516 571 533 186 
Vertex 187 distance 38
0 275 274 407 43 458 277 549 316 187 
Vertex 188 distance 33
0 275 213 472 534 499 270 188 
Vertex 189 distance 37
0 275 274 407 318 215 58 606 464 189 
Vertex 190 distance 29
0 275 274 407 67 296 242 190 
Vertex 191 distance 23
0 81 71 191 
Vertex 192 distance 30
0 275 274 407 318 215 195 345 192 
Vertex 193 distance 27
0 130 30 193 
Vertex 194 distance 35
0 275 274 407 318 465 295 625 269 570 3 194 
Vertex 195 distance 18
0 275 274 407 318 215 195 
Vertex 196 distance 17
0 275 274 407 318 465 196 
Vertex 197 distance 28
0 275 274 407 318 222 323 520 197 
Vertex 198 distance 18
0 81 198 
Vertex 199 distance 21
0 275 274 407 318 215 199 
Vertex 200 distance 25
0 275 274 407 43 568 521 626 200 
Vertex 201 distance 17
0 275 274 407 318 465 295 591 201 
Vertex 202 distance 20
0 275 274 407 318 215 526 202 
Vertex 203 distance 30
0 275 274 407 318 215 526 97 203 
Vertex 204 distance 51
0 275 274 407 43 453 17 204 
Vertex 205 distance 27
0 275 274 407 318 215 195 205 
Vertex 206 distance 12
0 275 206 
Vertex 207 distance 40
0 275 274 363 231 518 513 207 
Vertex 208 distance 37
0 275 274 407 318 222 323 271 617 208 
Vertex 209 distance 34
0 275 274 407 67 154 209 
Vertex 210 distance 17
0 275 274 407 43 210 
Vertex 211 distance 20
0 275 274 407 318 465 295 603 211 
Vertex 212 distance 24
0 275 274 407 318 215 524 212 
Vertex 213 distance 6
0 275 213 
Vertex 214 distance 32
0 275 274 407 318 465 295 339 441 137 423 220 214 
Vertex 215 distance 11
0 275 274 407 318 215 
Vertex 216 distance 34
0 275 274 407 318 465 196 216 
Vertex 217 distance 18
0 275 274 407 43 568 521 217 
Vertex 218 distance 30
0 275 274 363 231 518 344 218 
Vertex 219 distance 27
0 275 274 407 588 219 
Vertex 220 distance 26
0 275 274 407 318 465 295 339 441 137 423 220 
Vertex 221 distance 39
0 275 274 127 142 69 221 
Vertex 222 distance 15
0 275 274 407 318 222 
Vertex 223 distance 28
0 275 274 407 226 223 
Vertex 224 distance 18
0 224 
Vertex 225 distance 25
0 275 274 407 318 161 237 225 
Vertex 226 distance 12
0 275 274 407 226 
Vertex 227 distance 44
0 275 274 407 318 465 295 339 540 135 559 227 
Vertex 228 distance 36
0 275 274 407 43 458 392 584 228 
Vertex 229 distance 28
0 275 274 407 318 161 18 37 429 229 
Vertex 230 distance 30
0 275 274 407 318 465 295 591 201 119 230 
Vertex 231 distance 14
0 275 274 363 231 
Vertex 232 distance 24
0 275 274 363 232 
Vertex 233 distance 29
0 275 274 407 233 
Vertex 234 distance 23
0 275 274 407 318 465 295 625 234 
Vertex 235 distance 23
0 82 235 
Vertex 236 distance 24
0 275 274 407 318 222 323 271 236 
Vertex 237 distance 23
0 275 274 407 318 161 237 
Vertex 238 distance 38
0 130 598 369 238 
Vertex 239 distance 23
0 275 274 407 318 215 195 172 239 
Vertex 240 distance 30
0 275 274 407 318 465 295 603 249 240 
Vertex 241 distance 41
0 82 235 546 241 
Vertex 242 distance 18
0 275 274 407 67 296 242 
Vertex 243 distance 28
0 275 274 407 318 215 195 561 243 
Vertex 244 distance 27
0 365 112 244 
Vertex 245 distance 24
0 275 274 407 318 215 58 245 
Vertex 246 distance 18
0 275 274 407 43 371 246 
Vertex 247 distance 38
0 275 274 407 638 289 515 554 32 247 
Vertex 248 distance 31
0 275 274 407 318 215 51 138 5 248 
Vertex 249 distance 29
0 275 274 407 318 465 295 603 249 
Vertex 250 distance 31
0 275 274 407 318 465 295 319 602 250 
Vertex 251 distance 33
0 275 274 363 232 251 
Vertex 252 distance 23
0 275 274 407 318 465 295 597 252 
Vertex 253 distance 31
0 275 274 363 231 474 322 253 
Vertex 254 distance 19
0 275 213 527 254 
Vertex 255 distance 24
0 275 274 407 67 255 
Vertex 256 distance 28
0 275 274 407 318 465 295 625 269 570 256 
Vertex 257 distance 32
0 81 198 374 11 257 
Vertex 258 distance 19
0 275 274 407 258 
Vertex 259 distance 20
0 275 213 472 534 259 
Vertex 260 distance 20
0 224 260 
Vertex 261 distance 34
0 275 274 407 318 465 295 625 269 570 261 
Vertex 262 distance 37
0 275 274 407 226 483 167 262 
Vertex 263 distance 17
0 275 274 407 43 458 277 263 
Vertex 264 distance 28
0 81 71 95 264 
Vertex 265 distance 25
0 275 274 363 231 129 265 
Vertex 266 distance 29
0 365 112 266 
Vertex 267 distance 38
0 275 274 407 318 222 323 314 267 
Vertex 268 distance 44
0 275 274 407 318 465 295 603 211 175 268 
Vertex 269 distance 23
0 275 274 407 318 465 295 625 269 
Vertex 270 distance 32
0 275 213 472 534 499 270 
Vertex 271 distance 20
0 275 274 407 318 222 323 271 
Vertex 272 distance 19
0 275 274 407 318 465 295 603 272 
Vertex 273 distance 34
0 81 128 511 273 
Vertex 274 distance 5
0 275 274 
Vertex 275 distance 3
0 275 
Vertex 276 distance 16
0 275 274 407 43 453 276 
Vertex 277 distance 14
0 275 274 407 43 458 277 
Vertex 278 distance 28
0 275 274 407 318 222 323 278 
Vertex 279 distance 33
0 275 274 407 43 371 516 571 604 279 
Vertex 280 distance 29
0 275 206 637 560 280 
Vertex 281 distance 26
0 275 274 407 318 465 295 589 492 281 
Vertex 282 distance 37
0 275 274 407 318 465 295 625 269 440 282 
Vertex 283 distance 25
0 275 213 472 534 259 283 
Vertex 284 distance 31
0 275 274 407 43 210 341 284 
Vertex 285 distance 27
0 275 274 407 43 371 516 571 533 186 285 
Vertex 286 distance 24
0 275 274 407 43 568 521 626 286 
Vertex 287 distance 23
0 81 71 95 287 
Vertex 288 distance 24
0 81 311 288 
Vertex 289 distance 16
0 275 274 407 638 289 
Vertex 290 distance 23
0 275 553 290 
Vertex 291 distance 29
0 81 71 95 264 291 
Vertex 292 distance 19
0 365 100 292 
Vertex 293 distance 29
0 275 274 407 318 215 195 172 437 293 
Vertex 294 distance 20
0 275 274 407 318 465 295 591 294 
Vertex 295 distance 12
0 275 274 407 318 465 295 
Vertex 296 distance 10
0 275 274 407 67 296 
Vertex 297 distance 32
0 275 274 407 638 289 515 554 297 
Vertex 298 distance 33
0 275 274 407 318 215 195 172 239 298 
Vertex 299 distance 21
0 275 274 407 43 453 276 395 299 
Vertex 300 distance 26
0 275 274 407 318 118 300 
Vertex 301 distance 34
0 275 274 407 318 161 18 301 
Vertex 302 distance 17
0 275 213 472 302 
Vertex 303 distance 23
0 275 274 407 43 568 521 303 
Vertex 304 distance 32
0 275 213 472 302 111 523 329 304 
Vertex 305 distance 31
0 81 198 374 445 305 
Vertex 306 distance 43
0 275 274 407 318 465 295 339 62 306 
Vertex 307 distance 31
0 275 274 407 43 371 516 307 
Vertex 308 distance 26
0 275 274 407 318 465 295 603 272 156 75 308 
Vertex 309 distance 16
0 275 274 407 43 309 
Vertex 310 distance 35
0 275 274 407 43 310 
Vertex 311 distance 23
0 81 311 
Vertex 312 distance 41
0 365 112 266 586 312 
Vertex 313 distance 30
0 275 213 472 302 313 
Vertex 314 distance 31
0 275 274 407 318 222 323 314 
Vertex 315 distance 25
0 315 
Vertex 316 distance 36
0 275 274 407 43 458 277 549 316 
Vertex 317 distance 33
0 275 274 407 318 215 51 138 5 399 317 
Vertex 318 distance 7
0 275 274 407 318 
Vertex 319 distance 24
0 275 274 407 318 465 295 319 
Vertex 320 distance 29
0 82 235 487 320 
Vertex 321 distance 24
0 275 274 407 318 465 295 591 201 321 
Vertex 322 distance 22
0 275 274 363 231 474 322 
Vertex 323 distance 17
0 275 274 407 318 222 323 
Vertex 324 distance 38
0 81 198 26 455 324 
Vertex 325 distance 28
0 275 274 407 318 465 295 339 441 137 423 220 325 
Vertex 326 distance 29
0 275 274 407 318 222 323 271 617 326 
Vertex 327 distance 33
0 275 274 407 318 215 524 327 
Vertex 328 distance 25
0 275 274 407 67 296 64 328 
Vertex 329 distance 27
0 275 213 472 302 111 523 329 
Vertex 330 distance 34
0 275 274 363 231 129 265 493 330 
Vertex 331 distance 31
0 224 331 
Vertex 332 distance 28
0 275 274 407 43 309 332 
Vertex 333 distance 29
0 275 274 407 318 465 295 339 441 137 333 
Vertex 334 distance 15
0 275 274 407 43 458 277 334 
Vertex 335 distance 33
0 365 100 409 335 
Vertex 336 distance 38
0 224 331 21 336 
Vertex 337 distance 38
0 275 274 407 638 629 337 
Vertex 338 distance 27
0 275 274 407 318 222 323 271 617 623 338 
Vertex 339 distance 14
0 275 274 407 318 465 295 339 
Vertex 340 distance 23
0 275 274 407 318 465 295 339 540 340 
Vertex 341 distance 22
0 275 274 407 43 210 341 
Vertex 342 distance 27
0 275 274 407 43 371 246 366 342 
Vertex 343 distance 32
0 365 100 292 343 
Vertex 344 distance 25
0 275 274 363 231 518 344 
Vertex 345 distance 22
0 275 274 407 318 215 195 345 
Vertex 346 distance 23
0 275 274 363 231 518 513 346 
Vertex 347 distance 21
0 275 274 407 43 458 277 334 183 347 
Vertex 348 distance 35
0 275 274 407 43 372 619 506 348 
Vertex 349 distance 24
0 275 274 407 318 465 295 625 349 
Vertex 350 distance 45
0 81 128 511 273 350 
Vertex 351 distance 28
0 275 274 407 43 372 475 351 
Vertex 352 distance 37
0 275 274 407 43 372 619 352 
Vertex 353 distance 24
0 275 274 407 318 465 295 625 269 353 
Vertex 354 distance 21
0 275 213 472 534 259 354 
Vertex 355 distance 32
0 81 128 511 355 
Vertex 356 distance 36
0 275 274 407 43 210 426 356 
Vertex 357 distance 25
0 275 274 407 43 458 277 263 410 50 357 
Vertex 358 distance 30
0 275 274 407 318 222 323 520 177 358 
Vertex 359 distance 46
0 275 274 407 318 222 391 359 
Vertex 360 distance 21
0 275 213 527 360 
Vertex 361 distance 38
0 275 274 407 318 465 295 339 411 145 361 
Vertex 362 distance 26
0 275 274 407 43 458 277 382 362 
Vertex 363 distance 11
0 275 274 363 
Vertex 364 distance 38
0 275 213 472 534 364 
Vertex 365 distance 14
0 365 
Vertex 366 distance 24
0 275 274 407 43 371 246 366 
Vertex 367 distance 34
0 275 274 407 318 465 295 625 421 367 
Vertex 368 distance 17
0 275 274 407 43 309 368 
Vertex 369 distance 17
0 130 598 369 
Vertex 370 distance 34
0 275 213 472 302 111 370 
Vertex 371 distance 13
0 275 274 407 43 371 
Vertex 372 distance 15
0 275 274 407 43 372 
Vertex 373 distance 37
0 275 274 407 318 222 391 373 
Vertex 374 distance 23
0 81 198 374 
Vertex 375 distance 22
0 275 274 407 43 371 516 571 375 
Vertex 376 distance 35
0 275 274 407 43 371 516 571 533 94 635 376 
Vertex 377 distance 29
0 275 274 407 67 296 435 40 377 
Vertex 378 distance 34
0 275 274 407 43 458 277 263 410 50 378 
Vertex 379 distance 20
0 275 274 407 43 458 277 263 379 
Vertex 380 distance 32
0 275 274 407 43 309 332 380 
Vertex 381 distance 32
0 275 274 363 231 518 513 346 381 
Vertex 382 distance 17
0 275 274 407 43 458 277 382 
Vertex 383 distance 32
0 275 274 407 43 458 277 334 563 383 
Vertex 384 distance 38
0 275 274 407 318 215 524 212 562 384 
Vertex 385 distance 30
0 275 274 407 43 568 521 517 385 
Vertex 386 distance 32
0 275 213 527 360 386 
Vertex 387 distance 24
0 275 274 407 43 458 277 263 410 387 
Vertex 388 distance 27
0 275 274 407 318 215 195 172 388 
Vertex 389 distance 26
0 275 274 407 638 289 116 389 
Vertex 390 distance 43
0 275 213 472 302 111 431 170 390 
Vertex 391 distance 28
0 275 274 407 318 222 391 
Vertex 392 distance 28
0 275 274 407 43 458 392 
Vertex 393 distance 33
0 275 274 407 43 453 276 395 615 551 579 393 
Vertex 394 distance 23
0 275 213 99 394 
Vertex 395 distance 20
0 275 274 407 43 453 276 395 
Vertex 396 distance 26
0 275 274 407 43 458 277 382 396 
Vertex 397 distance 22
0 275 274 407 67 296 242 397 
Vertex 398 distance 29
0 275 274 407 638 289 116 389 398 
Vertex 399 distance 30
0 275 274 407 318 215 51 138 5 399 
Vertex 400 distance 31
0 365 100 185 461 400 
Vertex 401 distance 43
0 275 274 407 43 458 277 263 410 401 
Vertex 402 distance 30
0 275 274 407 43 210 402 
Vertex 403 distance 29
0 275 274 407 43 210 426 403 
Vertex 404 distance 25
0 275 274 407 318 465 295 339 540 340 404 
Vertex 405 distance 22
0 275 274 407 638 289 405 
Vertex 406 distance 33
0 275 274 407 43 371 246 406 
Vertex 407 distance 6
0 275 274 407 
Vertex 408 distance 27
0 275 274 407 67 255 408 
Vertex 409 distance 24
0 365 100 409 
Vertex 410 distance 23
0 275 274 407 43 458 277 263 410 
Vertex 411 distance 21
0 275 274 407 318 465 295 339 411 
Vertex 412 distance 24
0 275 274 363 231 412 
Vertex 413 distance 25
0 224 260 413 
Vertex 414 distance 23
0 130 598 369 414 
Vertex 415 distance 27
0 275 274 407 318 222 323 520 529 415 
Vertex 416 distance 39
0 275 274 407 43 568 521 626 200 416 
Vertex 417 distance 30
0 81 71 95 264 291 417 
Vertex 418 distance 30
0 275 274 407 318 528 13 87 418 
Vertex 419 distance 29
0 275 274 407 638 289 515 554 419 
Vertex 420 distance 37
0 275 213 472 302 111 431 170 420 
Vertex 421 distance 24
0 275 274 407 318 465 295 625 421 
Vertex 422 distance 32
0 275 274 363 231 474 103 422 
Vertex 423 distance 25
0 275 274 407 318 465 295 339 441 137 423 
Vertex 424 distance 32
0 82 235 487 320 424 
Vertex 425 distance 28
0 275 274 407 318 465 295 425 
Vertex 426 distance 24
0 275 274 407 43 210 426 
Vertex 427 distance 17
0 275 274 407 43 458 277 334 183 427 
Vertex 428 distance 33
0 275 274 407 318 465 295 339 15 634 428 
Vertex 429 distance 25
0 275 274 407 318 161 18 37 429 
Vertex 430 distance 31
0 275 274 407 318 465 295 603 249 240 430 
Vertex 431 distance 26
0 275 213 472 302 111 431 
Vertex 432 distance 19
0 275 213 472 432 
Vertex 433 distance 35
0 275 274 407 43 371 516 307 433 
Vertex 434 distance 31
0 20 434 
Vertex 435 distance 13
0 275 274 407 67 296 435 
Vertex 436 distance 30
0 275 274 407 318 215 58 436 
Vertex 437 distance 22
0 275 274 407 318 215 195 172 437 
Vertex 438 distance 19
0 275 206 438 
Vertex 439 distance 28
0 275 274 407 43 568 521 592 439 
Vertex 440 distance 26
0 275 274 407 318 465 295 625 269 440 
Vertex 441 distance 16
0 275 274 407 318 465 295 339 441 
Vertex 442 distance 23
0 275 274 407 318 528 480 442 
Vertex 443 distance 27
0 275 213 472 534 259 443 
Vertex 444 distance 25
0 275 206 637 444 
Vertex 445 distance 24
0 81 198 374 445 
Vertex 446 distance 34
0 275 274 407 638 289 515 554 446 
Vertex 447 distance 25
0 275 274 407 318 465 295 597 252 447 
Vertex 448 distance 30
0 81 128 448 
Vertex 449 distance 26
0 275 274 407 588 449 
Vertex 450 distance 16
0 365 100 450 
Vertex 451 distance 20
0 275 274 407 43 371 246 451 
Vertex 452 distance 48
0 81 198 374 8 452 
Vertex 453 distance 13
0 275 274 407 43 453 
Vertex 454 distance 32
0 275 274 407 318 465 295 339 441 612 454 
Vertex 455 distance 27
0 81 198 26 455 
Vertex 456 distance 28
0 275 274 407 43 371 456 
Vertex 457 distance 23
0 224 260 457 
Vertex 458 distance 13
0 275 274 407 43 458 
Vertex 459 distance 31
0 81 71 95 264 291 417 459 
Vertex 460 distance 32
0 275 274 407 43 458 277 263 179 460 
Vertex 461 distance 27
0 365 100 185 461 
Vertex 462 distance 34
0 275 274 407 318 465 295 625 269 440 462 
Vertex 463 distance 27
0 275 274 407 43 371 463 
Vertex 464 distance 24
0 275 274 407 318 215 58 606 464 
Vertex 465 distance 10
0 275 274 407 318 465 
Vertex 466 distance 24
0 275 274 407 43 371 516 571 375 466 
Vertex 467 distance 24
0 275 274 407 318 222 323 271 467 
Vertex 468 distance 21
0 275 163 468 
Vertex 469 distance 36
0 275 274 407 67 296 64 469 
Vertex 470 distance 29
0 275 274 407 318 465 295 339 540 470 
Vertex 471 distance 34
0 275 274 363 231 96 471 
Vertex 472 distance 12
0 275 213 472 
Vertex 473 distance 21
0 275 274 407 43 371 246 473 
Vertex 474 distance 20
0 275 274 363 231 474 
Vertex 475 distance 17
0 275 274 407 43 372 475 
Vertex 476 distance 37
0 275 274 407 318 465 295 319 602 476 
Vertex 477 distance 17
0 477 
Vertex 478 distance 39
0 275 274 407 318 161 18 301 478 
Vertex 479 distance 29
0 275 274 407 318 465 295 625 109 10 479 
Vertex 480 distance 22
0 275 274 407 318 528 480 
Vertex 481 distance 27
0 82 235 481 
Vertex 482 distance 38
0 275 274 407 318 215 51 482 
Vertex 483 distance 20
0 275 274 407 226 483 
Vertex 484 distance 29
0 275 274 407 318 465 295 339 411 484 
Vertex 485 distance 43
0 275 274 407 318 465 295 603 485 
Vertex 486 distance 34
0 275 274 407 318 215 51 138 5 399 486 
Vertex 487 distance 24
0 82 235 487 
Vertex 488 distance 24
0 81 71 488 
Vertex 489 distance 32
0 275 274 407 318 465 12 489 
Vertex 490 distance 25
0 275 274 407 318 465 295 603 272 490 
Vertex 491 distance 26
0 275 274 407 318 215 199 491 
Vertex 492 distance 22
0 275 274 407 318 465 295 589 492 
Vertex 493 distance 27
0 275 274 363 231 129 265 493 
Vertex 494 distance 32
0 275 274 363 231 474 322 494 
Vertex 495 distance 27
0 275 274 407 638 629 495 
Vertex 496 distance 15
0 275 274 407 318 465 496 
Vertex 497 distance 33
0 275 274 407 318 215 195 110 497 
Vertex 498 distance 26
0 275 274 407 318 215 195 126 498 
Vertex 499 distance 25
0 275 213 472 534 499 
Vertex 500 distance 26
0 275 274 407 318 215 195 172 437 500 
Vertex 501 distance 26
0 275 274 363 232 501 
Vertex 502 distance 27
0 275 274 407 318 465 295 603 502 
Vertex 503 distance 37
0 275 274 407 43 568 521 626 503 
Vertex 504 distance 33
0 275 274 407 318 222 323 271 617 623 504 
Vertex 505 distance 31
0 275 274 407 318 465 295 339 441 505 
Vertex 506 distance 24
0 275 274 407 43 372 619 506 
Vertex 507 distance 37
0 275 274 407 43 371 516 571 604 507 
Vertex 508 distance 25
0 275 274 407 318 465 295 603 211 175 508 
Vertex 509 distance 26
0 275 274 407 43 458 277 334 183 509 
Vertex 510 distance 36
0 275 274 407 318 465 295 591 201 119 510 
Vertex 511 distance 21
0 81 128 511 
Vertex 512 distance 26
0 275 213 472 302 512 
Vertex 513 distance 22
0 275 274 363 231 518 513 
Vertex 514 distance 35
0 275 274 407 588 219 514 
Vertex 515 distance 24
0 275 274 407 638 289 515 
Vertex 516 distance 17
0 275 274 407 43 371 516 
Vertex 517 distance 20
0 275 274 407 43 568 521 517 
Vertex 518 distance 19
0 275 274 363 231 518 
Vertex 519 distance 32
0 275 274 407 43 568 521 217 519 
Vertex 520 distance 22
0 275 274 407 318 222 323 520 
Vertex 521 distance 15
0 275 274 407 43 568 521 
Vertex 522 distance 31
0 275 274 407 318 465 295 319 602 522 
Vertex 523 distance 25
0 275 213 472 302 111 523 
Vertex 524 distance 19
0 275 274 407 318 215 524 
Vertex 525 distance 31
0 275 274 407 318 161 18 37 429 229 525 
Vertex 526 distance 19
0 275 274 407 318 215 526 
Vertex 527 distance 18
0 275 213 527 
Vertex 528 distance 18
0 275 274 407 318 528 
Vertex 529 distance 23
0 275 274 407 318 222 323 520 529 
Vertex 530 distance 29
0 275 274 363 231 159 530 
Vertex 531 distance 27
0 275 274 407 318 215 195 126 531 
Vertex 532 distance 29
0 275 274 407 318 465 295 603 272 532 
Vertex 533 distance 22
0 275 274 407 43 371 516 571 533 
Vertex 534 distance 18
0 275 213 472 534 
Vertex 535 distance 23
0 275 274 407 43 210 341 535 
Vertex 536 distance 37
0 536 
Vertex 537 distance 22
0 275 274 407 318 465 295 603 272 537 
Vertex 538 distance 29
0 275 274 407 43 458 277 334 183 427 538 
Vertex 539 distance 13
0 275 274 539 
Vertex 540 distance 17
0 275 274 407 318 465 295 339 540 
Vertex 541 distance 25
0 275 274 407 318 465 295 339 540 135 541 
Vertex 542 distance 23
0 275 274 407 43 458 542 
Vertex 543 distance 29
0 275 274 407 43 371 516 571 375 543 
Vertex 544 distance 30
0 275 274 407 43 371 246 473 544 
Vertex 545 distance 31
0 275 274 407 318 215 195 126 545 
Vertex 546 distance 32
0 82 235 546 
Vertex 547 distance 29
0 275 274 407 43 453 547 
Vertex 548 distance 26
0 275 274 407 318 161 18 37 548 
Vertex 549 distance 26
0 275 274 407 43 458 277 549 
Vertex 550 distance 37
0 275 274 363 231 474 322 550 
Vertex 551 distance 26
0 275 274 407 43 453 276 395 615 551 
Vertex 552 distance 34
0 275 274 407 318 465 295 339 411 552 
Vertex 553 distance 18
0 275 553 
Vertex 554 distance 28
0 275 274 407 638 289 515 554 
Vertex 555 distance 38
0 275 274 407 318 465 295 589 492 555 
Vertex 556 distance 28
0 275 274 407 67 255 408 556 
Vertex 557 distance 35
0 275 213 472 534 557 
Vertex 558 distance 35
0 275 274 407 318 465 295 319 602 250 558 
Vertex 559 distance 21
0 275 274 407 318 465 295 339 540 135 559 
Vertex 560 distance 27
0 275 206 637 560 
Vertex 561 distance 20
0 275 274 407 318 215 195 561 
Vertex 562 distance 25
0 275 274 407 318 215 524 212 562 
Vertex 563 distance 25
0 275 274 407 43 458 277 334 563 
Vertex 564 distance 23
0 477 564 
Vertex 565 distance 29
0 275 274 407 638 565 
Vertex 566 distance 26
0 275 274 407 43 371 516 571 533 186 566 
Vertex 567 distance 32
0 275 274 407 318 215 171 567 
Vertex 568 distance 11
0 275 274 407 43 568 
Vertex 569 distance 35
0 275 274 407 318 465 295 339 540 340 569 
Vertex 570 distance 25
0 275 274 407 318 465 295 625 269 570 
Vertex 571 distance 20
0 275 274 407 43 371 516 571 
Vertex 572 distance 26
0 275 274 407 318 222 323 271 236 162 572 
Vertex 573 distance 33
0 275 274 407 318 465 196 573 
Vertex 574 distance 27
0 275 274 407 318 465 295 339 15 634 574 
Vertex 575 distance 23
0 275 274 407 318 465 295 339 575 
Vertex 576 distance 33
0 275 274 407 43 210 426 576 
Vertex 577 distance 27
0 275 274 407 43 568 521 577 
Vertex 578 distance 27
0 365 100 450 578 
Vertex 579 distance 32
0 275 274 407 43 453 276 395 615 551 579 
Vertex 580 distance 25
0 275 274 407 43 568 521 626 580 
Vertex 581 distance 34
0 275 274 407 43 371 516 571 533 186 581 
Vertex 582 distance 21
0 275 274 407 318 465 295 582 
Vertex 583 distance 31
0 130 583 
Vertex 584 distance 29
0 275 274 407 43 458 392 584 
Vertex 585 distance 28
0 275 274 127 142 585 
Vertex 586 distance 36
0 365 112 266 586 
Vertex 587 distance 29
0 275 274 407 638 587 
Vertex 588 distance 17
0 275 274 407 588 
Vertex 589 distance 21
0 275 274 407 318 465 295 589 
Vertex 590 distance 31
0 275 274 407 43 458 277 263 590 
Vertex 591 distance 16
0 275 274 407 318 465 295 591 
Vertex 592 distance 22
0 275 274 407 43 568 521 592 
Vertex 593 distance 36
0 275 274 407 318 465 295 339 28 593 
Vertex 594 distance 37
0 275 274 407 318 465 295 603 272 532 594 
Vertex 595 distance 30
0 130 598 369 595 
Vertex 596 distance 21
0 275 274 407 318 465 295 339 540 596 
Vertex 597 distance 20
0 275 274 407 318 465 295 597 
Vertex 598 distance 12
0 130 598 
Vertex 599 distance 22
0 275 274 363 231 518 599 
Vertex 600 distance 51
0 275 274 407 318 215 171 567 600 
Vertex 601 distance 27
0 275 213 527 254 601 
Vertex 602 distance 29
0 275 274 407 318 465 295 319 602 
Vertex 603 distance 14
0 275 274 407 318 465 295 603 
Vertex 604 distance 25
0 275 274 407 43 371 516 571 604 
Vertex 605 distance 31
0 275 274 363 231 96 605 
Vertex 606 distance 23
0 275 274 407 318 215 58 606 
Vertex 607 distance 30
0 275 274 407 43 568 521 626 580 607 
Vertex 608 distance 33
0 275 274 407 318 465 295 339 441 137 423 608 
Vertex 609 distance 32
0 275 274 407 43 458 392 584 609 
Vertex 610 distance 34
0 275 274 127 142 610 
Vertex 611 distance 26
0 275 274 407 318 118 611 
Vertex 612 distance 24
0 275 274 407 318 465 295 339 441 612 
Vertex 613 distance 34
0 275 274 407 318 215 524 212 613 
Vertex 614 distance 37
0 224 260 614 
Vertex 615 distance 25
0 275 274 407 43 453 276 395 615 
Vertex 616 distance 29
0 275 274 407 318 222 323 520 529 616 
Vertex 617 distance 21
0 275 274 407 318 222 323 271 617 
Vertex 618 distance 35
0 275 274 407 43 309 332 380 618 
Vertex 619 distance 16
0 275 274 407 43 372 619 
Vertex 620 distance 33
0 275 163 620 
Vertex 621 distance 32
0 315 621 
Vertex 622 distance 43
0 275 274 363 231 129 265 493 622 
Vertex 623 distance 24
0 275 274 407 318 222 323 271 617 623 
Vertex 624 distance 41
0 275 274 407 318 465 295 339 540 135 559 624 
Vertex 625 distance 20
0 275 274 407 318 465 295 625 
Vertex 626 distance 22
0 275 274 407 43 568 521 626 
Vertex 627 distance 31
0 275 274 407 43 371 246 473 544 627 
Vertex 628 distance 40
0 365 112 244 628 
Vertex 629 distance 21
0 275 274 407 638 629 
Vertex 630 distance 32
0 275 274 407 43 371 516 571 604 630 
Vertex 631 distance 22
0 275 274 407 318 215 195 631 
Vertex 632 distance 25
0 275 274 407 43 458 277 334 632 
Vertex 633 distance 42
0 275 274 407 67 154 209 633 
Vertex 634 distance 23
0 275 274 407 318 465 295 339 15 634 
Vertex 635 distance 26
0 275 274 407 43 371 516 571 533 94 635 
Vertex 636 distance 24
0 275 274 407 318 465 295 591 201 636 
Vertex 637 distance 16
0 275 206 637 
Vertex 638 distance 14
0 275 274 407 638 
Vertex 639 distance 26
0 275 274 407 43 458 277 334 632 639 
