Vertex 0 distance 0
0 0 
Vertex 1 distance 15
0 244 28 396 225 321 110 1 
Vertex 2 distance 24
0 244 532 259 594 242 468 2 
Vertex 3 distance 12
0 244 532 259 594 456 3 
Vertex 4 distance 6
0 79 4 
Vertex 5 distance 12
0 244 532 259 594 242 620 5 
Vertex 6 distance 17
0 244 532 259 594 505 37 509 632 6 
Vertex 7 distance 21
0 79 368 91 376 7 
Vertex 8 distance 18
0 244 532 259 594 505 37 409 307 93 8 
Vertex 9 distance 17
0 244 82 626 528 199 9 
Vertex 10 distance 20
0 244 28 396 225 321 252 591 603 10 
Vertex 11 distance 12
0 244 28 396 225 321 11 
Vertex 12 distance 17
0 244 532 259 594 456 12 
Vertex 13 distance 10
0 79 368 253 13 
Vertex 14 distance 20
0 79 368 460 599 14 
Vertex 15 distance 19
0 244 28 396 57 15 
Vertex 16 distance 15
0 554 384 16 
Vertex 17 distance 16
0 244 28 396 225 321 252 17 
Vertex 18 distance 18
0 79 4 328 18 
Vertex 19 distance 14
0 244 532 259 638 19 
Vertex 20 distance 16
0 244 532 259 638 354 20 
Vertex 21 distance 18
0 79 336 562 21 
Vertex 22 distance 18
0 244 532 66 442 60 450 22 
Vertex 23 distance 13
0 79 368 460 335 173 286 23 
Vertex 24 distance 20
0 79 636 133 24 
Vertex 25 distance 21
0 79 636 478 25 
Vertex 26 distance 21
0 244 532 259 594 505 37 509 247 26 
Vertex 27 distance 10
0 244 532 259 594 27 
Vertex 28 distance 4
0 244 28 
Vertex 29 distance 24
0 554 273 359 29 
Vertex 30 distance 16
0 244 532 259 408 415 467 30 
Vertex 31 distance 24
0 79 368 230 31 
Vertex 32 distance 20
0 244 532 66 287 32 
Vertex 33 distance 16
0 244 82 436 111 33 
Vertex 34 distance 16
0 244 28 396 225 426 485 34 
Vertex 35 distance 18
0 244 28 396 225 321 58 491 205 35 
Vertex 36 distance 8
0 36 
Vertex 37 distance 10
0 244 532 259 594 505 37 
Vertex 38 distance 17
0 244 474 175 38 
Vertex 39 distance 18
0 244 474 175 310 39 
Vertex 40 distance 12
0 244 532 66 40 
Vertex 41 distance 16
0 244 532 259 594 505 375 129 597 41 
Vertex 42 distance 15
0 244 532 259 594 156 301 42 
Vertex 43 distance 13
0 244 532 259 594 27 43 
Vertex 44 distance 17
0 244 28 396 225 193 265 44 
Vertex 45 distance 17
0 554 383 45 
Vertex 46 distance 18
0 244 28 396 225 321 252 285 235 46 
Vertex 47 distance 16
0 244 532 259 638 47 
Vertex 48 distance 18
0 79 368 253 13 296 48 
Vertex 49 distance 16
0 244 28 396 225 321 58 491 205 49 
Vertex 50 distance 20
0 79 368 460 226 195 50 
Vertex 51 distance 18
0 554 273 359 51 
Vertex 52 distance 14
0 79 368 460 226 555 52 
Vertex 53 distance 17
0 162 406 53 
Vertex 54 distance 19
0 244 474 175 310 54 
Vertex 55 distance 10
0 244 82 55 
Vertex 56 distance 19
0 244 474 101 530 56 
Vertex 57 distance 17
0 244 28 396 57 
Vertex 58 distance 11
0 244 28 396 225 321 58 
Vertex 59 distance 11
0 244 82 59 
Vertex 60 distance 15
0 244 532 66 442 60 
Vertex 61 distance 17
0 244 532 66 333 61 
Vertex 62 distance 18
0 244 28 396 225 193 265 496 62 
Vertex 63 distance 15
0 244 28 396 225 522 391 63 
Vertex 64 distance 24
0 79 368 460 335 173 286 279 64 
Vertex 65 distance 20
0 211 497 65 
Vertex 66 distance 9
0 244 532 66 
Vertex 67 distance 9
0 79 4 67 
Vertex 68 distance 17
0 244 28 396 225 321 252 537 68 
Vertex 69 distance 13
0 244 532 259 594 505 37 69 
Vertex 70 distance 15
0 79 368 253 70 
Vertex 71 distance 12
0 554 71 
Vertex 72 distance 19
0 244 28 396 225 135 490 72 
Vertex 73 distance 12
0 244 532 259 594 505 73 
Vertex 74 distance 17
0 244 532 259 594 156 301 42 74 
Vertex 75 distance 17
0 554 71 274 75 
Vertex 76 distance 25
0 244 532 259 594 27 126 280 76 
Vertex 77 distance 17
0 244 28 127 77 
Vertex 78 distance 14
0 244 532 259 594 156 89 536 78 
Vertex 79 distance 4
0 79 
Vertex 80 distance 15
0 244 532 177 80 
Vertex 81 distance 14
0 79 368 460 335 81 
Vertex 82 distance 8
0 244 82 
Vertex 83 distance 14
0 79 4 293 476 83 
Vertex 84 distance 14
0 79 368 91 84 
Vertex 85 distance 19
0 244 532 259 198 400 85 
Vertex 86 distance 14
0 244 532 259 594 156 86 
Vertex 87 distance 18
0 244 28 396 225 135 291 87 
Vertex 88 distance 22
0 244 82 626 586 595 224 88 
Vertex 89 distance 11
0 244 532 259 594 156 89 
Vertex 90 distance 17
0 244 28 396 225 193 389 255 90 
Vertex 91 distance 9
0 79 368 91 
Vertex 92 distance 18
0 244 82 626 528 199 9 92 
Vertex 93 distance 16
0 244 532 259 594 505 37 409 307 93 
Vertex 94 distance 18
0 244 28 396 549 411 94 
Vertex 95 distance 16
0 244 474 101 530 95 
Vertex 96 distance 15
0 244 532 177 134 459 96 
Vertex 97 distance 17
0 244 532 259 594 242 620 5 316 97 
Vertex 98 distance 18
0 244 28 422 332 98 
Vertex 99 distance 15
0 244 532 259 594 156 99 
Vertex 100 distance 18
0 79 4 293 476 410 100 
Vertex 101 distance 12
0 244 474 101 
Vertex 102 distance 15
0 244 82 55 631 102 
Vertex 103 distance 17
0 244 532 259 594 242 468 541 103 
Vertex 104 distance 16
0 244 82 436 104 
Vertex 105 distance 13
0 554 384 105 
Vertex 106 distance 17
0 244 532 259 594 156 89 536 106 
Vertex 107 distance 19
0 244 532 259 638 354 449 393 107 
Vertex 108 distance 18
0 79 368 230 481 108 
Vertex 109 distance 17
0 244 532 259 594 456 3 109 
Vertex 110 distance 9
0 244 28 396 225 321 110 
Vertex 111 distance 12
0 244 82 436 111 
Vertex 112 distance 14
0 244 28 396 308 112 
Vertex 113 distance 15
0 79 368 230 481 113 
Vertex 114 distance 22
0 554 384 221 565 114 
Vertex 115 distance 19
0 244 28 422 115 
Vertex 116 distance 21
0 244 532 177 80 387 116 
Vertex 117 distance 16
0 244 28 396 225 321 117 
Vertex 118 distance 19
0 244 28 396 225 426 485 118 
Vertex 119 distance 15
0 244 532 259 594 505 73 119 
Vertex 120 distance 16
0 244 82 436 493 120 
Vertex 121 distance 13
0 244 532 259 408 276 121 
Vertex 122 distance 17
0 244 82 503 142 122 
Vertex 123 distance 18
0 244 532 259 160 585 123 
Vertex 124 distance 16
0 244 532 259 124 
Vertex 125 distance 12
0 244 28 396 225 193 125 
Vertex 126 distance 11
0 244 532 259 594 27 126 
Vertex 127 distance 13
0 244 28 127 
Vertex 128 distance 14
0 211 128 
Vertex 129 distance 13
0 244 532 259 594 505 375 129 
Vertex 130 distance 16
0 244 82 626 130 
Vertex 131 distance 24
0 244 82 626 586 574 385 131 
Vertex 132 distance 15
0 79 368 460 335 173 286 279 132 
Vertex 133 distance 15
0 79 636 133 
Vertex 134 distance 12
0 244 532 177 134 
Vertex 135 distance 10
0 244 28 396 225 135 
Vertex 136 distance 14
0 79 368 253 13 136 
Vertex 137 distance 12
0 244 82 59 137 
Vertex 138 distance 19
0 244 28 396 225 426 361 138 
Vertex 139 distance 15
0 554 273 464 139 
Vertex 140 distance 17
0 244 82 626 167 371 140 
Vertex 141 distance 17
0 244 532 259 594 242 620 5 458 141 
Vertex 142 distance 15
0 244 82 503 142 
Vertex 143 distance 18
0 244 532 259 594 156 89 143 
Vertex 144 distance 16
0 244 532 66 388 144 
Vertex 145 distance 18
0 244 532 259 594 145 
Vertex 146 distance 17
0 244 532 66 246 146 
Vertex 147 distance 17
0 244 532 259 408 276 147 
Vertex 148 distance 16
0 244 532 581 148 
Vertex 149 distance 22
0 244 532 66 287 149 
Vertex 150 distance 15
0 244 28 396 225 321 472 150 
Vertex 151 distance 20
0 244 28 396 225 522 362 151 
Vertex 152 distance 17
0 244 532 259 594 505 37 409 152 
Vertex 153 distance 21
0 244 28 396 57 153 
Vertex 154 distance 20
0 244 532 259 594 505 37 69 499 154 
Vertex 155 distance 16
0 244 532 177 80 155 
Vertex 156 distance 9
0 244 532 259 594 156 
Vertex 157 distance 22
0 244 82 55 631 102 623 157 
Vertex 158 distance 18
0 211 607 475 158 
Vertex 159 distance 16
0 244 28 396 225 321 110 1 159 
Vertex 160 distance 13
0 244 532 259 160 
Vertex 161 distance 19
0 244 28 396 225 321 110 1 159 161 
Vertex 162 distance 7
0 162 
Vertex 163 distance 15
0 554 384 105 163 
Vertex 164 distance 18
0 79 368 253 164 
Vertex 165 distance 18
0 79 4 293 476 410 165 
Vertex 166 distance 17
0 554 273 166 
Vertex 167 distance 11
0 244 82 626 167 
Vertex 168 distance 21
0 244 28 396 225 321 58 358 168 
Vertex 169 distance 16
0 79 368 253 13 169 
Vertex 170 distance 20
0 79 368 230 481 108 170 
Vertex 171 distance 21
0 244 532 171 
Vertex 172 distance 16
0 162 406 172 
Vertex 173 distance 11
0 79 368 460 335 173 
Vertex 174 distance 18
0 244 474 402 174 
Vertex 175 distance 13
0 244 474 175 
Vertex 176 distance 26
0 244 82 503 142 122 176 
Vertex 177 distance 10
0 244 532 177 
Vertex 178 distance 17
0 244 28 396 225 321 110 178 
Vertex 179 distance 19
0 244 28 396 225 321 110 1 159 179 
Vertex 180 distance 21
0 79 368 460 335 173 180 
Vertex 181 distance 21
0 244 532 259 408 415 467 30 181 
Vertex 182 distance 17
0 244 532 259 594 505 37 69 182 
Vertex 183 distance 22
0 79 636 238 183 
Vertex 184 distance 18
0 244 82 55 631 184 
Vertex 185 distance 18
0 554 273 359 185 
Vertex 186 distance 16
0 244 532 259 444 186 
Vertex 187 distance 19
0 244 532 259 594 242 620 251 538 187 
Vertex 188 distance 21
0 79 368 304 213 188 
Vertex 189 distance 18
0 244 532 259 638 47 189 
Vertex 190 distance 20
0 79 4 190 
Vertex 191 distance 25
0 244 532 259 198 323 233 191 
Vertex 192 distance 15
0 244 28 396 225 321 252 537 192 
Vertex 193 distance 11
0 244 28 396 225 193 
Vertex 194 distance 20
0 211 607 268 194 
Vertex 195 distance 15
0 79 368 460 226 195 
Vertex 196 distance 17
0 244 82 55 196 
Vertex 197 distance 23
0 244 28 396 225 193 125 392 197 
Vertex 198 distance 11
0 244 532 259 198 
Vertex 199 distance 15
0 244 82 626 528 199 
Vertex 200 distance 22
0 244 28 396 225 321 58 491 205 35 200 
Vertex 201 distance 19
0 244 82 626 528 199 201 
Vertex 202 distance 18
0 244 28 396 225 321 58 491 205 49 202 
Vertex 203 distance 20
0 244 532 259 198 203 
Vertex 204 distance 20
0 554 273 220 204 
Vertex 205 distance 15
0 244 28 396 225 321 58 491 205 
Vertex 206 distance 19
0 244 532 259 594 242 620 5 458 141 206 
Vertex 207 distance 15
0 244 532 259 594 242 620 207 
Vertex 208 distance 16
0 244 28 396 225 193 389 208 
Vertex 209 distance 17
0 79 4 293 617 228 209 
Vertex 210 distance 16
0 244 532 66 287 210 
Vertex 211 distance 12
0 211 
Vertex 212 distance 20
0 211 128 212 
Vertex 213 distance 19
0 79 368 304 213 
Vertex 214 distance 19
0 244 532 259 594 242 214 
Vertex 215 distance 20
0 79 368 304 329 364 215 
Vertex 216 distance 22
0 79 368 460 226 412 216 
Vertex 217 distance 19
0 79 368 253 70 600 217 
Vertex 218 distance 16
0 244 532 259 198 218 
Vertex 219 distance 21
0 79 368 304 329 219 
Vertex 220 distance 16
0 554 273 220 
Vertex 221 distance 13
0 554 384 221 
Vertex 222 distance 30
0 79 368 230 481 113 222 
Vertex 223 distance 20
0 244 82 626 528 199 9 92 223 
Vertex 224 distance 17
0 244 82 626 586 595 224 
Vertex 225 distance 7
0 244 28 396 225 
Vertex 226 distance 8
0 79 368 460 226 
Vertex 227 distance 21
0 244 532 259 594 456 12 227 
Vertex 228 distance 15
0 79 4 293 617 228 
Vertex 229 distance 15
0 244 532 259 229 
Vertex 230 distance 7
0 79 368 230 
Vertex 231 distance 21
0 244 28 396 225 321 252 591 231 
Vertex 232 distance 17
0 244 532 581 148 232 
Vertex 233 distance 24
0 244 532 259 198 323 233 
Vertex 234 distance 20
0 244 532 259 594 156 89 536 106 234 
Vertex 235 distance 15
0 244 28 396 225 321 252 285 235 
Vertex 236 distance 19
0 79 368 460 226 338 568 236 
Vertex 237 distance 19
0 244 28 396 225 193 389 208 237 
Vertex 238 distance 16
0 79 636 238 
Vertex 239 distance 17
0 79 368 91 84 500 239 
Vertex 240 distance 18
0 79 636 240 
Vertex 241 distance 17
0 79 368 253 13 136 241 
Vertex 242 distance 10
0 244 532 259 594 242 
Vertex 243 distance 14
0 244 532 259 408 276 243 
Vertex 244 distance 2
0 244 
Vertex 245 distance 17
0 244 28 396 225 426 377 245 
Vertex 246 distance 15
0 244 532 66 246 
Vertex 247 distance 16
0 244 532 259 594 505 37 509 247 
Vertex 248 distance 18
0 244 82 503 142 122 248 
Vertex 249 distance 17
0 244 532 177 80 249 
Vertex 250 distance 15
0 244 532 259 594 505 37 409 307 250 
Vertex 251 distance 14
0 244 532 259 594 242 620 251 
Vertex 252 distance 9
0 244 28 396 225 321 252 
Vertex 253 distance 9
0 79 368 253 
Vertex 254 distance 19
0 211 607 475 158 254 
Vertex 255 distance 16
0 244 28 396 225 193 389 255 
Vertex 256 distance 13
0 244 532 259 594 242 620 256 
Vertex 257 distance 16
0 244 532 259 594 242 379 257 
Vertex 258 distance 13
0 244 28 396 225 321 110 258 
Vertex 259 distance 7
0 244 532 259 
Vertex 260 distance 17
0 79 4 260 
Vertex 261 distance 18
0 79 4 293 476 261 
Vertex 262 distance 18
0 244 28 396 225 321 262 
Vertex 263 distance 13
0 263 
Vertex 264 distance 13
0 79 636 264 
Vertex 265 distance 12
0 244 28 396 225 193 265 
Vertex 266 distance 17
0 79 368 298 266 
Vertex 267 distance 17
0 244 532 581 267 
Vertex 268 distance 14
0 211 607 268 
Vertex 269 distance 14
0 211 269 
Vertex 270 distance 19
0 244 28 396 549 270 
Vertex 271 distance 18
0 244 28 396 225 522 382 271 
Vertex 272 distance 14
0 244 28 127 272 
Vertex 273 distance 10
0 554 273 
Vertex 274 distance 13
0 554 71 274 
Vertex 275 distance 15
0 244 28 396 225 426 361 275 
Vertex 276 distance 11
0 244 532 259 408 276 
Vertex 277 distance 16
0 79 4 327 277 
Vertex 278 distance 20
0 244 28 396 225 321 58 491 403 278 
Vertex 279 distance 13
0 79 368 460 335 173 286 279 
Vertex 280 distance 17
0 244 532 259 594 27 126 280 
Vertex 281 distance 15
0 244 532 66 442 281 
Vertex 282 distance 16
0 244 532 259 594 505 37 509 632 282 
Vertex 283 distance 16
0 211 607 268 283 
Vertex 284 distance 17
0 244 28 396 225 193 389 255 284 
Vertex 285 distance 13
0 244 28 396 225 321 252 285 
Vertex 286 distance 12
0 79 368 460 335 173 286 
Vertex 287 distance 15
0 244 532 66 287 
Vertex 288 distance 27
0 244 532 259 594 505 37 409 288 
Vertex 289 distance 17
0 79 368 460 289 
Vertex 290 distance 17
0 244 532 428 290 
Vertex 291 distance 16
0 244 28 396 225 135 291 
Vertex 292 distance 14
0 79 368 253 292 
Vertex 293 distance 8
0 79 4 293 
Vertex 294 distance 16
0 244 28 396 225 426 361 294 
Vertex 295 distance 18
0 244 532 259 638 354 20 295 
Vertex 296 distance 16
0 79 368 253 13 296 
Vertex 297 distance 16
0 79 4 293 476 546 297 
Vertex 298 distance 16
0 79 368 298 
Vertex 299 distance 20
0 244 532 66 287 210 299 
Vertex 300 distance 15
0 79 4 293 476 83 300 
Vertex 301 distance 12
0 244 532 259 594 156 301 
Vertex 302 distance 20
0 244 82 436 104 302 
Vertex 303 distance 19
0 244 532 259 638 19 303 
Vertex 304 distance 10
0 79 368 304 
Vertex 305 distance 22
0 244 532 259 594 456 12 305 
Vertex 306 distance 14
0 244 28 396 549 306 
Vertex 307 distance 14
0 244 532 259 594 505 37 409 307 
Vertex 308 distance 9
0 244 28 396 308 
Vertex 309 distance 17
0 211 497 309 
Vertex 310 distance 14
0 244 474 175 310 
Vertex 311 distance 17
0 244 532 581 311 
Vertex 312 distance 20
0 244 532 259 594 156 89 536 78 312 
Vertex 313 distance 18
0 79 636 313 
Vertex 314 distance 16
0 79 368 460 226 195 314 
Vertex 315 distance 13
0 79 368 304 315 
Vertex 316 distance 13
0 244 532 259 594 242 620 5 316 
Vertex 317 distance 18
0 244 532 259 594 505 37 624 317 
Vertex 318 distance 23
0 554 71 274 75 517 318 
Vertex 319 distance 18
0 79 368 304 329 319 
Vertex 320 distance 29
0 244 28 396 225 426 361 138 320 
Vertex 321 distance 8
0 244 28 396 225 321 
Vertex 322 distance 19
0 244 532 259 594 242 379 589 322 
Vertex 323 distance 19
0 244 532 259 198 323 
Vertex 324 distance 18
0 244 532 259 594 156 89 536 78 324 
Vertex 325 distance 18
0 244 532 259 594 456 3 510 325 
Vertex 326 distance 28
0 244 82 436 111 563 326 
Vertex 327 distance 8
0 79 4 327 
Vertex 328 distance 13
0 79 4 328 
Vertex 329 distance 14
0 79 368 304 329 
Vertex 330 distance 22
0 244 28 396 225 321 110 1 159 161 330 
Vertex 331 distance 17
0 244 28 127 272 331 
Vertex 332 distance 17
0 244 28 422 332 
Vertex 333 distance 14
0 244 532 66 333 
Vertex 334 distance 17
0 79 368 460 226 338 334 
Vertex 335 distance 10
0 79 368 460 335 
Vertex 336 distance 11
0 79 336 
Vertex 337 distance 20
0 211 497 309 337 
Vertex 338 distance 10
0 79 368 460 226 338 
Vertex 339 distance 19
0 244 82 626 167 572 339 
Vertex 340 distance 16
0 244 532 259 594 456 340 
Vertex 341 distance 16
0 244 82 438 341 
Vertex 342 distance 16
0 79 368 230 342 
Vertex 343 distance 24
0 162 406 172 343 
Vertex 344 distance 19
0 244 28 396 225 321 110 258 344 
Vertex 345 distance 19
0 244 82 55 631 102 345 
Vertex 346 distance 17
0 244 82 436 493 346 
Vertex 347 distance 16
0 211 607 475 347 
Vertex 348 distance 14
0 244 532 259 594 27 43 348 
Vertex 349 distance 17
0 244 28 422 349 
Vertex 350 distance 18
0 244 82 59 137 350 
Vertex 351 distance 21
0 244 532 177 80 249 351 
Vertex 352 distance 16
0 554 273 359 352 
Vertex 353 distance 13
0 244 532 259 198 353 
Vertex 354 distance 13
0 244 532 259 638 354 
Vertex 355 distance 17
0 211 269 355 
Vertex 356 distance 17
0 79 636 133 356 
Vertex 357 distance 19
0 79 336 562 357 
Vertex 358 distance 17
0 244 28 396 225 321 58 358 
Vertex 359 distance 12
0 554 273 359 
Vertex 360 distance 18
0 244 532 259 594 27 593 360 
Vertex 361 distance 11
0 244 28 396 225 426 361 
Vertex 362 distance 16
0 244 28 396 225 522 362 
Vertex 363 distance 15
0 79 368 460 226 555 52 363 
Vertex 364 distance 19
0 79 368 304 329 364 
Vertex 365 distance 22
0 79 336 365 
Vertex 366 distance 13
0 79 368 366 
Vertex 367 distance 18
0 244 474 101 367 
Vertex 368 distance 5
0 79 368 
Vertex 369 distance 19
0 244 28 396 225 321 11 369 
Vertex 370 distance 14
0 244 532 259 594 242 620 5 370 
Vertex 371 distance 13
0 244 82 626 167 371 
Vertex 372 distance 15
0 244 532 259 594 27 43 372 
Vertex 373 distance 20
0 244 532 259 594 505 37 409 307 523 373 
Vertex 374 distance 16
0 244 82 626 586 374 
Vertex 375 distance 10
0 244 532 259 594 505 375 
Vertex 376 distance 11
0 79 368 91 376 
Vertex 377 distance 13
0 244 28 396 225 426 377 
Vertex 378 distance 16
0 244 28 396 225 426 378 
Vertex 379 distance 12
0 244 532 259 594 242 379 
Vertex 380 distance 22
0 211 607 475 158 254 380 
Vertex 381 distance 15
0 79 4 518 381 
Vertex 382 distance 17
0 244 28 396 225 522 382 
Vertex 383 distance 14
0 554 383 
Vertex 384 distance 12
0 554 384 
Vertex 385 distance 16
0 244 82 626 586 574 385 
Vertex 386 distance 14
0 244 532 259 594 386 
Vertex 387 distance 17
0 244 532 177 80 387 
Vertex 388 distance 15
0 244 532 66 388 
Vertex 389 distance 15
0 244 28 396 225 193 389 
Vertex 390 distance 15
0 79 368 460 335 173 390 
Vertex 391 distance 13
0 244 28 396 225 522 391 
Vertex 392 distance 13
0 244 28 396 225 193 125 392 
Vertex 393 distance 15
0 244 532 259 638 354 449 393 
Vertex 394 distance 13
0 244 532 259 594 156 394 
Vertex 395 distance 21
0 244 532 259 594 505 395 
Vertex 396 distance 6
0 244 28 396 
Vertex 397 distance 20
0 79 368 230 481 113 397 
Vertex 398 distance 18
0 244 532 259 229 398 
Vertex 399 distance 18
0 244 28 396 225 426 377 399 
Vertex 400 distance 17
0 244 532 259 198 400 
Vertex 401 distance 18
0 79 368 253 13 296 401 
Vertex 402 distance 15
0 244 474 402 
Vertex 403 distance 17
0 244 28 396 225 321 58 491 403 
Vertex 404 distance 18
0 244 532 177 134 459 96 404 
Vertex 405 distance 17
0 79 368 366 405 
Vertex 406 distance 14
0 162 406 
Vertex 407 distance 19
0 79 4 260 407 
Vertex 408 distance 10
0 244 532 259 408 
Vertex 409 distance 11
0 244 532 259 594 505 37 409 
Vertex 410 distance 13
0 79 4 293 476 410 
Vertex 411 distance 17
0 244 28 396 549 411 
Vertex 412 distance 16
0 79 368 460 226 412 
Vertex 413 distance 16
0 244 28 396 225 321 472 452 413 
Vertex 414 distance 14
0 244 532 414 
Vertex 415 distance 13
0 244 532 259 408 415 
Vertex 416 distance 26
0 244 532 259 638 47 416 
Vertex 417 distance 12
0 244 532 259 417 
Vertex 418 distance 11
0 244 82 55 418 
Vertex 419 distance 18
0 244 28 396 604 482 419 
Vertex 420 distance 18
0 244 82 626 528 420 
Vertex 421 distance 20
0 79 4 328 421 
Vertex 422 distance 15
0 244 28 422 
Vertex 423 distance 19
0 244 532 259 594 505 423 
Vertex 424 distance 20
0 244 532 259 594 27 593 424 
Vertex 425 distance 25
0 244 532 259 594 505 73 425 
Vertex 426 distance 10
0 244 28 396 225 426 
Vertex 427 distance 19
0 244 82 626 167 427 
Vertex 428 distance 14
0 244 532 428 
Vertex 429 distance 20
0 244 532 259 594 242 214 429 
Vertex 430 distance 19
0 244 532 259 638 19 531 430 
Vertex 431 distance 19
0 244 532 177 80 387 431 
Vertex 432 distance 20
0 554 384 221 432 
Vertex 433 distance 17
0 244 532 259 594 505 37 409 433 
Vertex 434 distance 15
0 244 474 101 434 
Vertex 435 distance 16
0 244 532 259 408 435 
Vertex 436 distance 9
0 244 82 436 
Vertex 437 distance 15
0 244 532 66 40 437 
Vertex 438 distance 13
0 244 82 438 
Vertex 439 distance 16
0 554 273 439 
Vertex 440 distance 29
0 244 532 66 442 281 440 
Vertex 441 distance 17
0 244 532 259 594 242 620 5 458 567 441 
Vertex 442 distance 10
0 244 532 66 442 
Vertex 443 distance 22
0 36 443 
Vertex 444 distance 13
0 244 532 259 444 
Vertex 445 distance 15
0 244 28 396 225 321 472 445 
Vertex 446 distance 19
0 244 532 259 638 354 20 446 
Vertex 447 distance 24
0 244 28 396 225 321 252 591 447 
Vertex 448 distance 19
0 244 532 259 594 156 89 536 78 448 
Vertex 449 distance 14
0 244 532 259 638 354 449 
Vertex 450 distance 17
0 244 532 66 442 60 450 
Vertex 451 distance 16
0 79 368 460 335 173 286 451 
Vertex 452 distance 15
0 244 28 396 225 321 472 452 
Vertex 453 distance 24
0 79 4 518 381 453 
Vertex 454 distance 18
0 244 532 259 408 276 454 
Vertex 455 distance 18
0 244 532 259 594 27 126 455 
Vertex 456 distance 10
0 244 532 259 594 456 
Vertex 457 distance 17
0 79 368 460 226 555 457 
Vertex 458 distance 15
0 244 532 259 594 242 620 5 458 
Vertex 459 distance 14
0 244 532 177 134 459 
Vertex 460 distance 6
0 79 368 460 
Vertex 461 distance 18
0 244 532 581 148 232 461 
Vertex 462 distance 19
0 79 368 253 13 136 462 
Vertex 463 distance 18
0 244 532 259 408 415 467 463 
Vertex 464 distance 13
0 554 273 464 
Vertex 465 distance 20
0 244 532 259 417 465 
Vertex 466 distance 22
0 244 28 396 225 135 466 
Vertex 467 distance 14
0 244 532 259 408 415 467 
Vertex 468 distance 11
0 244 532 259 594 242 468 
Vertex 469 distance 19
0 244 532 259 124 469 
Vertex 470 distance 18
0 244 28 396 225 321 58 491 470 
Vertex 471 distance 18
0 79 368 253 13 471 
Vertex 472 distance 12
0 244 28 396 225 321 472 
Vertex 473 distance 16
0 244 532 259 594 156 473 
Vertex 474 distance 9
0 244 474 
Vertex 475 distance 14
0 211 607 475 
Vertex 476 distance 12
0 79 4 293 476 
Vertex 477 distance 18
0 554 384 221 477 
Vertex 478 distance 13
0 79 636 478 
Vertex 479 distance 19
0 244 474 101 367 479 
Vertex 480 distance 20
0 79 368 460 335 173 390 480 
Vertex 481 distance 14
0 79 368 230 481 
Vertex 482 distance 17
0 244 28 396 604 482 
Vertex 483 distance 14
0 79 4 328 483 
Vertex 484 distance 12
0 244 532 259 594 505 375 484 
Vertex 485 distance 15
0 244 28 396 225 426 485 
Vertex 486 distance 15
0 211 486 
Vertex 487 distance 18
0 244 82 55 196 487 
Vertex 488 distance 15
0 244 532 259 594 505 37 409 488 
Vertex 489 distance 19
0 554 71 274 489 
Vertex 490 distance 18
0 244 28 396 225 135 490 
Vertex 491 distance 14
0 244 28 396 225 321 58 491 
Vertex 492 distance 18
0 79 368 253 13 136 492 
Vertex 493 distance 11
0 244 82 436 493 
Vertex 494 distance 22
0 244 532 259 594 242 620 256 494 
Vertex 495 distance 21
0 244 532 66 246 495 
Vertex 496 distance 17
0 244 28 396 225 193 265 496 
Vertex 497 distance 16
0 211 497 
Vertex 498 distance 18
0 554 273 464 139 498 
Vertex 499 distance 15
0 244 532 259 594 505 37 69 499 
Vertex 500 distance 15
0 79 368 91 84 500 
Vertex 501 distance 15
0 244 501 
Vertex 502 distance 33
0 244 532 259 594 156 89 143 502 
Vertex 503 distance 12
0 244 82 503 
Vertex 504 distance 19
0 244 532 259 408 435 557 504 
Vertex 505 distance 9
0 244 532 259 594 505 
Vertex 506 distance 16
0 244 28 396 225 426 361 506 
Vertex 507 distance 18
0 244 532 259 198 507 
Vertex 508 distance 18
0 244 82 626 528 199 508 
Vertex 509 distance 11
0 244 532 259 594 505 37 509 
Vertex 510 distance 15
0 244 532 259 594 456 3 510 
Vertex 511 distance 19
0 244 82 571 511 
Vertex 512 distance 19
0 263 512 
Vertex 513 distance 17
0 244 82 438 513 
Vertex 514 distance 16
0 79 368 460 335 173 286 279 132 514 
Vertex 515 distance 20
0 244 474 175 310 515 
Vertex 516 distance 21
0 244 28 396 225 193 516 
Vertex 517 distance 19
0 554 71 274 75 517 
Vertex 518 distance 14
0 79 4 518 
Vertex 519 distance 17
0 244 28 396 225 426 361 294 519 
Vertex 520 distance 16
0 244 532 259 594 27 126 520 
Vertex 521 distance 17
0 244 532 521 
Vertex 522 distance 12
0 244 28 396 225 522 
Vertex 523 distance 16
0 244 532 259 594 505 37 409 307 523 
Vertex 524 distance 17
0 244 532 259 594 505 37 509 247 524 
Vertex 525 distance 21
0 79 368 253 13 136 241 525 
Vertex 526 distance 19
0 79 4 293 476 546 297 526 
Vertex 527 distance 23
0 244 28 396 225 426 361 639 527 
Vertex 528 distance 14
0 244 82 626 528 
Vertex 529 distance 17
0 244 532 259 594 505 37 509 529 
Vertex 530 distance 15
0 244 474 101 530 
Vertex 531 distance 15
0 244 532 259 638 19 531 
Vertex 532 distance 3
0 244 532 
Vertex 533 distance 19
0 244 532 259 594 386 533 
Vertex 534 distance 16
0 554 383 534 
Vertex 535 distance 17
0 244 532 259 594 456 535 
Vertex 536 distance 13
0 244 532 259 594 156 89 536 
Vertex 537 distance 11
0 244 28 396 225 321 252 537 
Vertex 538 distance 16
0 244 532 259 594 242 620 251 538 
Vertex 539 distance 20
0 244 532 259 408 276 539 
Vertex 540 distance 19
0 554 383 534 540 
Vertex 541 distance 13
0 244 532 259 594 242 468 541 
Vertex 542 distance 20
0 244 28 396 225 426 377 399 542 
Vertex 543 distance 17
0 79 368 253 70 543 
Vertex 544 distance 15
0 244 532 259 594 242 620 544 
Vertex 545 distance 19
0 244 532 259 408 415 467 463 545 
Vertex 546 distance 14
0 79 4 293 476 546 
Vertex 547 distance 18
0 244 82 547 
Vertex 548 distance 20
0 244 28 396 225 321 252 17 548 
Vertex 549 distance 11
0 244 28 396 549 
Vertex 550 distance 16
0 79 4 293 476 83 300 550 
Vertex 551 distance 20
0 244 532 259 638 354 20 446 551 
Vertex 552 distance 21
0 244 532 259 594 505 375 484 552 
Vertex 553 distance 14
0 244 532 66 40 553 
Vertex 554 distance 9
0 554 
Vertex 555 distance 13
0 79 368 460 226 555 
Vertex 556 distance 21
0 244 28 396 225 321 110 178 556 
Vertex 557 distance 18
0 244 532 259 408 435 557 
Vertex 558 distance 17
0 244 28 396 225 426 361 294 558 
Vertex 559 distance 17
0 554 71 559 
Vertex 560 distance 26
0 244 532 259 594 456 535 560 
Vertex 561 distance 19
0 211 607 268 561 
Vertex 562 distance 16
0 79 336 562 
Vertex 563 distance 13
0 244 82 436 111 563 
Vertex 564 distance 18
0 79 368 366 564 
Vertex 565 distance 17
0 554 384 221 565 
Vertex 566 distance 19
0 79 636 264 566 
Vertex 567 distance 16
0 244 532 259 594 242 620 5 458 567 
Vertex 568 distance 14
0 79 368 460 226 338 568 
Vertex 569 distance 18
0 79 368 366 569 
Vertex 570 distance 18
0 244 532 259 570 
Vertex 571 distance 13
0 244 82 571 
Vertex 572 distance 16
0 244 82 626 167 572 
Vertex 573 distance 19
0 244 532 259 594 242 620 5 316 573 
Vertex 574 distance 15
0 244 82 626 586 574 
Vertex 575 distance 15
0 244 532 259 408 415 575 
Vertex 576 distance 16
0 244 28 396 308 576 
Vertex 577 distance 18
0 79 368 460 226 555 52 577 
Vertex 578 distance 17
0 244 532 259 638 354 20 578 
Vertex 579 distance 22
0 244 532 66 442 60 450 22 579 
Vertex 580 distance 18
0 244 82 438 580 
Vertex 581 distance 9
0 244 532 581 
Vertex 582 distance 17
0 244 28 582 
Vertex 583 distance 18
0 79 368 253 583 
Vertex 584 distance 24
0 244 532 259 594 505 375 484 618 584 
Vertex 585 distance 15
0 244 532 259 160 585 
Vertex 586 distance 13
0 244 82 626 586 
Vertex 587 distance 24
0 244 28 396 225 321 58 491 403 601 587 
Vertex 588 distance 13
0 79 368 253 13 588 
Vertex 589 distance 14
0 244 532 259 594 242 379 589 
Vertex 590 distance 17
0 244 532 259 638 19 531 590 
Vertex 591 distance 12
0 244 28 396 225 321 252 591 
Vertex 592 distance 24
0 244 28 396 225 193 389 208 592 
Vertex 593 distance 12
0 244 532 259 594 27 593 
Vertex 594 distance 8
0 244 532 259 594 
Vertex 595 distance 14
0 244 82 626 586 595 
Vertex 596 distance 17
0 79 368 230 596 
Vertex 597 distance 15
0 244 532 259 594 505 375 129 597 
Vertex 598 distance 11
0 244 28 396 225 321 252 598 
Vertex 599 distance 17
0 79 368 460 599 
Vertex 600 distance 17
0 79 368 253 70 600 
Vertex 601 distance 19
0 244 28 396 225 321 58 491 403 601 
Vertex 602 distance 15
0 244 532 259 594 456 3 602 
Vertex 603 distance 18
0 244 28 396 225 321 252 591 603 
Vertex 604 distance 13
0 244 28 396 604 
Vertex 605 distance 21
0 244 532 259 594 242 620 5 458 605 
Vertex 606 distance 17
0 79 4 327 277 606 
Vertex 607 distance 13
0 211 607 
Vertex 608 distance 20
0 244 82 626 528 199 9 92 608 
Vertex 609 distance 17
0 162 406 609 
Vertex 610 distance 25
0 244 532 259 594 242 468 541 103 610 
Vertex 611 distance 12
0 244 532 259 594 242 620 611 
Vertex 612 distance 23
0 244 532 259 594 242 214 612 
Vertex 613 distance 25
0 244 28 396 225 193 389 255 613 
Vertex 614 distance 20
0 244 532 259 594 456 3 614 
Vertex 615 distance 17
0 79 4 293 615 
Vertex 616 distance 18
0 244 532 259 638 354 20 616 
Vertex 617 distance 14
0 79 4 293 617 
Vertex 618 distance 18
0 244 532 259 594 505 375 484 618 
Vertex 619 distance 15
0 244 82 626 167 619 
Vertex 620 distance 11
0 244 532 259 594 242 620 
Vertex 621 distance 19
0 244 82 626 586 595 621 
Vertex 622 distance 16
0 244 532 259 594 505 37 409 307 250 622 
Vertex 623 distance 21
0 244 82 55 631 102 623 
Vertex 624 distance 14
0 244 532 259 594 505 37 624 
Vertex 625 distance 10
0 79 625 
Vertex 626 distance 10
0 244 82 626 
Vertex 627 distance 16
0 79 636 264 627 
Vertex 628 distance 20
0 244 82 438 513 628 
Vertex 629 distance 21
0 79 368 460 226 195 314 629 
Vertex 630 distance 32
0 244 28 396 225 321 110 258 630 
Vertex 631 distance 11
0 244 82 55 631 
Vertex 632 distance 12
0 244 532 259 594 505 37 509 632 
Vertex 633 distance 18
0 244 28 396 225 321 472 633 
Vertex 634 distance 24
0 79 368 253 13 634 
Vertex 635 distance 25
0 244 532 66 287 32 635 
Vertex 636 distance 11
0 79 636 
Vertex 637 distance 16
0 244 28 396 225 321 252 637 
Vertex 638 distance 11
0 244 532 259 638 
Vertex 639 distance 12
0 244 28 396 225 426 361 639 
