Vertex 0 distance 0
0 0 
Vertex 1 distance 24
0 381 621 305 1 
Vertex 2 distance 27
0 381 495 611 135 359 2 
Vertex 3 distance 23
0 555 128 93 252 256 533 396 3 
Vertex 4 distance 33
0 381 154 51 316 4 
Vertex 5 distance 33
0 555 128 335 5 
Vertex 6 distance 33
0 381 621 300 558 248 591 206 6 
Vertex 7 distance 22
0 381 621 300 558 43 356 264 7 
Vertex 8 distance 20
0 381 462 8 
Vertex 9 distance 33
0 555 128 13 258 570 363 64 9 
Vertex 10 distance 22
0 555 128 93 78 134 10 
Vertex 11 distance 23
0 220 361 11 
Vertex 12 distance 9
0 381 12 
Vertex 13 distance 9
0 555 128 13 
Vertex 14 distance 11
0 381 154 14 
Vertex 15 distance 28
0 381 495 611 431 622 270 15 
Vertex 16 distance 48
0 381 621 300 558 606 70 636 110 158 118 16 
Vertex 17 distance 15
0 555 128 17 
Vertex 18 distance 28
0 381 621 634 450 169 455 182 336 18 
Vertex 19 distance 39
0 381 621 300 558 268 394 19 
Vertex 20 distance 18
0 555 128 13 20 
Vertex 21 distance 23
0 381 621 634 450 536 21 
Vertex 22 distance 18
0 555 128 13 258 22 
Vertex 23 distance 38
0 381 621 634 450 169 455 182 23 
Vertex 24 distance 22
0 381 154 175 446 192 130 24 
Vertex 25 distance 22
0 381 154 175 214 25 
Vertex 26 distance 33
0 381 495 611 431 164 26 
Vertex 27 distance 37
0 555 128 93 252 124 377 27 
Vertex 28 distance 47
0 555 128 93 78 620 311 185 314 28 
Vertex 29 distance 24
0 555 128 29 
Vertex 30 distance 22
0 555 88 170 30 
Vertex 31 distance 39
0 381 621 300 558 248 628 614 31 
Vertex 32 distance 18
0 381 12 32 
Vertex 33 distance 24
0 555 128 338 289 223 579 33 
Vertex 34 distance 51
0 381 621 300 558 43 288 34 
Vertex 35 distance 24
0 555 128 338 289 223 500 35 
Vertex 36 distance 26
0 381 154 175 446 148 36 
Vertex 37 distance 34
0 555 128 93 252 124 377 348 37 
Vertex 38 distance 22
0 381 621 300 558 43 356 264 38 
Vertex 39 distance 25
0 555 45 225 122 39 
Vertex 40 distance 20
0 381 495 611 431 40 
Vertex 41 distance 24
0 555 578 41 
Vertex 42 distance 14
0 555 128 13 258 42 
Vertex 43 distance 13
0 381 621 300 558 43 
Vertex 44 distance 29
0 555 128 338 289 44 
Vertex 45 distance 11
0 555 45 
Vertex 46 distance 26
0 408 388 365 46 
Vertex 47 distance 24
0 408 388 515 47 
Vertex 48 distance 36
0 381 621 634 450 169 455 182 48 
Vertex 49 distance 17
0 381 49 
Vertex 50 distance 22
0 555 128 93 162 50 
Vertex 51 distance 11
0 381 154 51 
Vertex 52 distance 27
0 381 621 300 558 606 70 109 150 605 52 
Vertex 53 distance 37
0 555 128 93 78 100 594 174 53 
Vertex 54 distance 28
0 381 12 581 139 54 
Vertex 55 distance 28
0 555 251 397 502 597 55 
Vertex 56 distance 26
0 555 128 13 20 56 
Vertex 57 distance 24
0 408 230 617 57 
Vertex 58 distance 30
0 381 12 552 329 58 
Vertex 59 distance 23
0 381 154 14 303 59 
Vertex 60 distance 31
0 381 621 300 558 268 394 364 60 
Vertex 61 distance 28
0 381 621 305 478 561 61 
Vertex 62 distance 28
0 555 128 338 259 62 
Vertex 63 distance 29
0 555 45 225 237 63 
Vertex 64 distance 20
0 555 128 13 258 570 363 64 
Vertex 65 distance 29
0 220 361 11 187 65 
Vertex 66 distance 30
0 381 621 300 137 66 
Vertex 67 distance 24
0 381 621 300 558 248 628 614 67 
Vertex 68 distance 36
0 555 88 548 68 
Vertex 69 distance 24
0 555 88 548 69 
Vertex 70 distance 19
0 381 621 300 558 606 70 
Vertex 71 distance 25
0 555 128 338 289 506 498 71 
Vertex 72 distance 26
0 381 267 269 72 
Vertex 73 distance 29
0 381 495 611 135 359 73 
Vertex 74 distance 38
0 555 128 338 259 62 607 74 
Vertex 75 distance 31
0 381 154 175 446 293 425 75 
Vertex 76 distance 26
0 555 251 397 502 597 521 76 
Vertex 77 distance 25
0 381 621 300 558 43 356 264 7 77 
Vertex 78 distance 13
0 555 128 93 78 
Vertex 79 distance 32
0 381 621 300 558 606 70 636 79 
Vertex 80 distance 22
0 555 128 93 162 224 80 
Vertex 81 distance 24
0 555 128 93 252 124 81 
Vertex 82 distance 20
0 555 128 338 289 506 585 82 
Vertex 83 distance 32
0 381 621 300 558 43 420 191 83 
Vertex 84 distance 22
0 381 154 175 446 148 84 
Vertex 85 distance 31
0 555 128 85 
Vertex 86 distance 33
0 555 128 13 258 42 625 580 86 
Vertex 87 distance 30
0 381 462 8 626 87 
Vertex 88 distance 5
0 555 88 
Vertex 89 distance 25
0 555 421 89 
Vertex 90 distance 28
0 381 154 175 446 148 36 90 
Vertex 91 distance 28
0 381 154 175 446 192 130 212 525 91 
Vertex 92 distance 31
0 381 154 175 446 293 425 92 
Vertex 93 distance 7
0 555 128 93 
Vertex 94 distance 19
0 555 45 225 94 
Vertex 95 distance 20
0 381 495 611 608 95 
Vertex 96 distance 34
0 381 154 175 446 148 84 623 96 
Vertex 97 distance 27
0 381 49 193 97 
Vertex 98 distance 24
0 381 154 175 446 148 113 98 
Vertex 99 distance 27
0 555 505 99 
Vertex 100 distance 15
0 555 128 93 78 100 
Vertex 101 distance 32
0 555 128 338 289 392 432 430 101 
Vertex 102 distance 21
0 381 495 611 102 
Vertex 103 distance 30
0 381 462 103 
Vertex 104 distance 34
0 555 128 338 289 506 498 499 104 
Vertex 105 distance 32
0 555 128 93 252 124 377 348 105 
Vertex 106 distance 18
0 555 128 93 252 256 106 
Vertex 107 distance 30
0 555 128 93 252 256 533 396 3 442 107 
Vertex 108 distance 25
0 555 45 225 178 108 
Vertex 109 distance 20
0 381 621 300 558 606 70 109 
Vertex 110 distance 26
0 381 621 300 558 606 70 636 110 
Vertex 111 distance 25
0 381 495 611 608 111 
Vertex 112 distance 16
0 381 621 300 558 43 356 112 
Vertex 113 distance 23
0 381 154 175 446 148 113 
Vertex 114 distance 26
0 555 45 114 
Vertex 115 distance 29
0 555 128 338 289 392 432 430 115 
Vertex 116 distance 22
0 555 128 93 252 256 116 
Vertex 117 distance 28
0 408 388 515 479 117 
Vertex 118 distance 39
0 381 621 300 558 606 70 636 110 158 118 
Vertex 119 distance 44
0 555 128 338 289 223 500 318 593 119 
Vertex 120 distance 25
0 381 495 611 608 120 
Vertex 121 distance 17
0 381 621 300 558 43 356 112 121 
Vertex 122 distance 21
0 555 45 225 122 
Vertex 123 distance 22
0 555 45 225 237 242 123 
Vertex 124 distance 15
0 555 128 93 252 124 
Vertex 125 distance 35
0 555 128 531 125 
Vertex 126 distance 19
0 555 128 13 126 
Vertex 127 distance 25
0 381 154 175 446 192 476 127 
Vertex 128 distance 4
0 555 128 
Vertex 129 distance 31
0 381 154 175 446 509 535 129 
Vertex 130 distance 18
0 381 154 175 446 192 130 
Vertex 131 distance 30
0 381 621 300 558 606 70 131 
Vertex 132 distance 26
0 555 128 13 258 42 625 132 
Vertex 133 distance 25
0 381 621 300 558 43 420 601 133 
Vertex 134 distance 18
0 555 128 93 78 134 
Vertex 135 distance 19
0 381 495 611 135 
Vertex 136 distance 21
0 381 621 300 558 43 356 112 121 136 
Vertex 137 distance 26
0 381 621 300 137 
Vertex 138 distance 29
0 381 12 32 138 
Vertex 139 distance 21
0 381 12 581 139 
Vertex 140 distance 50
0 555 128 13 258 42 625 580 184 140 
Vertex 141 distance 38
0 555 45 141 
Vertex 142 distance 26
0 381 621 634 450 169 455 142 
Vertex 143 distance 27
0 381 621 300 558 43 356 518 143 
Vertex 144 distance 28
0 381 154 175 446 148 469 144 
Vertex 145 distance 36
0 381 154 175 446 293 425 92 145 
Vertex 146 distance 23
0 555 128 338 289 392 432 146 
Vertex 147 distance 19
0 381 621 300 558 43 147 
Vertex 148 distance 18
0 381 154 175 446 148 
Vertex 149 distance 40
0 381 621 634 450 149 
Vertex 150 distance 25
0 381 621 300 558 606 70 109 150 
Vertex 151 distance 26
0 555 128 338 289 223 579 151 
Vertex 152 distance 28
0 381 621 300 558 43 501 152 
Vertex 153 distance 22
0 381 153 
Vertex 154 distance 6
0 381 154 
Vertex 155 distance 29
0 555 128 93 78 620 427 155 
Vertex 156 distance 20
0 381 154 14 156 
Vertex 157 distance 26
0 381 621 300 558 248 591 157 
Vertex 158 distance 27
0 381 621 300 558 606 70 636 110 158 
Vertex 159 distance 26
0 555 128 217 159 
Vertex 160 distance 23
0 555 128 17 301 160 
Vertex 161 distance 18
0 555 128 13 258 570 363 161 
Vertex 162 distance 18
0 555 128 93 162 
Vertex 163 distance 32
0 381 154 244 405 163 
Vertex 164 distance 24
0 381 495 611 431 164 
Vertex 165 distance 22
0 555 128 93 78 620 165 
Vertex 166 distance 38
0 555 128 338 289 379 166 
Vertex 167 distance 29
0 555 128 93 78 620 311 185 314 167 
Vertex 168 distance 31
0 555 88 548 447 168 
Vertex 169 distance 18
0 381 621 634 450 169 
Vertex 170 distance 20
0 555 88 170 
Vertex 171 distance 19
0 381 154 51 171 
Vertex 172 distance 32
0 381 154 175 446 192 130 461 618 458 172 
Vertex 173 distance 24
0 555 128 93 78 620 173 
Vertex 174 distance 32
0 555 128 93 78 100 594 174 
Vertex 175 distance 13
0 381 154 175 
Vertex 176 distance 40
0 381 621 300 558 248 591 157 280 436 176 
Vertex 177 distance 29
0 381 621 300 558 606 70 636 110 177 
Vertex 178 distance 18
0 555 45 225 178 
Vertex 179 distance 22
0 555 128 93 78 620 311 179 
Vertex 180 distance 26
0 381 621 300 558 606 70 636 180 
Vertex 181 distance 24
0 381 12 181 
Vertex 182 distance 24
0 381 621 634 450 169 455 182 
Vertex 183 distance 29
0 381 49 193 183 
Vertex 184 distance 25
0 555 128 13 258 42 625 580 184 
Vertex 185 distance 24
0 555 128 93 78 620 311 185 
Vertex 186 distance 23
0 381 462 186 
Vertex 187 distance 24
0 220 361 11 187 
Vertex 188 distance 30
0 555 45 225 122 39 188 
Vertex 189 distance 23
0 555 128 13 258 42 625 189 
Vertex 190 distance 21
0 381 621 300 558 43 420 190 
Vertex 191 distance 26
0 381 621 300 558 43 420 191 
Vertex 192 distance 17
0 381 154 175 446 192 
Vertex 193 distance 23
0 381 49 193 
Vertex 194 distance 19
0 381 154 175 446 192 130 194 
Vertex 195 distance 21
0 381 154 175 195 
Vertex 196 distance 22
0 381 621 634 630 197 196 
Vertex 197 distance 19
0 381 621 634 630 197 
Vertex 198 distance 30
0 555 128 338 259 512 343 543 198 
Vertex 199 distance 24
0 381 621 634 630 197 196 199 
Vertex 200 distance 32
0 555 128 93 252 256 116 200 
Vertex 201 distance 37
0 381 621 300 558 43 147 562 201 
Vertex 202 distance 32
0 555 128 338 259 202 
Vertex 203 distance 27
0 555 128 217 231 203 
Vertex 204 distance 24
0 408 388 515 204 
Vertex 205 distance 39
0 381 495 508 360 205 
Vertex 206 distance 27
0 381 621 300 558 248 591 206 
Vertex 207 distance 44
0 381 462 186 207 
Vertex 208 distance 33
0 381 267 216 584 208 
Vertex 209 distance 28
0 555 128 13 258 42 625 209 
Vertex 210 distance 30
0 381 621 300 294 210 
Vertex 211 distance 31
0 381 154 175 446 148 36 211 
Vertex 212 distance 22
0 381 154 175 446 192 130 212 
Vertex 213 distance 33
0 555 128 29 213 
Vertex 214 distance 21
0 381 154 175 214 
Vertex 215 distance 23
0 381 154 175 287 215 
Vertex 216 distance 24
0 381 267 216 
Vertex 217 distance 18
0 555 128 217 
Vertex 218 distance 28
0 381 621 300 558 43 420 191 218 
Vertex 219 distance 28
0 555 128 338 259 219 
Vertex 220 distance 13
0 220 
Vertex 221 distance 34
0 408 388 515 204 221 
Vertex 222 distance 27
0 555 128 217 231 222 
Vertex 223 distance 15
0 555 128 338 289 223 
Vertex 224 distance 19
0 555 128 93 162 224 
Vertex 225 distance 17
0 555 45 225 
Vertex 226 distance 24
0 381 621 300 558 43 147 226 
Vertex 227 distance 17
0 381 621 300 558 43 227 
Vertex 228 distance 27
0 555 128 93 252 256 468 228 
Vertex 229 distance 30
0 381 462 8 229 
Vertex 230 distance 19
0 408 230 
Vertex 231 distance 22
0 555 128 217 231 
Vertex 232 distance 14
0 555 128 338 289 232 
Vertex 233 distance 39
0 555 45 225 122 39 188 233 
Vertex 234 distance 28
0 555 128 93 162 224 313 234 
Vertex 235 distance 35
0 408 230 617 57 235 
Vertex 236 distance 30
0 381 495 611 431 622 270 15 236 
Vertex 237 distance 18
0 555 45 225 237 
Vertex 238 distance 39
0 381 154 175 287 215 416 238 
Vertex 239 distance 30
0 555 128 13 258 42 625 189 239 
Vertex 240 distance 29
0 555 128 93 78 620 311 185 314 240 
Vertex 241 distance 25
0 555 88 241 
Vertex 242 distance 21
0 555 45 225 237 242 
Vertex 243 distance 30
0 555 128 13 258 42 625 209 243 
Vertex 244 distance 18
0 381 154 244 
Vertex 245 distance 27
0 381 621 634 630 197 196 245 
Vertex 246 distance 34
0 381 495 611 431 164 246 
Vertex 247 distance 26
0 555 128 338 289 223 579 33 247 
Vertex 248 distance 20
0 381 621 300 558 248 
Vertex 249 distance 34
0 555 45 225 237 337 401 249 
Vertex 250 distance 26
0 555 128 13 258 250 
Vertex 251 distance 19
0 555 251 
Vertex 252 distance 8
0 555 128 93 252 
Vertex 253 distance 27
0 555 128 13 258 42 253 
Vertex 254 distance 35
0 555 128 335 254 
Vertex 255 distance 26
0 381 495 611 431 40 490 255 
Vertex 256 distance 11
0 555 128 93 252 256 
Vertex 257 distance 27
0 381 154 175 446 148 469 306 257 
Vertex 258 distance 12
0 555 128 13 258 
Vertex 259 distance 15
0 555 128 338 259 
Vertex 260 distance 26
0 381 621 634 260 
Vertex 261 distance 22
0 555 128 338 289 506 585 261 
Vertex 262 distance 20
0 555 128 338 262 
Vertex 263 distance 29
0 555 128 93 252 256 468 228 263 
Vertex 264 distance 16
0 381 621 300 558 43 356 264 
Vertex 265 distance 27
0 381 154 175 446 192 130 265 
Vertex 266 distance 30
0 381 495 611 431 622 270 266 
Vertex 267 distance 23
0 381 267 
Vertex 268 distance 20
0 381 621 300 558 268 
Vertex 269 distance 24
0 381 267 269 
Vertex 270 distance 26
0 381 495 611 431 622 270 
Vertex 271 distance 30
0 555 128 338 289 506 595 271 
Vertex 272 distance 35
0 555 128 93 78 620 165 272 
Vertex 273 distance 45
0 555 45 225 237 337 273 
Vertex 274 distance 29
0 555 128 13 274 
Vertex 275 distance 24
0 555 251 467 275 
Vertex 276 distance 41
0 555 128 13 258 42 625 580 184 276 
Vertex 277 distance 30
0 555 45 537 277 
Vertex 278 distance 29
0 381 462 8 367 278 
Vertex 279 distance 35
0 381 154 279 
Vertex 280 distance 28
0 381 621 300 558 248 591 157 280 
Vertex 281 distance 25
0 381 621 634 450 536 281 
Vertex 282 distance 33
0 381 621 305 564 282 
Vertex 283 distance 28
0 381 495 611 431 622 283 
Vertex 284 distance 31
0 555 128 338 289 44 284 
Vertex 285 distance 21
0 555 128 13 258 570 285 
Vertex 286 distance 32
0 555 128 13 258 42 625 209 243 286 
Vertex 287 distance 21
0 381 154 175 287 
Vertex 288 distance 20
0 381 621 300 558 43 288 
Vertex 289 distance 13
0 555 128 338 289 
Vertex 290 distance 32
0 555 45 225 237 290 
Vertex 291 distance 33
0 381 621 300 558 606 70 635 332 291 
Vertex 292 distance 27
0 381 495 611 431 622 382 292 
Vertex 293 distance 20
0 381 154 175 446 293 
Vertex 294 distance 15
0 381 621 300 294 
Vertex 295 distance 24
0 555 128 13 295 
Vertex 296 distance 27
0 381 154 175 446 509 535 296 
Vertex 297 distance 21
0 381 462 8 297 
Vertex 298 distance 38
0 381 621 300 558 606 70 635 375 298 
Vertex 299 distance 17
0 555 128 93 252 124 299 
Vertex 300 distance 10
0 381 621 300 
Vertex 301 distance 20
0 555 128 17 301 
Vertex 302 distance 34
0 555 421 302 
Vertex 303 distance 19
0 381 154 14 303 
Vertex 304 distance 28
0 555 45 225 237 337 371 304 
Vertex 305 distance 18
0 381 621 305 
Vertex 306 distance 21
0 381 154 175 446 148 469 306 
Vertex 307 distance 21
0 555 128 93 252 256 106 307 
Vertex 308 distance 39
0 555 128 13 258 570 363 64 9 308 
Vertex 309 distance 28
0 381 621 300 558 606 70 636 589 437 309 
Vertex 310 distance 38
0 555 128 13 258 570 363 310 
Vertex 311 distance 18
0 555 128 93 78 620 311 
Vertex 312 distance 40
0 555 128 13 258 42 625 580 312 
Vertex 313 distance 27
0 555 128 93 162 224 313 
Vertex 314 distance 26
0 555 128 93 78 620 311 185 314 
Vertex 315 distance 27
0 555 128 93 78 620 315 
Vertex 316 distance 28
0 381 154 51 316 
Vertex 317 distance 22
0 555 128 338 289 392 317 
Vertex 318 distance 27
0 555 128 338 289 223 500 318 
Vertex 319 distance 35
0 381 621 300 558 43 227 319 
Vertex 320 distance 29
0 381 154 175 446 192 130 24 517 320 
Vertex 321 distance 26
0 555 128 13 258 42 625 189 321 
Vertex 322 distance 28
0 381 621 300 558 43 420 191 322 
Vertex 323 distance 36
0 381 154 175 446 293 429 323 
Vertex 324 distance 26
0 381 154 175 446 192 130 461 567 324 
Vertex 325 distance 28
0 381 495 611 608 111 325 
Vertex 326 distance 26
0 381 154 175 446 192 130 461 567 326 
Vertex 327 distance 37
0 555 88 548 68 327 
Vertex 328 distance 31
0 381 621 634 450 169 328 
Vertex 329 distance 29
0 381 12 552 329 
Vertex 330 distance 41
0 555 128 93 78 100 330 
Vertex 331 distance 20
0 381 621 300 558 43 356 264 331 
Vertex 332 distance 27
0 381 621 300 558 606 70 635 332 
Vertex 333 distance 20
0 381 12 333 
Vertex 334 distance 33
0 381 621 305 478 561 395 334 
Vertex 335 distance 27
0 555 128 335 
Vertex 336 distance 25
0 381 621 634 450 169 455 182 336 
Vertex 337 distance 22
0 555 45 225 237 337 
Vertex 338 distance 8
0 555 128 338 
Vertex 339 distance 41
0 555 88 548 339 
Vertex 340 distance 25
0 381 621 300 558 43 356 112 121 340 
Vertex 341 distance 34
0 555 128 93 252 256 533 396 3 442 341 
Vertex 342 distance 30
0 381 462 186 342 
Vertex 343 distance 22
0 555 128 338 259 512 343 
Vertex 344 distance 16
0 220 344 
Vertex 345 distance 34
0 555 251 397 345 
Vertex 346 distance 22
0 381 495 611 608 346 
Vertex 347 distance 27
0 381 621 634 630 347 
Vertex 348 distance 24
0 555 128 93 252 124 377 348 
Vertex 349 distance 31
0 555 128 93 78 134 349 
Vertex 350 distance 30
0 381 154 175 446 192 130 350 
Vertex 351 distance 28
0 555 128 338 289 392 351 
Vertex 352 distance 22
0 555 45 225 352 
Vertex 353 distance 21
0 381 154 175 446 353 
Vertex 354 distance 23
0 555 88 170 354 
Vertex 355 distance 30
0 381 621 634 630 197 196 199 355 
Vertex 356 distance 15
0 381 621 300 558 43 356 
Vertex 357 distance 42
0 381 154 357 
Vertex 358 distance 30
0 381 154 175 446 192 130 461 567 358 
Vertex 359 distance 23
0 381 495 611 135 359 
Vertex 360 distance 17
0 381 495 508 360 
Vertex 361 distance 14
0 220 361 
Vertex 362 distance 20
0 381 621 300 558 43 420 362 
Vertex 363 distance 16
0 555 128 13 258 570 363 
Vertex 364 distance 25
0 381 621 300 558 268 394 364 
Vertex 365 distance 23
0 408 388 365 
Vertex 366 distance 39
0 381 12 333 389 366 
Vertex 367 distance 27
0 381 462 8 367 
Vertex 368 distance 26
0 381 621 300 558 43 147 368 
Vertex 369 distance 22
0 408 369 
Vertex 370 distance 29
0 381 154 14 156 370 
Vertex 371 distance 24
0 555 45 225 237 337 371 
Vertex 372 distance 25
0 381 621 300 558 43 147 372 
Vertex 373 distance 29
0 381 621 300 558 606 70 373 
Vertex 374 distance 34
0 381 154 175 446 192 130 461 567 326 374 
Vertex 375 distance 26
0 381 621 300 558 606 70 635 375 
Vertex 376 distance 29
0 555 128 93 162 376 
Vertex 377 distance 23
0 555 128 93 252 124 377 
Vertex 378 distance 27
0 555 128 217 378 
Vertex 379 distance 24
0 555 128 338 289 379 
Vertex 380 distance 32
0 381 495 611 135 359 380 
Vertex 381 distance 3
0 381 
Vertex 382 distance 23
0 381 495 611 431 622 382 
Vertex 383 distance 30
0 555 128 338 289 383 
Vertex 384 distance 23
0 381 154 14 384 
Vertex 385 distance 35
0 381 621 300 558 43 147 372 385 
Vertex 386 distance 24
0 381 154 175 487 386 
Vertex 387 distance 31
0 381 49 387 
Vertex 388 distance 18
0 408 388 
Vertex 389 distance 32
0 381 12 333 389 
Vertex 390 distance 28
0 381 621 300 558 43 147 226 390 
Vertex 391 distance 30
0 555 45 225 237 337 542 391 
Vertex 392 distance 18
0 555 128 338 289 392 
Vertex 393 distance 38
0 555 128 13 258 42 625 580 86 393 
Vertex 394 distance 23
0 381 621 300 558 268 394 
Vertex 395 distance 27
0 381 621 305 478 561 395 
Vertex 396 distance 18
0 555 128 93 252 256 533 396 
Vertex 397 distance 20
0 555 251 397 
Vertex 398 distance 34
0 398 
Vertex 399 distance 34
0 381 154 175 446 192 130 24 517 320 399 
Vertex 400 distance 30
0 381 49 193 97 400 
Vertex 401 distance 25
0 555 45 225 237 337 401 
Vertex 402 distance 25
0 381 621 300 558 402 
Vertex 403 distance 28
0 555 128 338 289 506 595 403 
Vertex 404 distance 33
0 381 621 300 558 606 70 635 404 
Vertex 405 distance 26
0 381 154 244 405 
Vertex 406 distance 28
0 555 406 
Vertex 407 distance 24
0 555 45 225 122 407 
Vertex 408 distance 10
0 408 
Vertex 409 distance 36
0 555 128 338 289 223 500 318 409 
Vertex 410 distance 25
0 555 128 338 289 506 595 410 
Vertex 411 distance 28
0 381 621 300 558 248 628 411 
Vertex 412 distance 21
0 555 128 93 162 224 412 
Vertex 413 distance 38
0 555 128 13 258 42 625 580 413 
Vertex 414 distance 17
0 381 621 300 558 43 356 112 414 
Vertex 415 distance 35
0 381 154 14 384 627 415 
Vertex 416 distance 26
0 381 154 175 287 215 416 
Vertex 417 distance 30
0 555 128 93 78 472 417 
Vertex 418 distance 33
0 555 45 225 237 242 123 418 
Vertex 419 distance 22
0 555 45 419 
Vertex 420 distance 15
0 381 621 300 558 43 420 
Vertex 421 distance 23
0 555 421 
Vertex 422 distance 30
0 381 495 611 431 40 490 422 
Vertex 423 distance 37
0 408 388 365 46 423 
Vertex 424 distance 23
0 555 45 225 122 424 
Vertex 425 distance 25
0 381 154 175 446 293 425 
Vertex 426 distance 26
0 381 621 300 558 43 356 426 
Vertex 427 distance 25
0 555 128 93 78 620 427 
Vertex 428 distance 34
0 381 621 300 558 43 356 428 
Vertex 429 distance 31
0 381 154 175 446 293 429 
Vertex 430 distance 24
0 555 128 338 289 392 432 430 
Vertex 431 distance 18
0 381 495 611 431 
Vertex 432 distance 19
0 555 128 338 289 392 432 
Vertex 433 distance 22
0 381 154 175 446 509 433 
Vertex 434 distance 42
0 381 154 175 446 148 113 98 434 
Vertex 435 distance 28
0 555 128 338 289 379 435 
Vertex 436 distance 33
0 381 621 300 558 248 591 157 280 436 
Vertex 437 distance 25
0 381 621 300 558 606 70 636 589 437 
Vertex 438 distance 17
0 381 621 300 558 43 356 438 
Vertex 439 distance 26
0 555 128 93 252 124 299 439 
Vertex 440 distance 26
0 555 128 13 258 570 440 
Vertex 441 distance 29
0 381 49 441 
Vertex 442 distance 25
0 555 128 93 252 256 533 396 3 442 
Vertex 443 distance 27
0 381 621 300 558 43 420 362 546 443 
Vertex 444 distance 32
0 555 45 225 352 573 444 
Vertex 445 distance 28
0 555 88 170 30 445 
Vertex 446 distance 15
0 381 154 175 446 
Vertex 447 distance 23
0 555 88 548 447 
Vertex 448 distance 34
0 381 621 300 558 248 591 206 6 448 
Vertex 449 distance 28
0 381 154 175 446 192 130 24 517 449 
Vertex 450 distance 15
0 381 621 634 450 
Vertex 451 distance 34
0 555 128 93 78 100 594 453 451 
Vertex 452 distance 22
0 555 45 452 
Vertex 453 distance 30
0 555 128 93 78 100 594 453 
Vertex 454 distance 35
0 381 621 300 558 43 356 112 454 
Vertex 455 distance 20
0 381 621 634 450 169 455 
Vertex 456 distance 18
0 555 45 225 456 
Vertex 457 distance 31
0 555 128 93 78 620 311 185 314 167 457 
Vertex 458 distance 26
0 381 154 175 446 192 130 461 618 458 
Vertex 459 distance 31
0 381 495 508 459 
Vertex 460 distance 31
0 555 128 13 258 42 625 580 464 460 
Vertex 461 distance 22
0 381 154 175 446 192 130 461 
Vertex 462 distance 10
0 381 462 
Vertex 463 distance 45
0 555 128 338 289 223 579 151 463 
Vertex 464 distance 21
0 555 128 13 258 42 625 580 464 
Vertex 465 distance 26
0 555 45 225 178 108 465 
Vertex 466 distance 27
0 408 388 515 479 466 
Vertex 467 distance 21
0 555 251 467 
Vertex 468 distance 23
0 555 128 93 252 256 468 
Vertex 469 distance 19
0 381 154 175 446 148 469 
Vertex 470 distance 29
0 381 495 611 431 622 382 470 
Vertex 471 distance 35
0 555 128 338 289 223 579 471 
Vertex 472 distance 16
0 555 128 93 78 472 
Vertex 473 distance 29
0 381 621 300 558 43 356 264 38 473 
Vertex 474 distance 29
0 381 621 634 450 169 474 
Vertex 475 distance 30
0 408 230 617 57 475 
Vertex 476 distance 23
0 381 154 175 446 192 476 
Vertex 477 distance 31
0 381 621 300 558 606 70 636 589 437 309 477 
Vertex 478 distance 20
0 381 621 305 478 
Vertex 479 distance 22
0 408 388 515 479 
Vertex 480 distance 28
0 381 621 300 558 606 70 109 150 605 52 480 
Vertex 481 distance 26
0 381 621 300 558 43 356 112 121 481 
Vertex 482 distance 40
0 555 128 338 289 392 432 430 482 
Vertex 483 distance 22
0 555 128 93 252 256 533 483 
Vertex 484 distance 33
0 381 154 175 446 509 433 484 
Vertex 485 distance 18
0 555 128 93 485 
Vertex 486 distance 24
0 408 486 
Vertex 487 distance 14
0 381 154 175 487 
Vertex 488 distance 27
0 381 495 611 608 95 488 
Vertex 489 distance 35
0 555 128 93 252 256 533 396 3 442 489 
Vertex 490 distance 24
0 381 495 611 431 40 490 
Vertex 491 distance 28
0 555 45 225 352 615 491 
Vertex 492 distance 26
0 555 45 225 456 492 
Vertex 493 distance 29
0 381 621 300 558 43 356 493 
Vertex 494 distance 28
0 555 45 225 352 494 
Vertex 495 distance 8
0 381 495 
Vertex 496 distance 24
0 381 154 14 303 496 
Vertex 497 distance 25
0 555 128 217 231 497 
Vertex 498 distance 19
0 555 128 338 289 506 498 
Vertex 499 distance 29
0 555 128 338 289 506 498 499 
Vertex 500 distance 20
0 555 128 338 289 223 500 
Vertex 501 distance 25
0 381 621 300 558 43 501 
Vertex 502 distance 21
0 555 251 397 502 
Vertex 503 distance 31
0 220 361 11 503 
Vertex 504 distance 33
0 555 45 504 
Vertex 505 distance 19
0 555 505 
Vertex 506 distance 15
0 555 128 338 289 506 
Vertex 507 distance 28
0 381 49 507 
Vertex 508 distance 12
0 381 495 508 
Vertex 509 distance 19
0 381 154 175 446 509 
Vertex 510 distance 33
0 381 621 300 558 606 70 636 589 437 309 477 510 
Vertex 511 distance 28
0 381 621 300 558 248 628 511 
Vertex 512 distance 17
0 555 128 338 259 512 
Vertex 513 distance 36
0 555 45 225 237 337 371 304 513 
Vertex 514 distance 40
0 381 621 634 260 514 
Vertex 515 distance 21
0 408 388 515 
Vertex 516 distance 31
0 555 128 93 252 256 533 396 3 442 107 516 
Vertex 517 distance 24
0 381 154 175 446 192 130 24 517 
Vertex 518 distance 24
0 381 621 300 558 43 356 518 
Vertex 519 distance 22
0 555 128 93 252 124 519 
Vertex 520 distance 33
0 381 495 611 431 622 382 292 520 
Vertex 521 distance 23
0 555 251 397 502 597 521 
Vertex 522 distance 30
0 381 154 175 446 192 130 461 522 
Vertex 523 distance 26
0 381 621 300 558 43 356 264 331 523 
Vertex 524 distance 32
0 555 128 13 258 570 285 524 
Vertex 525 distance 24
0 381 154 175 446 192 130 212 525 
Vertex 526 distance 32
0 555 88 548 447 168 526 
Vertex 527 distance 37
0 555 128 93 252 256 468 228 527 
Vertex 528 distance 32
0 381 621 634 630 197 528 
Vertex 529 distance 27
0 381 154 175 214 583 529 
Vertex 530 distance 27
0 555 45 225 122 424 530 
Vertex 531 distance 26
0 555 128 531 
Vertex 532 distance 35
0 555 45 225 178 108 465 532 
Vertex 533 distance 14
0 555 128 93 252 256 533 
Vertex 534 distance 27
0 381 495 611 608 120 534 
Vertex 535 distance 20
0 381 154 175 446 509 535 
Vertex 536 distance 20
0 381 621 634 450 536 
Vertex 537 distance 24
0 555 45 537 
Vertex 538 distance 44
0 381 621 634 630 197 196 538 
Vertex 539 distance 34
0 555 128 93 252 124 519 539 
Vertex 540 distance 27
0 381 621 634 450 536 21 540 
Vertex 541 distance 28
0 381 621 634 630 197 196 199 541 
Vertex 542 distance 25
0 555 45 225 237 337 542 
Vertex 543 distance 29
0 555 128 338 259 512 343 543 
Vertex 544 distance 33
0 555 128 217 231 544 
Vertex 545 distance 34
0 220 344 560 545 
Vertex 546 distance 24
0 381 621 300 558 43 420 362 546 
Vertex 547 distance 23
0 381 621 634 450 169 547 
Vertex 548 distance 17
0 555 88 548 
Vertex 549 distance 30
0 555 128 338 289 506 498 550 549 
Vertex 550 distance 27
0 555 128 338 289 506 498 550 
Vertex 551 distance 26
0 555 128 93 78 620 165 551 
Vertex 552 distance 28
0 381 12 552 
Vertex 553 distance 29
0 408 369 553 
Vertex 554 distance 37
0 381 621 300 558 248 591 157 554 
Vertex 555 distance 1
0 555 
Vertex 556 distance 27
0 381 154 175 446 192 130 461 556 
Vertex 557 distance 34
0 381 495 611 608 120 534 557 
Vertex 558 distance 12
0 381 621 300 558 
Vertex 559 distance 48
0 555 128 13 258 570 363 632 559 
Vertex 560 distance 21
0 220 344 560 
Vertex 561 distance 25
0 381 621 305 478 561 
Vertex 562 distance 21
0 381 621 300 558 43 147 562 
Vertex 563 distance 39
0 555 128 217 231 203 563 
Vertex 564 distance 32
0 381 621 305 564 
Vertex 565 distance 33
0 555 128 93 78 620 315 565 
Vertex 566 distance 52
0 381 621 300 558 43 356 264 7 599 566 
Vertex 567 distance 25
0 381 154 175 446 192 130 461 567 
Vertex 568 distance 35
0 381 621 634 630 197 568 
Vertex 569 distance 31
0 555 45 452 569 
Vertex 570 distance 15
0 555 128 13 258 570 
Vertex 571 distance 29
0 555 45 537 571 
Vertex 572 distance 30
0 408 230 617 572 
Vertex 573 distance 27
0 555 45 225 352 573 
Vertex 574 distance 30
0 381 621 300 558 606 70 636 110 177 574 
Vertex 575 distance 28
0 408 230 617 575 
Vertex 576 distance 21
0 555 45 225 576 
Vertex 577 distance 31
0 555 128 338 259 512 577 
Vertex 578 distance 20
0 555 578 
Vertex 579 distance 21
0 555 128 338 289 223 579 
Vertex 580 distance 18
0 555 128 13 258 42 625 580 
Vertex 581 distance 19
0 381 12 581 
Vertex 582 distance 34
0 555 45 225 237 337 542 391 582 
Vertex 583 distance 22
0 381 154 175 214 583 
Vertex 584 distance 25
0 381 267 216 584 
Vertex 585 distance 19
0 555 128 338 289 506 585 
Vertex 586 distance 36
0 381 12 181 586 
Vertex 587 distance 30
0 408 388 515 587 
Vertex 588 distance 29
0 381 154 14 303 496 588 
Vertex 589 distance 24
0 381 621 300 558 606 70 636 589 
Vertex 590 distance 29
0 381 621 300 558 43 356 438 590 
Vertex 591 distance 25
0 381 621 300 558 248 591 
Vertex 592 distance 27
0 555 45 225 352 615 592 
Vertex 593 distance 33
0 555 128 338 289 223 500 318 593 
Vertex 594 distance 29
0 555 128 93 78 100 594 
Vertex 595 distance 21
0 555 128 338 289 506 595 
Vertex 596 distance 26
0 408 388 365 596 
Vertex 597 distance 22
0 555 251 397 502 597 
Vertex 598 distance 39
0 555 128 13 258 570 285 598 
Vertex 599 distance 23
0 381 621 300 558 43 356 264 7 599 
Vertex 600 distance 29
0 555 45 225 352 615 491 600 
Vertex 601 distance 24
0 381 621 300 558 43 420 601 
Vertex 602 distance 27
0 555 128 93 252 124 377 602 
Vertex 603 distance 16
0 555 128 13 258 42 603 
Vertex 604 distance 26
0 555 128 338 259 512 343 604 
Vertex 605 distance 26
0 381 621 300 558 606 70 109 150 605 
Vertex 606 distance 18
0 381 621 300 558 606 
Vertex 607 distance 31
0 555 128 338 259 62 607 
Vertex 608 distance 17
0 381 495 611 608 
Vertex 609 distance 32
0 555 128 93 252 124 299 609 
Vertex 610 distance 25
0 555 128 338 289 506 585 82 610 
Vertex 611 distance 12
0 381 495 611 
Vertex 612 distance 20
0 555 128 338 289 232 612 
Vertex 613 distance 37
0 555 128 93 78 620 427 155 613 
Vertex 614 distance 23
0 381 621 300 558 248 628 614 
Vertex 615 distance 24
0 555 45 225 352 615 
Vertex 616 distance 33
0 555 128 13 258 570 363 616 
Vertex 617 distance 21
0 408 230 617 
Vertex 618 distance 23
0 381 154 175 446 192 130 461 618 
Vertex 619 distance 36
0 555 128 13 258 42 625 209 619 
Vertex 620 distance 15
0 555 128 93 78 620 
Vertex 621 distance 7
0 381 621 
Vertex 622 distance 22
0 381 495 611 431 622 
Vertex 623 distance 24
0 381 154 175 446 148 84 623 
Vertex 624 distance 35
0 555 45 225 352 624 
Vertex 625 distance 17
0 555 128 13 258 42 625 
Vertex 626 distance 23
0 381 462 8 626 
Vertex 627 distance 34
0 381 154 14 384 627 
Vertex 628 distance 21
0 381 621 300 558 248 628 
Vertex 629 distance 35
0 381 621 300 558 606 70 636 79 629 
Vertex 630 distance 16
0 381 621 634 630 
Vertex 631 distance 24
0 381 621 305 631 
Vertex 632 distance 31
0 555 128 13 258 570 363 632 
Vertex 633 distance 27
0 381 495 611 431 164 633 
Vertex 634 distance 11
0 381 621 634 
Vertex 635 distance 21
0 381 621 300 558 606 70 635 
Vertex 636 distance 23
0 381 621 300 558 606 70 636 
Vertex 637 distance 35
0 381 621 300 558 606 70 636 110 177 637 
Vertex 638 distance 29
0 555 128 217 231 638 
Vertex 639 distance 28
0 555 88 170 30 639 
