Vertex 0 distance 0
0 0 
Vertex 1 distance 4
0 1 
Vertex 2 distance 19
0 230 447 196 152 316 453 588 2 
Vertex 3 distance 16
0 578 484 421 3 
Vertex 4 distance 18
0 1 127 248 392 249 4 
Vertex 5 distance 23
0 230 444 586 389 391 631 507 5 
Vertex 6 distance 16
0 230 258 195 233 549 6 
Vertex 7 distance 22
0 230 258 195 233 186 7 
Vertex 8 distance 18
0 230 444 341 223 538 402 46 8 
Vertex 9 distance 19
0 578 484 621 636 579 9 
Vertex 10 distance 18
0 1 127 50 589 237 264 10 
Vertex 11 distance 23
0 578 554 19 11 
Vertex 12 distance 12
0 230 444 586 389 18 347 12 
Vertex 13 distance 13
0 1 127 50 386 291 13 
Vertex 14 distance 14
0 230 444 586 389 18 115 158 14 
Vertex 15 distance 15
0 578 484 621 222 80 607 15 
Vertex 16 distance 15
0 433 257 205 16 
Vertex 17 distance 16
0 433 477 17 
Vertex 18 distance 10
0 230 444 586 389 18 
Vertex 19 distance 15
0 578 554 19 
Vertex 20 distance 24
0 230 447 196 152 316 20 
Vertex 21 distance 14
0 1 127 50 340 21 
Vertex 22 distance 15
0 230 444 341 133 22 
Vertex 23 distance 15
0 1 127 50 514 263 23 
Vertex 24 distance 14
0 230 447 196 152 316 24 
Vertex 25 distance 19
0 578 484 582 410 246 381 25 
Vertex 26 distance 13
0 1 127 248 44 26 
Vertex 27 distance 15
0 230 444 203 27 
Vertex 28 distance 18
0 230 444 593 573 354 28 
Vertex 29 distance 15
0 29 
Vertex 30 distance 18
0 230 444 586 389 18 347 30 
Vertex 31 distance 18
0 230 444 200 622 499 139 31 
Vertex 32 distance 18
0 230 69 32 
Vertex 33 distance 10
0 578 484 33 
Vertex 34 distance 14
0 230 444 341 133 629 343 34 
Vertex 35 distance 21
0 230 444 341 223 35 
Vertex 36 distance 15
0 36 
Vertex 37 distance 17
0 578 484 621 636 37 
Vertex 38 distance 19
0 230 444 341 133 533 38 
Vertex 39 distance 16
0 230 447 171 468 367 185 39 
Vertex 40 distance 15
0 230 447 171 468 244 369 40 
Vertex 41 distance 22
0 578 484 116 48 95 405 41 
Vertex 42 distance 15
0 230 447 171 468 244 509 42 
Vertex 43 distance 17
0 230 444 586 43 
Vertex 44 distance 11
0 1 127 248 44 
Vertex 45 distance 17
0 230 447 627 330 192 90 45 
Vertex 46 distance 16
0 230 444 341 223 538 402 46 
Vertex 47 distance 12
0 1 127 50 386 291 47 
Vertex 48 distance 13
0 578 484 116 48 
Vertex 49 distance 18
0 230 444 586 389 391 543 49 
Vertex 50 distance 7
0 1 127 50 
Vertex 51 distance 16
0 230 444 200 620 167 51 
Vertex 52 distance 17
0 230 444 341 133 533 524 404 218 52 
Vertex 53 distance 17
0 1 127 248 53 
Vertex 54 distance 14
0 578 484 621 636 579 54 
Vertex 55 distance 21
0 1 127 50 514 263 91 462 55 
Vertex 56 distance 12
0 1 127 50 129 56 
Vertex 57 distance 15
0 230 444 586 57 
Vertex 58 distance 13
0 230 447 171 468 367 185 58 
Vertex 59 distance 17
0 578 484 582 470 59 
Vertex 60 distance 13
0 230 60 
Vertex 61 distance 13
0 230 444 586 389 18 115 61 
Vertex 62 distance 17
0 578 484 621 222 520 614 62 
Vertex 63 distance 15
0 230 444 341 133 629 245 63 
Vertex 64 distance 13
0 1 127 50 386 623 64 
Vertex 65 distance 16
0 230 444 341 223 65 
Vertex 66 distance 14
0 230 444 586 389 391 66 
Vertex 67 distance 16
0 230 258 195 233 549 375 67 
Vertex 68 distance 16
0 230 444 341 133 629 343 279 68 
Vertex 69 distance 4
0 230 69 
Vertex 70 distance 17
0 1 127 50 386 623 64 70 
Vertex 71 distance 10
0 1 127 248 71 
Vertex 72 distance 16
0 578 484 621 528 587 364 72 
Vertex 73 distance 16
0 578 484 621 222 493 73 
Vertex 74 distance 15
0 230 447 171 468 244 511 558 361 74 
Vertex 75 distance 16
0 230 447 627 75 
Vertex 76 distance 22
0 230 444 200 622 618 333 76 
Vertex 77 distance 17
0 230 258 195 233 98 77 
Vertex 78 distance 19
0 578 484 116 78 
Vertex 79 distance 17
0 1 127 50 129 429 79 
Vertex 80 distance 12
0 578 484 621 222 80 
Vertex 81 distance 14
0 230 258 195 81 
Vertex 82 distance 13
0 230 444 593 573 82 
Vertex 83 distance 14
0 230 444 586 389 18 83 
Vertex 84 distance 16
0 578 216 575 84 
Vertex 85 distance 13
0 230 444 341 133 629 85 
Vertex 86 distance 19
0 433 477 510 86 
Vertex 87 distance 15
0 1 127 248 380 87 
Vertex 88 distance 15
0 230 447 171 468 244 511 88 
Vertex 89 distance 16
0 230 444 200 622 618 89 
Vertex 90 distance 16
0 230 447 627 330 192 90 
Vertex 91 distance 15
0 1 127 50 514 263 91 
Vertex 92 distance 18
0 578 484 582 632 92 
Vertex 93 distance 11
0 1 517 93 
Vertex 94 distance 19
0 230 258 195 474 94 
Vertex 95 distance 14
0 578 484 116 48 95 
Vertex 96 distance 15
0 578 484 116 48 95 96 
Vertex 97 distance 19
0 230 444 200 622 467 385 97 
Vertex 98 distance 15
0 230 258 195 233 98 
Vertex 99 distance 16
0 230 447 196 152 316 469 125 99 
Vertex 100 distance 23
0 1 127 50 129 56 513 100 
Vertex 101 distance 22
0 230 444 586 389 18 115 158 14 101 
Vertex 102 distance 14
0 230 447 627 358 102 
Vertex 103 distance 14
0 578 484 582 103 
Vertex 104 distance 16
0 578 484 621 222 104 
Vertex 105 distance 14
0 1 127 50 340 105 
Vertex 106 distance 17
0 1 127 50 589 344 235 106 
Vertex 107 distance 19
0 230 444 586 57 107 
Vertex 108 distance 17
0 1 108 
Vertex 109 distance 20
0 230 444 586 389 18 115 158 14 109 
Vertex 110 distance 20
0 230 444 200 622 467 385 355 110 
Vertex 111 distance 14
0 230 447 171 468 244 539 111 
Vertex 112 distance 17
0 230 447 627 358 102 112 
Vertex 113 distance 19
0 230 444 341 133 629 343 279 304 556 113 
Vertex 114 distance 12
0 230 447 627 114 
Vertex 115 distance 11
0 230 444 586 389 18 115 
Vertex 116 distance 8
0 578 484 116 
Vertex 117 distance 17
0 230 444 593 573 82 117 
Vertex 118 distance 19
0 230 444 341 133 629 245 118 
Vertex 119 distance 18
0 578 216 575 84 119 
Vertex 120 distance 25
0 1 127 50 589 237 312 173 120 
Vertex 121 distance 20
0 578 484 116 48 95 121 
Vertex 122 distance 20
0 1 127 50 589 122 
Vertex 123 distance 19
0 230 444 586 389 18 347 123 
Vertex 124 distance 15
0 230 444 586 389 18 115 158 14 124 
Vertex 125 distance 14
0 230 447 196 152 316 469 125 
Vertex 126 distance 13
0 433 561 126 
Vertex 127 distance 5
0 1 127 
Vertex 128 distance 20
0 230 447 627 330 506 337 128 
Vertex 129 distance 11
0 1 127 50 129 
Vertex 130 distance 30
0 230 447 171 468 367 185 58 130 
Vertex 131 distance 12
0 230 444 200 622 131 
Vertex 132 distance 18
0 230 444 593 573 354 285 132 
Vertex 133 distance 8
0 230 444 341 133 
Vertex 134 distance 17
0 578 484 621 574 134 
Vertex 135 distance 14
0 230 447 627 330 506 135 
Vertex 136 distance 19
0 1 127 50 386 291 13 359 136 
Vertex 137 distance 18
0 1 127 50 589 344 235 350 137 
Vertex 138 distance 17
0 578 484 621 222 80 607 15 138 
Vertex 139 distance 15
0 230 444 200 622 499 139 
Vertex 140 distance 13
0 230 447 171 468 367 185 140 
Vertex 141 distance 17
0 1 127 248 141 
Vertex 142 distance 15
0 1 127 50 589 237 312 142 
Vertex 143 distance 18
0 578 484 621 222 80 607 15 138 143 
Vertex 144 distance 20
0 230 258 195 81 612 144 
Vertex 145 distance 18
0 578 484 621 222 520 614 145 
Vertex 146 distance 24
0 230 447 171 468 146 
Vertex 147 distance 21
0 230 447 171 468 367 147 
Vertex 148 distance 18
0 1 127 50 386 623 151 300 148 
Vertex 149 distance 14
0 578 484 421 149 
Vertex 150 distance 20
0 1 127 50 564 624 150 
Vertex 151 distance 12
0 1 127 50 386 623 151 
Vertex 152 distance 11
0 230 447 196 152 
Vertex 153 distance 20
0 230 444 200 622 467 385 398 153 
Vertex 154 distance 13
0 230 444 200 154 
Vertex 155 distance 18
0 230 447 627 114 492 155 
Vertex 156 distance 9
0 578 484 621 156 
Vertex 157 distance 18
0 230 444 341 223 538 402 46 157 
Vertex 158 distance 13
0 230 444 586 389 18 115 158 
Vertex 159 distance 12
0 230 444 586 389 391 159 
Vertex 160 distance 20
0 230 444 593 426 374 160 
Vertex 161 distance 20
0 230 258 195 437 600 161 
Vertex 162 distance 18
0 578 484 582 632 162 
Vertex 163 distance 14
0 163 
Vertex 164 distance 11
0 433 164 
Vertex 165 distance 28
0 1 416 165 
Vertex 166 distance 13
0 230 447 171 468 244 511 166 
Vertex 167 distance 15
0 230 444 200 620 167 
Vertex 168 distance 17
0 578 484 621 528 168 
Vertex 169 distance 15
0 230 444 586 389 391 631 169 
Vertex 170 distance 17
0 230 444 200 622 618 170 
Vertex 171 distance 7
0 230 447 171 
Vertex 172 distance 14
0 230 444 341 133 629 85 172 
Vertex 173 distance 18
0 1 127 50 589 237 312 173 
Vertex 174 distance 17
0 230 60 379 174 
Vertex 175 distance 19
0 230 444 586 389 18 115 158 14 175 
Vertex 176 distance 13
0 230 447 627 330 506 337 176 
Vertex 177 distance 16
0 578 484 621 177 
Vertex 178 distance 20
0 433 561 126 308 178 
Vertex 179 distance 16
0 578 484 621 636 579 54 179 
Vertex 180 distance 22
0 433 561 126 180 
Vertex 181 distance 14
0 578 484 582 181 
Vertex 182 distance 21
0 230 444 586 389 391 220 182 
Vertex 183 distance 19
0 230 444 200 622 254 413 604 183 
Vertex 184 distance 20
0 230 447 196 152 316 488 209 184 
Vertex 185 distance 12
0 230 447 171 468 367 185 
Vertex 186 distance 15
0 230 258 195 233 186 
Vertex 187 distance 17
0 230 444 593 573 354 285 187 
Vertex 188 distance 14
0 1 517 93 188 
Vertex 189 distance 20
0 433 253 348 189 
Vertex 190 distance 16
0 230 444 341 223 190 
Vertex 191 distance 10
0 230 258 195 437 191 
Vertex 192 distance 12
0 230 447 627 330 192 
Vertex 193 distance 18
0 230 444 200 622 499 602 193 
Vertex 194 distance 15
0 230 447 196 152 316 194 
Vertex 195 distance 6
0 230 258 195 
Vertex 196 distance 9
0 230 447 196 
Vertex 197 distance 12
0 230 444 586 389 18 197 
Vertex 198 distance 17
0 578 484 116 48 198 
Vertex 199 distance 17
0 230 444 586 199 
Vertex 200 distance 8
0 230 444 200 
Vertex 201 distance 16
0 230 447 196 152 316 201 
Vertex 202 distance 21
0 230 444 586 389 18 373 202 
Vertex 203 distance 5
0 230 444 203 
Vertex 204 distance 17
0 1 127 50 564 204 
Vertex 205 distance 14
0 433 257 205 
Vertex 206 distance 23
0 578 484 421 149 489 206 
Vertex 207 distance 19
0 230 444 200 622 618 170 207 
Vertex 208 distance 15
0 1 127 50 129 56 208 
Vertex 209 distance 17
0 230 447 196 152 316 488 209 
Vertex 210 distance 17
0 230 447 171 210 
Vertex 211 distance 15
0 1 127 50 386 291 47 211 
Vertex 212 distance 16
0 230 444 341 223 538 212 
Vertex 213 distance 12
0 1 127 50 386 623 213 
Vertex 214 distance 17
0 230 444 200 622 467 280 214 
Vertex 215 distance 21
0 230 447 171 468 244 369 215 
Vertex 216 distance 12
0 578 216 
Vertex 217 distance 18
0 230 447 627 114 492 292 217 
Vertex 218 distance 16
0 230 444 341 133 533 524 404 218 
Vertex 219 distance 24
0 230 447 171 468 367 185 219 
Vertex 220 distance 15
0 230 444 586 389 391 220 
Vertex 221 distance 19
0 230 447 627 330 506 566 221 
Vertex 222 distance 11
0 578 484 621 222 
Vertex 223 distance 11
0 230 444 341 223 
Vertex 224 distance 20
0 230 447 171 468 367 185 140 224 
Vertex 225 distance 13
0 230 447 627 114 225 
Vertex 226 distance 10
0 230 258 195 226 
Vertex 227 distance 16
0 230 447 627 114 492 227 
Vertex 228 distance 20
0 1 108 228 
Vertex 229 distance 15
0 578 484 582 470 229 
Vertex 230 distance 2
0 230 
Vertex 231 distance 22
0 230 444 200 622 499 139 231 
Vertex 232 distance 19
0 230 444 586 389 18 115 158 232 
Vertex 233 distance 12
0 230 258 195 233 
Vertex 234 distance 15
0 230 447 196 234 
Vertex 235 distance 14
0 1 127 50 589 344 235 
Vertex 236 distance 17
0 230 447 627 114 225 252 236 
Vertex 237 distance 10
0 1 127 50 589 237 
Vertex 238 distance 17
0 230 258 238 
Vertex 239 distance 19
0 578 484 621 222 80 607 15 138 239 
Vertex 240 distance 15
0 433 477 240 
Vertex 241 distance 18
0 1 517 241 
Vertex 242 distance 18
0 230 444 341 133 629 343 242 
Vertex 243 distance 21
0 230 258 195 437 600 243 
Vertex 244 distance 10
0 230 447 171 468 244 
Vertex 245 distance 12
0 230 444 341 133 629 245 
Vertex 246 distance 15
0 578 484 582 410 246 
Vertex 247 distance 21
0 433 561 126 308 178 247 
Vertex 248 distance 7
0 1 127 248 
Vertex 249 distance 14
0 1 127 248 392 249 
Vertex 250 distance 16
0 578 484 621 250 
Vertex 251 distance 19
0 230 444 586 57 251 
Vertex 252 distance 15
0 230 447 627 114 225 252 
Vertex 253 distance 14
0 433 253 
Vertex 254 distance 13
0 230 444 200 622 254 
Vertex 255 distance 20
0 578 484 621 222 520 614 443 255 
Vertex 256 distance 18
0 1 127 50 386 623 151 256 
Vertex 257 distance 12
0 433 257 
Vertex 258 distance 5
0 230 258 
Vertex 259 distance 17
0 230 258 195 233 549 375 67 259 
Vertex 260 distance 12
0 578 484 260 
Vertex 261 distance 20
0 230 444 203 27 261 
Vertex 262 distance 16
0 1 127 599 262 
Vertex 263 distance 12
0 1 127 50 514 263 
Vertex 264 distance 13
0 1 127 50 589 237 264 
Vertex 265 distance 22
0 1 127 50 386 623 213 430 450 265 
Vertex 266 distance 17
0 230 258 195 233 549 552 266 
Vertex 267 distance 12
0 230 444 267 
Vertex 268 distance 20
0 230 444 586 389 18 83 268 
Vertex 269 distance 21
0 230 447 171 468 244 511 558 269 
Vertex 270 distance 16
0 578 484 621 222 270 
Vertex 271 distance 15
0 1 517 93 271 
Vertex 272 distance 17
0 433 253 272 
Vertex 273 distance 24
0 230 444 200 622 467 385 355 273 
Vertex 274 distance 17
0 578 484 621 222 80 274 
Vertex 275 distance 14
0 1 127 50 514 357 275 
Vertex 276 distance 15
0 433 561 276 
Vertex 277 distance 17
0 1 127 50 386 291 47 211 277 
Vertex 278 distance 17
0 1 127 50 340 105 278 
Vertex 279 distance 15
0 230 444 341 133 629 343 279 
Vertex 280 distance 11
0 230 444 200 622 467 280 
Vertex 281 distance 18
0 578 484 621 528 587 364 72 281 
Vertex 282 distance 17
0 1 127 50 514 357 282 
Vertex 283 distance 21
0 230 444 200 622 618 89 283 
Vertex 284 distance 15
0 230 447 627 330 506 284 
Vertex 285 distance 16
0 230 444 593 573 354 285 
Vertex 286 distance 15
0 230 447 196 152 316 286 
Vertex 287 distance 26
0 230 444 203 27 261 287 
Vertex 288 distance 21
0 1 127 50 386 623 64 288 
Vertex 289 distance 13
0 230 447 581 289 
Vertex 290 distance 19
0 578 484 582 632 162 290 
Vertex 291 distance 11
0 1 127 50 386 291 
Vertex 292 distance 15
0 230 447 627 114 492 292 
Vertex 293 distance 17
0 230 444 341 293 
Vertex 294 distance 18
0 1 127 248 294 
Vertex 295 distance 15
0 230 447 627 330 192 295 
Vertex 296 distance 14
0 578 216 478 296 
Vertex 297 distance 20
0 230 444 200 622 467 280 637 297 
Vertex 298 distance 15
0 230 447 196 152 298 
Vertex 299 distance 13
0 433 561 299 
Vertex 300 distance 17
0 1 127 50 386 623 151 300 
Vertex 301 distance 18
0 578 484 621 222 520 614 301 
Vertex 302 distance 19
0 230 447 171 468 244 539 111 302 
Vertex 303 distance 20
0 230 258 195 233 549 6 303 
Vertex 304 distance 16
0 230 444 341 133 629 343 279 304 
Vertex 305 distance 14
0 230 444 586 389 18 347 12 305 
Vertex 306 distance 19
0 230 258 195 226 306 
Vertex 307 distance 17
0 230 444 200 154 368 307 
Vertex 308 distance 16
0 433 561 126 308 
Vertex 309 distance 18
0 1 127 248 53 309 
Vertex 310 distance 15
0 1 127 50 386 291 310 
Vertex 311 distance 22
0 230 444 586 389 18 115 158 311 
Vertex 312 distance 14
0 1 127 50 589 237 312 
Vertex 313 distance 13
0 230 444 586 389 313 
Vertex 314 distance 26
0 1 127 50 589 460 314 
Vertex 315 distance 22
0 230 447 627 114 492 292 394 315 
Vertex 316 distance 12
0 230 447 196 152 316 
Vertex 317 distance 18
0 230 258 317 
Vertex 318 distance 15
0 230 444 341 133 629 85 318 
Vertex 319 distance 18
0 433 257 205 319 
Vertex 320 distance 16
0 1 517 93 320 
Vertex 321 distance 20
0 230 444 200 622 499 139 321 
Vertex 322 distance 17
0 230 444 200 622 467 280 322 
Vertex 323 distance 13
0 578 484 621 323 
Vertex 324 distance 19
0 230 444 586 389 313 324 
Vertex 325 distance 16
0 1 517 93 271 325 
Vertex 326 distance 22
0 433 164 326 
Vertex 327 distance 17
0 230 444 200 622 254 327 
Vertex 328 distance 16
0 230 258 195 437 600 328 
Vertex 329 distance 24
0 230 447 627 114 412 329 
Vertex 330 distance 8
0 230 447 627 330 
Vertex 331 distance 24
0 230 444 341 133 629 343 331 
Vertex 332 distance 19
0 230 444 586 57 332 
Vertex 333 distance 18
0 230 444 200 622 618 333 
Vertex 334 distance 20
0 1 127 50 589 344 235 505 334 
Vertex 335 distance 19
0 230 444 200 622 335 
Vertex 336 distance 19
0 1 127 50 336 
Vertex 337 distance 12
0 230 447 627 330 506 337 
Vertex 338 distance 15
0 230 447 171 468 244 511 338 
Vertex 339 distance 19
0 230 258 195 437 339 
Vertex 340 distance 13
0 1 127 50 340 
Vertex 341 distance 4
0 230 444 341 
Vertex 342 distance 15
0 230 444 586 389 18 197 342 
Vertex 343 distance 13
0 230 444 341 133 629 343 
Vertex 344 distance 10
0 1 127 50 589 344 
Vertex 345 distance 25
0 230 444 586 389 18 115 61 595 423 345 
Vertex 346 distance 17
0 230 447 627 114 225 346 
Vertex 347 distance 11
0 230 444 586 389 18 347 
Vertex 348 distance 15
0 433 253 348 
Vertex 349 distance 13
0 230 444 586 389 18 349 
Vertex 350 distance 15
0 1 127 50 589 344 235 350 
Vertex 351 distance 13
0 578 484 582 605 351 
Vertex 352 distance 13
0 230 69 352 
Vertex 353 distance 18
0 230 447 171 468 367 185 140 353 
Vertex 354 distance 13
0 230 444 593 573 354 
Vertex 355 distance 18
0 230 444 200 622 467 385 355 
Vertex 356 distance 12
0 230 444 200 622 467 280 356 
Vertex 357 distance 13
0 1 127 50 514 357 
Vertex 358 distance 13
0 230 447 627 358 
Vertex 359 distance 14
0 1 127 50 386 291 13 359 
Vertex 360 distance 16
0 1 127 50 340 360 
Vertex 361 distance 14
0 230 447 171 468 244 511 558 361 
Vertex 362 distance 17
0 230 444 586 389 18 83 362 
Vertex 363 distance 20
0 1 127 248 392 249 397 363 
Vertex 364 distance 14
0 578 484 621 528 587 364 
Vertex 365 distance 17
0 230 447 171 468 367 185 502 365 
Vertex 366 distance 18
0 578 484 582 410 246 381 366 
Vertex 367 distance 10
0 230 447 171 468 367 
Vertex 368 distance 14
0 230 444 200 154 368 
Vertex 369 distance 12
0 230 447 171 468 244 369 
Vertex 370 distance 18
0 230 444 586 389 391 543 370 
Vertex 371 distance 17
0 230 444 586 389 391 631 371 
Vertex 372 distance 17
0 1 517 372 
Vertex 373 distance 16
0 230 444 586 389 18 373 
Vertex 374 distance 17
0 230 444 593 426 374 
Vertex 375 distance 15
0 230 258 195 233 549 375 
Vertex 376 distance 18
0 230 444 200 622 254 376 
Vertex 377 distance 19
0 230 447 171 468 244 511 558 361 377 
Vertex 378 distance 13
0 1 517 93 378 
Vertex 379 distance 16
0 230 60 379 
Vertex 380 distance 13
0 1 127 248 380 
Vertex 381 distance 17
0 578 484 582 410 246 381 
Vertex 382 distance 17
0 578 484 621 528 382 
Vertex 383 distance 15
0 230 447 171 468 244 509 383 
Vertex 384 distance 17
0 230 447 171 468 244 511 558 384 
Vertex 385 distance 13
0 230 444 200 622 467 385 
Vertex 386 distance 8
0 1 127 50 386 
Vertex 387 distance 11
0 230 444 593 387 
Vertex 388 distance 18
0 230 258 195 233 549 483 388 
Vertex 389 distance 8
0 230 444 586 389 
Vertex 390 distance 19
0 578 484 582 479 390 
Vertex 391 distance 11
0 230 444 586 389 391 
Vertex 392 distance 12
0 1 127 248 392 
Vertex 393 distance 19
0 230 444 200 622 499 393 
Vertex 394 distance 17
0 230 447 627 114 492 292 394 
Vertex 395 distance 11
0 230 444 203 395 
Vertex 396 distance 19
0 230 444 200 622 618 532 396 
Vertex 397 distance 15
0 1 127 248 392 249 397 
Vertex 398 distance 15
0 230 444 200 622 467 385 398 
Vertex 399 distance 20
0 230 444 586 199 399 
Vertex 400 distance 16
0 230 447 196 152 316 469 125 400 
Vertex 401 distance 19
0 230 258 195 233 549 6 401 
Vertex 402 distance 14
0 230 444 341 223 538 402 
Vertex 403 distance 12
0 230 447 171 468 403 
Vertex 404 distance 15
0 230 444 341 133 533 524 404 
Vertex 405 distance 17
0 578 484 116 48 95 405 
Vertex 406 distance 20
0 433 257 205 406 
Vertex 407 distance 16
0 1 127 248 71 407 
Vertex 408 distance 21
0 578 484 621 528 382 408 
Vertex 409 distance 13
0 578 484 582 409 
Vertex 410 distance 13
0 578 484 582 410 
Vertex 411 distance 18
0 230 444 593 573 354 487 411 
Vertex 412 distance 14
0 230 447 627 114 412 
Vertex 413 distance 15
0 230 444 200 622 254 413 
Vertex 414 distance 17
0 1 127 50 340 105 414 
Vertex 415 distance 19
0 230 447 196 152 316 488 415 
Vertex 416 distance 15
0 1 416 
Vertex 417 distance 22
0 578 484 621 222 520 614 417 
Vertex 418 distance 14
0 230 258 418 
Vertex 419 distance 23
0 230 69 32 419 
Vertex 420 distance 15
0 578 484 621 528 587 420 
Vertex 421 distance 13
0 578 484 421 
Vertex 422 distance 21
0 1 127 50 386 623 64 70 422 
Vertex 423 distance 17
0 230 444 586 389 18 115 61 595 423 
Vertex 424 distance 16
0 230 258 424 
Vertex 425 distance 17
0 230 444 200 622 499 425 
Vertex 426 distance 14
0 230 444 593 426 
Vertex 427 distance 17
0 230 444 341 133 533 524 404 427 
Vertex 428 distance 17
0 578 484 582 428 
Vertex 429 distance 14
0 1 127 50 129 429 
Vertex 430 distance 13
0 1 127 50 386 623 213 430 
Vertex 431 distance 15
0 1 127 50 386 623 213 430 450 431 
Vertex 432 distance 22
0 1 127 50 589 344 542 482 432 
Vertex 433 distance 8
0 433 
Vertex 434 distance 14
0 578 484 621 156 434 
Vertex 435 distance 22
0 230 444 586 389 18 197 342 435 
Vertex 436 distance 17
0 1 127 248 71 436 
Vertex 437 distance 9
0 230 258 195 437 
Vertex 438 distance 15
0 230 444 200 438 
Vertex 439 distance 13
0 230 444 593 573 439 
Vertex 440 distance 18
0 230 444 341 133 533 524 404 218 440 
Vertex 441 distance 20
0 230 444 586 389 313 324 441 
Vertex 442 distance 13
0 1 127 50 514 263 442 
Vertex 443 distance 18
0 578 484 621 222 520 614 443 
Vertex 444 distance 3
0 230 444 
Vertex 445 distance 14
0 230 444 586 389 18 347 12 445 
Vertex 446 distance 17
0 230 444 586 389 391 631 507 446 
Vertex 447 distance 6
0 230 447 
Vertex 448 distance 19
0 230 447 627 358 102 448 
Vertex 449 distance 18
0 230 447 627 330 192 90 45 449 
Vertex 450 distance 14
0 1 127 50 386 623 213 430 450 
Vertex 451 distance 18
0 230 447 451 
Vertex 452 distance 16
0 1 127 50 386 291 452 
Vertex 453 distance 15
0 230 447 196 152 316 453 
Vertex 454 distance 20
0 230 444 200 622 499 139 31 454 
Vertex 455 distance 18
0 230 444 200 622 618 455 
Vertex 456 distance 19
0 1 517 93 456 
Vertex 457 distance 19
0 230 258 195 226 596 457 
Vertex 458 distance 17
0 230 447 627 458 
Vertex 459 distance 19
0 1 127 50 514 357 275 521 459 
Vertex 460 distance 13
0 1 127 50 589 460 
Vertex 461 distance 15
0 1 127 50 564 461 
Vertex 462 distance 17
0 1 127 50 514 263 91 462 
Vertex 463 distance 15
0 1 127 50 514 263 442 463 
Vertex 464 distance 14
0 433 164 464 
Vertex 465 distance 17
0 230 447 627 358 465 
Vertex 466 distance 18
0 230 444 586 389 18 197 342 466 
Vertex 467 distance 10
0 230 444 200 622 467 
Vertex 468 distance 8
0 230 447 171 468 
Vertex 469 distance 13
0 230 447 196 152 316 469 
Vertex 470 distance 13
0 578 484 582 470 
Vertex 471 distance 17
0 230 447 196 152 471 
Vertex 472 distance 16
0 230 447 171 468 244 511 166 472 
Vertex 473 distance 18
0 230 444 586 43 473 
Vertex 474 distance 15
0 230 258 195 474 
Vertex 475 distance 17
0 230 258 195 437 475 
Vertex 476 distance 14
0 1 127 599 476 
Vertex 477 distance 13
0 433 477 
Vertex 478 distance 13
0 578 216 478 
Vertex 479 distance 15
0 578 484 582 479 
Vertex 480 distance 15
0 230 444 586 389 391 543 480 
Vertex 481 distance 16
0 230 444 586 389 391 543 481 
Vertex 482 distance 16
0 1 127 50 589 344 542 482 
Vertex 483 distance 15
0 230 258 195 233 549 483 
Vertex 484 distance 6
0 578 484 
Vertex 485 distance 14
0 230 258 195 226 485 
Vertex 486 distance 22
0 230 258 195 81 612 486 
Vertex 487 distance 17
0 230 444 593 573 354 487 
Vertex 488 distance 13
0 230 447 196 152 316 488 
Vertex 489 distance 17
0 578 484 421 149 489 
Vertex 490 distance 16
0 578 484 621 574 490 
Vertex 491 distance 16
0 230 444 586 389 391 66 491 
Vertex 492 distance 13
0 230 447 627 114 492 
Vertex 493 distance 13
0 578 484 621 222 493 
Vertex 494 distance 17
0 230 444 586 389 391 543 494 
Vertex 495 distance 18
0 578 484 582 410 495 
Vertex 496 distance 20
0 230 444 341 133 629 343 279 68 496 
Vertex 497 distance 22
0 578 484 621 574 490 598 497 
Vertex 498 distance 21
0 230 444 341 133 533 524 404 218 498 
Vertex 499 distance 13
0 230 444 200 622 499 
Vertex 500 distance 16
0 433 164 500 
Vertex 501 distance 12
0 230 444 341 501 
Vertex 502 distance 15
0 230 447 171 468 367 185 502 
Vertex 503 distance 16
0 578 484 621 222 80 607 15 503 
Vertex 504 distance 17
0 1 127 50 340 21 504 
Vertex 505 distance 17
0 1 127 50 589 344 235 505 
Vertex 506 distance 10
0 230 447 627 330 506 
Vertex 507 distance 16
0 230 444 586 389 391 631 507 
Vertex 508 distance 23
0 230 444 341 133 629 343 242 508 
Vertex 509 distance 14
0 230 447 171 468 244 509 
Vertex 510 distance 16
0 433 477 510 
Vertex 511 distance 12
0 230 447 171 468 244 511 
Vertex 512 distance 14
0 230 69 352 512 
Vertex 513 distance 14
0 1 127 50 129 56 513 
Vertex 514 distance 11
0 1 127 50 514 
Vertex 515 distance 15
0 230 447 627 114 515 
Vertex 516 distance 21
0 1 127 50 589 516 
Vertex 517 distance 10
0 1 517 
Vertex 518 distance 20
0 1 127 248 44 26 518 
Vertex 519 distance 15
0 230 444 586 389 519 
Vertex 520 distance 13
0 578 484 621 222 520 
Vertex 521 distance 16
0 1 127 50 514 357 275 521 
Vertex 522 distance 25
0 230 447 171 468 244 509 383 522 
Vertex 523 distance 20
0 1 127 50 129 56 208 523 
Vertex 524 distance 12
0 230 444 341 133 533 524 
Vertex 525 distance 17
0 230 447 171 468 244 511 166 472 525 
Vertex 526 distance 24
0 230 447 627 330 506 337 128 526 
Vertex 527 distance 19
0 230 444 586 389 18 115 527 
Vertex 528 distance 10
0 578 484 621 528 
Vertex 529 distance 18
0 1 127 50 340 529 
Vertex 530 distance 15
0 230 447 627 358 102 530 
Vertex 531 distance 18
0 1 127 50 386 623 213 430 450 531 
Vertex 532 distance 15
0 230 444 200 622 618 532 
Vertex 533 distance 9
0 230 444 341 133 533 
Vertex 534 distance 17
0 1 127 50 534 
Vertex 535 distance 24
0 230 444 200 622 535 
Vertex 536 distance 16
0 1 127 248 44 536 
Vertex 537 distance 14
0 578 484 621 537 
Vertex 538 distance 13
0 230 444 341 223 538 
Vertex 539 distance 11
0 230 447 171 468 244 539 
Vertex 540 distance 20
0 230 447 627 114 225 252 236 540 
Vertex 541 distance 22
0 578 484 116 48 95 405 541 
Vertex 542 distance 13
0 1 127 50 589 344 542 
Vertex 543 distance 12
0 230 444 586 389 391 543 
Vertex 544 distance 13
0 230 447 627 114 544 
Vertex 545 distance 22
0 1 127 50 589 237 312 173 545 
Vertex 546 distance 15
0 230 447 171 468 244 511 558 546 
Vertex 547 distance 20
0 230 258 195 474 94 547 
Vertex 548 distance 16
0 230 444 586 389 548 
Vertex 549 distance 13
0 230 258 195 233 549 
Vertex 550 distance 17
0 1 127 50 564 550 
Vertex 551 distance 17
0 230 444 586 551 
Vertex 552 distance 15
0 230 258 195 233 549 552 
Vertex 553 distance 16
0 230 444 200 622 467 553 
Vertex 554 distance 13
0 578 554 
Vertex 555 distance 19
0 230 444 200 622 499 139 555 
Vertex 556 distance 17
0 230 444 341 133 629 343 279 304 556 
Vertex 557 distance 22
0 578 484 621 222 80 274 557 
Vertex 558 distance 13
0 230 447 171 468 244 511 558 
Vertex 559 distance 17
0 230 444 586 389 391 631 507 559 
Vertex 560 distance 17
0 1 127 50 589 344 560 
Vertex 561 distance 9
0 433 561 
Vertex 562 distance 11
0 1 127 599 562 
Vertex 563 distance 21
0 230 444 341 223 563 
Vertex 564 distance 11
0 1 127 50 564 
Vertex 565 distance 20
0 578 484 621 222 80 565 
Vertex 566 distance 14
0 230 447 627 330 506 566 
Vertex 567 distance 13
0 230 444 200 622 467 280 567 
Vertex 568 distance 18
0 230 444 341 133 629 245 63 568 
Vertex 569 distance 15
0 1 517 93 188 569 
Vertex 570 distance 21
0 230 444 586 389 18 115 158 570 
Vertex 571 distance 20
0 230 447 627 330 192 90 45 449 571 
Vertex 572 distance 23
0 1 127 50 386 623 213 430 572 
Vertex 573 distance 12
0 230 444 593 573 
Vertex 574 distance 15
0 578 484 621 574 
Vertex 575 distance 15
0 578 216 575 
Vertex 576 distance 17
0 578 484 621 636 576 
Vertex 577 distance 17
0 230 447 627 75 577 
Vertex 578 distance 3
0 578 
Vertex 579 distance 12
0 578 484 621 636 579 
Vertex 580 distance 18
0 230 258 195 437 580 
Vertex 581 distance 11
0 230 447 581 
Vertex 582 distance 9
0 578 484 582 
Vertex 583 distance 22
0 578 484 582 605 583 
Vertex 584 distance 19
0 578 554 584 
Vertex 585 distance 20
0 230 258 195 437 585 
Vertex 586 distance 6
0 230 444 586 
Vertex 587 distance 13
0 578 484 621 528 587 
Vertex 588 distance 16
0 230 447 196 152 316 453 588 
Vertex 589 distance 8
0 1 127 50 589 
Vertex 590 distance 19
0 433 590 
Vertex 591 distance 15
0 230 447 627 330 506 337 591 
Vertex 592 distance 18
0 1 127 50 589 344 235 106 592 
Vertex 593 distance 8
0 230 444 593 
Vertex 594 distance 17
0 230 444 341 133 629 343 594 
Vertex 595 distance 15
0 230 444 586 389 18 115 61 595 
Vertex 596 distance 16
0 230 258 195 226 596 
Vertex 597 distance 20
0 1 127 50 386 291 13 359 597 
Vertex 598 distance 20
0 578 484 621 574 490 598 
Vertex 599 distance 10
0 1 127 599 
Vertex 600 distance 13
0 230 258 195 437 600 
Vertex 601 distance 18
0 230 444 341 133 629 85 172 601 
Vertex 602 distance 15
0 230 444 200 622 499 602 
Vertex 603 distance 15
0 578 484 621 636 579 603 
Vertex 604 distance 16
0 230 444 200 622 254 413 604 
Vertex 605 distance 11
0 578 484 582 605 
Vertex 606 distance 25
0 1 127 50 589 237 312 173 545 606 
Vertex 607 distance 14
0 578 484 621 222 80 607 
Vertex 608 distance 16
0 230 444 200 622 499 602 608 
Vertex 609 distance 16
0 1 127 50 386 291 13 359 609 
Vertex 610 distance 18
0 230 447 171 468 367 610 
Vertex 611 distance 18
0 230 447 171 468 367 185 611 
Vertex 612 distance 18
0 230 258 195 81 612 
Vertex 613 distance 15
0 433 257 613 
Vertex 614 distance 16
0 578 484 621 222 520 614 
Vertex 615 distance 21
0 230 444 586 389 18 197 342 466 615 
Vertex 616 distance 17
0 230 444 341 133 533 524 404 218 616 
Vertex 617 distance 16
0 230 258 195 474 617 
Vertex 618 distance 14
0 230 444 200 622 618 
Vertex 619 distance 17
0 1 127 50 589 237 312 142 619 
Vertex 620 distance 14
0 230 444 200 620 
Vertex 621 distance 8
0 578 484 621 
Vertex 622 distance 9
0 230 444 200 622 
Vertex 623 distance 11
0 1 127 50 386 623 
Vertex 624 distance 12
0 1 127 50 564 624 
Vertex 625 distance 17
0 230 447 196 152 316 469 625 
Vertex 626 distance 14
0 230 444 200 622 467 280 356 626 
Vertex 627 distance 7
0 230 447 627 
Vertex 628 distance 18
0 230 444 200 622 467 385 398 628 
Vertex 629 distance 11
0 230 444 341 133 629 
Vertex 630 distance 15
0 1 127 50 386 623 213 430 630 
Vertex 631 distance 13
0 230 444 586 389 391 631 
Vertex 632 distance 10
0 578 484 582 632 
Vertex 633 distance 21
0 230 447 627 114 492 292 633 
Vertex 634 distance 18
0 230 444 200 622 467 553 634 
Vertex 635 distance 16
0 1 127 248 392 249 397 635 
Vertex 636 distance 11
0 578 484 621 636 
Vertex 637 distance 14
0 230 444 200 622 467 280 637 
Vertex 638 distance 17
0 230 447 627 330 192 90 638 
Vertex 639 distance 17
0 578 484 621 222 493 73 639 
