Vertex 0 distance 0
0 0 
Vertex 1 distance 51
0 14 519 627 270 296 1 
Vertex 2 distance 35
0 14 570 2 
Vertex 3 distance 29
0 610 516 611 3 
Vertex 4 distance 35
0 610 431 203 245 4 
Vertex 5 distance 37
0 610 346 498 96 342 232 5 
Vertex 6 distance 44
0 14 519 627 241 633 263 259 472 506 189 585 6 
Vertex 7 distance 32
0 14 134 7 
Vertex 8 distance 25
0 610 346 8 
Vertex 9 distance 39
0 610 346 498 529 405 9 
Vertex 10 distance 24
0 83 125 10 
Vertex 11 distance 14
0 528 344 11 
Vertex 12 distance 38
0 14 519 510 637 12 
Vertex 13 distance 42
0 14 519 442 449 13 
Vertex 14 distance 9
0 14 
Vertex 15 distance 36
0 14 519 627 241 633 263 259 472 506 15 
Vertex 16 distance 33
0 14 134 7 16 
Vertex 17 distance 31
0 528 599 163 17 
Vertex 18 distance 33
0 14 519 510 200 487 50 18 
Vertex 19 distance 43
0 14 519 510 200 487 50 18 167 551 19 
Vertex 20 distance 35
0 610 346 20 
Vertex 21 distance 30
0 528 344 295 332 21 
Vertex 22 distance 31
0 14 519 627 270 22 
Vertex 23 distance 39
0 23 
Vertex 24 distance 37
0 14 144 82 24 
Vertex 25 distance 37
0 14 519 627 270 601 312 469 25 
Vertex 26 distance 45
0 610 431 608 175 620 193 26 
Vertex 27 distance 32
0 14 41 27 
Vertex 28 distance 34
0 14 519 442 207 343 28 
Vertex 29 distance 29
0 83 410 29 
Vertex 30 distance 40
0 14 519 627 270 271 340 626 303 266 317 499 124 30 
Vertex 31 distance 30
0 14 519 627 270 296 489 31 
Vertex 32 distance 44
0 528 599 299 38 32 
Vertex 33 distance 41
0 83 410 29 101 76 33 
Vertex 34 distance 40
0 528 599 163 34 
Vertex 35 distance 44
0 14 508 511 530 325 572 35 
Vertex 36 distance 36
0 610 346 498 197 157 36 
Vertex 37 distance 36
0 610 346 580 445 37 
Vertex 38 distance 43
0 528 599 299 38 
Vertex 39 distance 30
0 610 532 39 
Vertex 40 distance 32
0 610 431 203 245 40 
Vertex 41 distance 24
0 14 41 
Vertex 42 distance 33
0 610 431 608 42 
Vertex 43 distance 39
0 14 519 365 338 355 43 
Vertex 44 distance 42
0 610 431 608 175 620 44 
Vertex 45 distance 32
0 14 519 442 430 45 
Vertex 46 distance 35
0 14 519 627 241 633 263 259 88 46 
Vertex 47 distance 33
0 610 431 608 466 47 
Vertex 48 distance 39
0 14 519 69 542 48 
Vertex 49 distance 23
0 610 431 453 380 49 
Vertex 50 distance 29
0 14 519 510 200 487 50 
Vertex 51 distance 35
0 14 519 627 270 271 102 51 
Vertex 52 distance 40
0 83 72 269 52 
Vertex 53 distance 16
0 14 519 53 
Vertex 54 distance 31
0 83 72 269 54 
Vertex 55 distance 39
0 610 346 498 96 55 
Vertex 56 distance 36
0 14 519 627 270 601 312 87 56 
Vertex 57 distance 22
0 610 346 84 57 
Vertex 58 distance 36
0 14 519 442 207 58 
Vertex 59 distance 27
0 14 519 510 59 
Vertex 60 distance 31
0 528 344 295 332 60 
Vertex 61 distance 28
0 14 519 510 194 61 
Vertex 62 distance 48
0 14 519 62 
Vertex 63 distance 35
0 14 519 442 473 525 419 63 
Vertex 64 distance 29
0 14 519 627 241 633 168 64 
Vertex 65 distance 43
0 14 519 442 449 320 357 65 
Vertex 66 distance 27
0 14 519 442 449 204 66 
Vertex 67 distance 55
0 14 519 573 73 388 235 67 
Vertex 68 distance 48
0 14 519 442 569 68 
Vertex 69 distance 30
0 14 519 69 
Vertex 70 distance 33
0 14 519 442 473 70 
Vertex 71 distance 40
0 14 519 442 473 525 419 71 
Vertex 72 distance 18
0 83 72 
Vertex 73 distance 24
0 14 519 573 73 
Vertex 74 distance 35
0 14 519 442 473 70 74 
Vertex 75 distance 36
0 14 134 7 75 
Vertex 76 distance 38
0 83 410 29 101 76 
Vertex 77 distance 46
0 14 519 627 241 633 263 190 156 540 77 
Vertex 78 distance 40
0 14 519 365 338 612 78 
Vertex 79 distance 39
0 634 239 155 79 
Vertex 80 distance 37
0 83 72 269 80 
Vertex 81 distance 29
0 14 519 627 270 296 418 81 
Vertex 82 distance 36
0 14 144 82 
Vertex 83 distance 16
0 83 
Vertex 84 distance 21
0 610 346 84 
Vertex 85 distance 27
0 610 346 84 57 400 254 85 
Vertex 86 distance 45
0 610 346 84 86 
Vertex 87 distance 29
0 14 519 627 270 601 312 87 
Vertex 88 distance 27
0 14 519 627 241 633 263 259 88 
Vertex 89 distance 40
0 14 519 573 73 455 222 214 161 89 
Vertex 90 distance 36
0 528 599 299 557 90 
Vertex 91 distance 41
0 528 344 295 486 468 485 165 178 242 91 
Vertex 92 distance 38
0 14 519 627 241 633 168 179 92 
Vertex 93 distance 39
0 14 519 627 270 296 418 93 
Vertex 94 distance 35
0 528 344 295 94 
Vertex 95 distance 45
0 14 519 442 207 343 28 595 327 95 
Vertex 96 distance 22
0 610 346 498 96 
Vertex 97 distance 50
0 14 144 448 97 
Vertex 98 distance 30
0 14 519 627 260 98 
Vertex 99 distance 41
0 528 344 295 332 60 256 99 
Vertex 100 distance 31
0 14 519 442 449 204 66 588 100 
Vertex 101 distance 33
0 83 410 29 101 
Vertex 102 distance 24
0 14 519 627 270 271 102 
Vertex 103 distance 29
0 14 519 103 
Vertex 104 distance 40
0 14 508 511 174 578 104 
Vertex 105 distance 44
0 14 519 442 207 343 28 105 
Vertex 106 distance 40
0 528 344 295 486 106 
Vertex 107 distance 39
0 528 599 120 107 
Vertex 108 distance 33
0 528 344 295 486 468 485 108 
Vertex 109 distance 33
0 14 519 627 241 633 263 190 109 
Vertex 110 distance 45
0 602 166 589 110 
Vertex 111 distance 39
0 528 344 295 332 535 111 
Vertex 112 distance 39
0 14 519 365 338 112 
Vertex 113 distance 38
0 14 519 627 260 444 113 
Vertex 114 distance 41
0 610 431 203 245 4 562 114 
Vertex 115 distance 36
0 14 508 511 594 115 
Vertex 116 distance 37
0 610 346 116 
Vertex 117 distance 31
0 610 431 203 117 
Vertex 118 distance 40
0 610 532 39 183 118 
Vertex 119 distance 44
0 14 519 627 270 296 418 119 
Vertex 120 distance 28
0 528 599 120 
Vertex 121 distance 31
0 610 431 608 121 
Vertex 122 distance 41
0 14 519 510 637 122 
Vertex 123 distance 40
0 149 123 
Vertex 124 distance 39
0 14 519 627 270 271 340 626 303 266 317 499 124 
Vertex 125 distance 17
0 83 125 
Vertex 126 distance 47
0 610 346 498 197 628 333 126 
Vertex 127 distance 44
0 528 599 120 191 188 127 
Vertex 128 distance 25
0 83 128 
Vertex 129 distance 45
0 14 519 627 270 271 340 626 303 266 317 499 124 129 
Vertex 130 distance 36
0 610 431 608 175 620 130 
Vertex 131 distance 45
0 610 516 611 131 
Vertex 132 distance 37
0 528 344 295 192 137 132 
Vertex 133 distance 49
0 528 344 133 
Vertex 134 distance 31
0 14 134 
Vertex 135 distance 64
0 14 519 62 135 
Vertex 136 distance 41
0 14 519 442 449 204 66 136 
Vertex 137 distance 34
0 528 344 295 192 137 
Vertex 138 distance 30
0 14 508 138 
Vertex 139 distance 37
0 14 519 627 241 139 
Vertex 140 distance 53
0 14 519 627 241 633 263 259 472 506 15 140 
Vertex 141 distance 30
0 14 519 365 247 141 
Vertex 142 distance 38
0 610 431 203 245 142 
Vertex 143 distance 42
0 14 144 143 
Vertex 144 distance 29
0 14 144 
Vertex 145 distance 32
0 14 145 
Vertex 146 distance 31
0 14 519 442 146 
Vertex 147 distance 33
0 14 519 627 270 296 489 147 
Vertex 148 distance 45
0 528 344 295 486 468 609 384 159 148 
Vertex 149 distance 27
0 149 
Vertex 150 distance 49
0 610 346 580 150 
Vertex 151 distance 35
0 14 519 365 247 306 151 
Vertex 152 distance 34
0 83 72 269 152 
Vertex 153 distance 42
0 14 153 
Vertex 154 distance 41
0 14 519 627 241 633 168 64 568 154 
Vertex 155 distance 30
0 634 239 155 
Vertex 156 distance 31
0 14 519 627 241 633 263 190 156 
Vertex 157 distance 31
0 610 346 498 197 157 
Vertex 158 distance 34
0 634 158 
Vertex 159 distance 38
0 528 344 295 486 468 609 384 159 
Vertex 160 distance 39
0 14 570 613 199 160 
Vertex 161 distance 39
0 14 519 573 73 455 222 214 161 
Vertex 162 distance 25
0 14 519 53 437 162 
Vertex 163 distance 26
0 528 599 163 
Vertex 164 distance 46
0 14 519 442 449 320 426 164 
Vertex 165 distance 31
0 528 344 295 486 468 485 165 
Vertex 166 distance 32
0 602 166 
Vertex 167 distance 34
0 14 519 510 200 487 50 18 167 
Vertex 168 distance 23
0 14 519 627 241 633 168 
Vertex 169 distance 35
0 169 
Vertex 170 distance 33
0 83 410 29 170 
Vertex 171 distance 49
0 14 570 577 507 458 171 
Vertex 172 distance 34
0 610 417 172 
Vertex 173 distance 33
0 528 599 299 557 173 
Vertex 174 distance 28
0 14 508 511 174 
Vertex 175 distance 30
0 610 431 608 175 
Vertex 176 distance 33
0 14 519 627 270 296 489 176 
Vertex 177 distance 38
0 14 519 442 207 539 177 
Vertex 178 distance 33
0 528 344 295 486 468 485 165 178 
Vertex 179 distance 31
0 14 519 627 241 633 168 179 
Vertex 180 distance 33
0 14 519 442 449 320 357 180 
Vertex 181 distance 38
0 14 519 442 473 618 181 
Vertex 182 distance 38
0 14 519 442 449 182 
Vertex 183 distance 33
0 610 532 39 183 
Vertex 184 distance 34
0 610 346 498 308 184 
Vertex 185 distance 42
0 610 431 453 287 292 185 
Vertex 186 distance 39
0 14 519 365 338 355 186 
Vertex 187 distance 44
0 14 519 627 270 271 340 626 303 187 
Vertex 188 distance 35
0 528 599 120 191 188 
Vertex 189 distance 34
0 14 519 627 241 633 263 259 472 506 189 
Vertex 190 distance 24
0 14 519 627 241 633 263 190 
Vertex 191 distance 33
0 528 599 120 191 
Vertex 192 distance 24
0 528 344 295 192 
Vertex 193 distance 40
0 610 431 608 175 620 193 
Vertex 194 distance 23
0 14 519 510 194 
Vertex 195 distance 33
0 83 128 300 195 
Vertex 196 distance 25
0 610 516 196 
Vertex 197 distance 27
0 610 346 498 197 
Vertex 198 distance 46
0 602 166 589 198 
Vertex 199 distance 31
0 14 570 613 199 
Vertex 200 distance 20
0 14 519 510 200 
Vertex 201 distance 32
0 14 519 442 207 343 201 
Vertex 202 distance 33
0 610 346 84 57 400 254 408 202 
Vertex 203 distance 26
0 610 431 203 
Vertex 204 distance 26
0 14 519 442 449 204 
Vertex 205 distance 41
0 83 555 205 
Vertex 206 distance 38
0 14 519 627 270 601 312 206 
Vertex 207 distance 27
0 14 519 442 207 
Vertex 208 distance 35
0 14 519 510 200 487 50 18 208 
Vertex 209 distance 43
0 14 519 510 200 487 50 18 209 
Vertex 210 distance 37
0 14 519 442 473 70 363 210 
Vertex 211 distance 35
0 610 346 84 358 211 
Vertex 212 distance 49
0 14 519 442 369 521 212 
Vertex 213 distance 41
0 14 519 573 213 
Vertex 214 distance 37
0 14 519 573 73 455 222 214 
Vertex 215 distance 44
0 14 519 510 194 61 315 451 215 
Vertex 216 distance 42
0 14 519 627 270 296 418 81 216 
Vertex 217 distance 28
0 610 431 453 380 283 217 
Vertex 218 distance 36
0 14 519 627 270 601 312 469 218 
Vertex 219 distance 36
0 610 431 219 
Vertex 220 distance 46
0 14 519 627 241 633 263 259 88 46 220 
Vertex 221 distance 52
0 14 570 577 507 221 
Vertex 222 distance 36
0 14 519 573 73 455 222 
Vertex 223 distance 33
0 610 346 84 57 400 223 
Vertex 224 distance 41
0 14 519 573 73 388 235 224 
Vertex 225 distance 52
0 602 268 257 225 
Vertex 226 distance 30
0 14 570 577 226 
Vertex 227 distance 34
0 610 431 608 466 47 227 
Vertex 228 distance 33
0 14 519 69 228 
Vertex 229 distance 35
0 14 519 510 229 
Vertex 230 distance 31
0 14 519 573 73 388 230 
Vertex 231 distance 54
0 14 508 138 231 
Vertex 232 distance 31
0 610 346 498 96 342 232 
Vertex 233 distance 30
0 14 519 627 233 
Vertex 234 distance 33
0 610 431 608 362 234 
Vertex 235 distance 34
0 14 519 573 73 388 235 
Vertex 236 distance 36
0 14 519 627 241 633 263 259 88 236 
Vertex 237 distance 43
0 169 237 
Vertex 238 distance 26
0 14 570 238 
Vertex 239 distance 27
0 634 239 
Vertex 240 distance 37
0 634 158 240 
Vertex 241 distance 14
0 14 519 627 241 
Vertex 242 distance 35
0 528 344 295 486 468 485 165 178 242 
Vertex 243 distance 34
0 14 519 442 207 343 243 
Vertex 244 distance 31
0 14 519 627 270 601 370 244 
Vertex 245 distance 27
0 610 431 203 245 
Vertex 246 distance 55
0 14 519 510 59 246 
Vertex 247 distance 27
0 14 519 365 247 
Vertex 248 distance 34
0 14 519 627 270 601 370 244 248 
Vertex 249 distance 42
0 14 519 442 449 204 249 
Vertex 250 distance 33
0 14 519 627 270 601 312 87 250 
Vertex 251 distance 45
0 610 346 498 197 628 333 297 251 
Vertex 252 distance 36
0 14 519 442 369 521 252 
Vertex 253 distance 55
0 14 519 442 569 253 
Vertex 254 distance 26
0 610 346 84 57 400 254 
Vertex 255 distance 42
0 14 519 627 241 633 255 
Vertex 256 distance 39
0 528 344 295 332 60 256 
Vertex 257 distance 42
0 602 268 257 
Vertex 258 distance 38
0 14 134 258 
Vertex 259 distance 23
0 14 519 627 241 633 263 259 
Vertex 260 distance 18
0 14 519 627 260 
Vertex 261 distance 35
0 14 519 627 260 98 261 
Vertex 262 distance 30
0 14 519 627 241 633 168 64 262 
Vertex 263 distance 22
0 14 519 627 241 633 263 
Vertex 264 distance 37
0 14 519 53 437 617 264 
Vertex 265 distance 38
0 14 519 442 449 320 426 450 265 
Vertex 266 distance 35
0 14 519 627 270 271 340 626 303 266 
Vertex 267 distance 33
0 14 570 577 507 458 267 
Vertex 268 distance 33
0 602 268 
Vertex 269 distance 28
0 83 72 269 
Vertex 270 distance 17
0 14 519 627 270 
Vertex 271 distance 22
0 14 519 627 270 271 
Vertex 272 distance 42
0 610 346 84 57 400 254 408 272 
Vertex 273 distance 41
0 14 519 627 270 296 309 273 
Vertex 274 distance 32
0 610 346 84 57 274 
Vertex 275 distance 34
0 83 125 10 341 629 275 
Vertex 276 distance 44
0 610 346 84 57 400 254 408 574 276 
Vertex 277 distance 33
0 14 519 510 194 411 277 
Vertex 278 distance 47
0 14 519 627 270 601 370 558 278 
Vertex 279 distance 45
0 610 346 580 445 279 
Vertex 280 distance 36
0 14 519 442 449 204 280 
Vertex 281 distance 38
0 610 431 203 117 281 
Vertex 282 distance 37
0 14 145 282 
Vertex 283 distance 25
0 610 431 453 380 283 
Vertex 284 distance 37
0 610 346 498 96 480 446 284 
Vertex 285 distance 40
0 14 519 510 200 487 50 18 285 
Vertex 286 distance 41
0 14 519 442 430 316 286 
Vertex 287 distance 21
0 610 431 453 287 
Vertex 288 distance 39
0 528 344 295 486 468 609 288 
Vertex 289 distance 44
0 83 125 10 341 629 275 302 289 
Vertex 290 distance 34
0 14 519 53 437 162 290 
Vertex 291 distance 38
0 14 519 573 291 
Vertex 292 distance 36
0 610 431 453 287 292 
Vertex 293 distance 44
0 528 344 295 486 468 391 293 
Vertex 294 distance 32
0 14 519 510 194 294 
Vertex 295 distance 23
0 528 344 295 
Vertex 296 distance 23
0 14 519 627 270 296 
Vertex 297 distance 39
0 610 346 498 197 628 333 297 
Vertex 298 distance 36
0 14 519 365 338 298 
Vertex 299 distance 28
0 528 599 299 
Vertex 300 distance 30
0 83 128 300 
Vertex 301 distance 38
0 83 410 301 
Vertex 302 distance 35
0 83 125 10 341 629 275 302 
Vertex 303 distance 33
0 14 519 627 270 271 340 626 303 
Vertex 304 distance 35
0 610 431 453 380 283 217 304 
Vertex 305 distance 44
0 14 519 627 241 633 263 259 305 
Vertex 306 distance 31
0 14 519 365 247 306 
Vertex 307 distance 42
0 14 570 577 226 307 
Vertex 308 distance 28
0 610 346 498 308 
Vertex 309 distance 27
0 14 519 627 270 296 309 
Vertex 310 distance 36
0 14 519 442 449 320 426 450 310 
Vertex 311 distance 53
0 610 346 580 445 279 311 
Vertex 312 distance 28
0 14 519 627 270 601 312 
Vertex 313 distance 37
0 14 519 627 260 313 
Vertex 314 distance 46
0 14 519 627 241 633 168 64 314 
Vertex 315 distance 35
0 14 519 510 194 61 315 
Vertex 316 distance 40
0 14 519 442 430 316 
Vertex 317 distance 36
0 14 519 627 270 271 340 626 303 266 317 
Vertex 318 distance 33
0 14 519 510 194 411 318 
Vertex 319 distance 54
0 610 346 84 57 400 254 408 202 319 
Vertex 320 distance 24
0 14 519 442 449 320 
Vertex 321 distance 31
0 610 346 498 197 321 
Vertex 322 distance 31
0 14 519 627 270 296 489 322 
Vertex 323 distance 38
0 14 519 627 270 601 370 330 323 
Vertex 324 distance 42
0 14 519 627 270 271 340 626 303 266 317 499 124 324 
Vertex 325 distance 41
0 14 508 511 530 325 
Vertex 326 distance 38
0 528 344 295 332 515 326 
Vertex 327 distance 44
0 14 519 442 207 343 28 595 327 
Vertex 328 distance 34
0 602 328 
Vertex 329 distance 37
0 528 344 295 486 468 485 165 178 329 
Vertex 330 distance 34
0 14 519 627 270 601 370 330 
Vertex 331 distance 42
0 528 599 299 557 90 331 
Vertex 332 distance 27
0 528 344 295 332 
Vertex 333 distance 30
0 610 346 498 197 628 333 
Vertex 334 distance 55
0 14 519 442 569 334 
Vertex 335 distance 40
0 14 144 448 335 
Vertex 336 distance 46
0 14 134 7 75 336 
Vertex 337 distance 35
0 610 346 498 337 
Vertex 338 distance 26
0 14 519 365 338 
Vertex 339 distance 43
0 610 346 498 339 
Vertex 340 distance 23
0 14 519 627 270 271 340 
Vertex 341 distance 29
0 83 125 10 341 
Vertex 342 distance 27
0 610 346 498 96 342 
Vertex 343 distance 29
0 14 519 442 207 343 
Vertex 344 distance 13
0 528 344 
Vertex 345 distance 31
0 634 421 345 
Vertex 346 distance 19
0 610 346 
Vertex 347 distance 40
0 528 599 120 347 
Vertex 348 distance 43
0 14 519 365 338 355 43 348 
Vertex 349 distance 38
0 528 344 349 
Vertex 350 distance 38
0 14 519 510 200 487 50 18 167 551 350 
Vertex 351 distance 37
0 14 519 510 194 294 351 
Vertex 352 distance 28
0 602 352 
Vertex 353 distance 55
0 14 353 
Vertex 354 distance 30
0 610 431 608 466 354 
Vertex 355 distance 31
0 14 519 365 338 355 
Vertex 356 distance 60
0 14 519 442 430 316 356 
Vertex 357 distance 29
0 14 519 442 449 320 357 
Vertex 358 distance 32
0 610 346 84 358 
Vertex 359 distance 33
0 14 508 511 359 
Vertex 360 distance 42
0 14 519 365 247 141 360 
Vertex 361 distance 31
0 14 519 510 59 361 
Vertex 362 distance 27
0 610 431 608 362 
Vertex 363 distance 34
0 14 519 442 473 70 363 
Vertex 364 distance 39
0 14 519 627 260 98 364 
Vertex 365 distance 25
0 14 519 365 
Vertex 366 distance 32
0 14 519 442 449 204 66 366 
Vertex 367 distance 36
0 14 519 510 200 367 
Vertex 368 distance 42
0 83 125 379 368 
Vertex 369 distance 34
0 14 519 442 369 
Vertex 370 distance 30
0 14 519 627 270 601 370 
Vertex 371 distance 36
0 14 519 627 241 633 263 259 472 420 371 
Vertex 372 distance 31
0 14 519 442 207 343 372 
Vertex 373 distance 42
0 14 508 511 174 578 104 373 
Vertex 374 distance 42
0 14 519 627 233 575 387 374 
Vertex 375 distance 42
0 610 346 498 308 184 375 
Vertex 376 distance 44
0 634 421 491 376 
Vertex 377 distance 30
0 610 417 377 
Vertex 378 distance 30
0 610 431 453 380 283 378 
Vertex 379 distance 25
0 83 125 379 
Vertex 380 distance 22
0 610 431 453 380 
Vertex 381 distance 37
0 83 410 29 381 
Vertex 382 distance 41
0 14 519 627 270 601 424 382 
Vertex 383 distance 30
0 610 417 383 
Vertex 384 distance 32
0 528 344 295 486 468 609 384 
Vertex 385 distance 46
0 528 344 295 486 605 385 
Vertex 386 distance 35
0 610 346 84 57 400 254 408 386 
Vertex 387 distance 35
0 14 519 627 233 575 387 
Vertex 388 distance 29
0 14 519 573 73 388 
Vertex 389 distance 48
0 634 239 155 79 389 
Vertex 390 distance 44
0 610 346 498 529 405 9 390 
Vertex 391 distance 43
0 528 344 295 486 468 391 
Vertex 392 distance 34
0 14 519 627 270 392 
Vertex 393 distance 37
0 610 417 383 393 
Vertex 394 distance 35
0 14 519 442 449 204 66 588 394 
Vertex 395 distance 33
0 14 41 395 
Vertex 396 distance 38
0 14 41 396 
Vertex 397 distance 31
0 14 519 627 241 633 168 397 
Vertex 398 distance 30
0 14 519 442 473 525 419 398 
Vertex 399 distance 30
0 14 519 627 241 633 168 399 
Vertex 400 distance 25
0 610 346 84 57 400 
Vertex 401 distance 31
0 610 431 453 380 283 378 401 
Vertex 402 distance 44
0 610 431 608 402 
Vertex 403 distance 44
0 14 519 442 207 58 403 
Vertex 404 distance 43
0 83 410 29 101 404 
Vertex 405 distance 33
0 610 346 498 529 405 
Vertex 406 distance 37
0 14 519 627 270 296 489 406 
Vertex 407 distance 39
0 407 
Vertex 408 distance 27
0 610 346 84 57 400 254 408 
Vertex 409 distance 35
0 14 519 627 270 601 409 
Vertex 410 distance 23
0 83 410 
Vertex 411 distance 27
0 14 519 510 194 411 
Vertex 412 distance 45
0 14 519 627 241 412 
Vertex 413 distance 38
0 14 508 511 594 413 
Vertex 414 distance 29
0 610 346 84 57 400 254 408 414 
Vertex 415 distance 43
0 610 346 498 197 157 36 415 
Vertex 416 distance 35
0 602 268 416 
Vertex 417 distance 29
0 610 417 
Vertex 418 distance 25
0 14 519 627 270 296 418 
Vertex 419 distance 28
0 14 519 442 473 525 419 
Vertex 420 distance 28
0 14 519 627 241 633 263 259 472 420 
Vertex 421 distance 27
0 634 421 
Vertex 422 distance 45
0 610 346 84 57 400 254 408 414 422 
Vertex 423 distance 46
0 602 268 416 423 
Vertex 424 distance 26
0 14 519 627 270 601 424 
Vertex 425 distance 40
0 14 519 627 241 425 
Vertex 426 distance 25
0 14 519 442 449 320 426 
Vertex 427 distance 37
0 610 516 427 
Vertex 428 distance 39
0 14 519 627 260 444 113 428 
Vertex 429 distance 32
0 14 519 69 429 
Vertex 430 distance 30
0 14 519 442 430 
Vertex 431 distance 16
0 610 431 
Vertex 432 distance 30
0 14 570 613 432 
Vertex 433 distance 35
0 610 346 84 57 274 433 
Vertex 434 distance 35
0 610 431 453 380 49 564 434 
Vertex 435 distance 30
0 14 519 442 435 
Vertex 436 distance 31
0 14 519 627 270 271 102 436 
Vertex 437 distance 20
0 14 519 53 437 
Vertex 438 distance 34
0 14 519 442 473 525 438 
Vertex 439 distance 39
0 14 519 627 241 633 263 259 472 506 439 
Vertex 440 distance 34
0 83 125 10 440 
Vertex 441 distance 44
0 14 519 627 270 601 424 382 441 
Vertex 442 distance 12
0 14 519 442 
Vertex 443 distance 39
0 14 519 627 241 633 168 443 
Vertex 444 distance 28
0 14 519 627 260 444 
Vertex 445 distance 32
0 610 346 580 445 
Vertex 446 distance 35
0 610 346 498 96 480 446 
Vertex 447 distance 37
0 610 346 498 197 447 
Vertex 448 distance 33
0 14 144 448 
Vertex 449 distance 18
0 14 519 442 449 
Vertex 450 distance 32
0 14 519 442 449 320 426 450 
Vertex 451 distance 38
0 14 519 510 194 61 315 451 
Vertex 452 distance 38
0 610 346 498 96 342 452 
Vertex 453 distance 19
0 610 431 453 
Vertex 454 distance 48
0 407 454 
Vertex 455 distance 32
0 14 519 573 73 455 
Vertex 456 distance 45
0 14 519 627 270 601 370 244 248 456 
Vertex 457 distance 38
0 610 431 453 380 546 457 
Vertex 458 distance 31
0 14 570 577 507 458 
Vertex 459 distance 45
0 14 508 511 594 413 459 
Vertex 460 distance 16
0 528 344 11 460 
Vertex 461 distance 34
0 528 344 295 461 
Vertex 462 distance 39
0 634 467 462 
Vertex 463 distance 32
0 610 346 498 197 628 476 463 
Vertex 464 distance 42
0 610 346 84 57 400 254 408 414 470 464 
Vertex 465 distance 50
0 14 519 442 207 343 28 595 327 465 
Vertex 466 distance 19
0 610 431 608 466 
Vertex 467 distance 29
0 634 467 
Vertex 468 distance 26
0 528 344 295 486 468 
Vertex 469 distance 32
0 14 519 627 270 601 312 469 
Vertex 470 distance 30
0 610 346 84 57 400 254 408 414 470 
Vertex 471 distance 32
0 634 471 
Vertex 472 distance 27
0 14 519 627 241 633 263 259 472 
Vertex 473 distance 16
0 14 519 442 473 
Vertex 474 distance 38
0 14 519 510 200 367 474 
Vertex 475 distance 27
0 610 346 84 57 400 254 475 
Vertex 476 distance 30
0 610 346 498 197 628 476 
Vertex 477 distance 34
0 83 410 29 170 477 
Vertex 478 distance 38
0 14 519 573 73 455 632 478 
Vertex 479 distance 42
0 602 328 479 
Vertex 480 distance 27
0 610 346 498 96 480 
Vertex 481 distance 63
0 14 519 627 270 271 340 481 
Vertex 482 distance 28
0 528 482 
Vertex 483 distance 34
0 602 268 483 
Vertex 484 distance 45
0 169 237 484 
Vertex 485 distance 29
0 528 344 295 486 468 485 
Vertex 486 distance 24
0 528 344 295 486 
Vertex 487 distance 28
0 14 519 510 200 487 
Vertex 488 distance 39
0 610 431 453 380 546 488 
Vertex 489 distance 28
0 14 519 627 270 296 489 
Vertex 490 distance 57
0 14 145 531 490 
Vertex 491 distance 32
0 634 421 491 
Vertex 492 distance 40
0 610 431 608 362 234 492 
Vertex 493 distance 35
0 83 555 493 
Vertex 494 distance 57
0 14 519 573 73 388 494 
Vertex 495 distance 46
0 14 519 53 437 617 495 
Vertex 496 distance 38
0 14 519 627 270 296 496 
Vertex 497 distance 53
0 610 532 623 497 
Vertex 498 distance 21
0 610 346 498 
Vertex 499 distance 38
0 14 519 627 270 271 340 626 303 266 317 499 
Vertex 500 distance 36
0 14 519 627 270 601 409 500 
Vertex 501 distance 36
0 83 410 501 
Vertex 502 distance 40
0 14 519 442 207 58 502 
Vertex 503 distance 41
0 610 431 453 380 503 
Vertex 504 distance 44
0 14 519 442 449 320 426 450 310 504 
Vertex 505 distance 37
0 528 344 295 94 505 
Vertex 506 distance 32
0 14 519 627 241 633 263 259 472 506 
Vertex 507 distance 29
0 14 570 577 507 
Vertex 508 distance 11
0 14 508 
Vertex 509 distance 36
0 610 417 377 509 
Vertex 510 distance 18
0 14 519 510 
Vertex 511 distance 23
0 14 508 511 
Vertex 512 distance 40
0 14 570 577 507 636 512 
Vertex 513 distance 32
0 634 421 513 
Vertex 514 distance 38
0 14 519 442 449 320 426 514 
Vertex 515 distance 30
0 528 344 295 332 515 
Vertex 516 distance 16
0 610 516 
Vertex 517 distance 52
0 602 268 483 517 
Vertex 518 distance 28
0 610 346 498 529 518 
Vertex 519 distance 11
0 14 519 
Vertex 520 distance 39
0 14 519 510 194 411 277 520 
Vertex 521 distance 35
0 14 519 442 369 521 
Vertex 522 distance 47
0 83 125 10 341 522 
Vertex 523 distance 29
0 610 431 608 362 523 
Vertex 524 distance 27
0 14 519 365 524 
Vertex 525 distance 23
0 14 519 442 473 525 
Vertex 526 distance 39
0 83 128 300 195 526 
Vertex 527 distance 35
0 14 519 627 270 271 340 527 
Vertex 528 distance 10
0 528 
Vertex 529 distance 26
0 610 346 498 529 
Vertex 530 distance 38
0 14 508 511 530 
Vertex 531 distance 48
0 14 145 531 
Vertex 532 distance 27
0 610 532 
Vertex 533 distance 41
0 14 519 627 241 633 168 399 533 
Vertex 534 distance 43
0 14 519 627 270 296 309 273 534 
Vertex 535 distance 32
0 528 344 295 332 535 
Vertex 536 distance 40
0 14 519 627 260 98 364 536 
Vertex 537 distance 34
0 14 519 442 449 204 66 366 537 
Vertex 538 distance 34
0 610 346 84 57 400 254 475 538 
Vertex 539 distance 37
0 14 519 442 207 539 
Vertex 540 distance 38
0 14 519 627 241 633 263 190 156 540 
Vertex 541 distance 37
0 14 519 627 270 296 418 541 
Vertex 542 distance 34
0 14 519 69 542 
Vertex 543 distance 47
0 14 519 627 241 633 263 259 472 420 371 543 
Vertex 544 distance 29
0 610 431 453 380 283 544 
Vertex 545 distance 56
0 610 346 580 445 279 311 545 
Vertex 546 distance 27
0 610 431 453 380 546 
Vertex 547 distance 33
0 14 519 442 473 618 547 
Vertex 548 distance 42
0 83 555 493 548 
Vertex 549 distance 30
0 528 482 549 
Vertex 550 distance 26
0 14 519 627 270 601 550 
Vertex 551 distance 37
0 14 519 510 200 487 50 18 167 551 
Vertex 552 distance 31
0 83 125 10 552 
Vertex 553 distance 35
0 14 41 27 553 
Vertex 554 distance 51
0 610 431 608 554 
Vertex 555 distance 33
0 83 555 
Vertex 556 distance 32
0 14 519 627 260 556 
Vertex 557 distance 29
0 528 599 299 557 
Vertex 558 distance 37
0 14 519 627 270 601 370 558 
Vertex 559 distance 32
0 14 519 627 241 633 168 397 559 
Vertex 560 distance 44
0 14 519 627 270 601 312 87 250 560 
Vertex 561 distance 33
0 610 431 608 175 620 561 
Vertex 562 distance 39
0 610 431 203 245 4 562 
Vertex 563 distance 40
0 14 519 442 449 563 
Vertex 564 distance 26
0 610 431 453 380 49 564 
Vertex 565 distance 37
0 14 519 627 270 296 309 565 
Vertex 566 distance 47
0 14 519 510 200 367 474 566 
Vertex 567 distance 34
0 610 431 453 380 283 217 567 
Vertex 568 distance 37
0 14 519 627 241 633 168 64 568 
Vertex 569 distance 23
0 14 519 442 569 
Vertex 570 distance 25
0 14 570 
Vertex 571 distance 37
0 14 519 627 270 601 370 330 571 
Vertex 572 distance 42
0 14 508 511 530 325 572 
Vertex 573 distance 23
0 14 519 573 
Vertex 574 distance 30
0 610 346 84 57 400 254 408 574 
Vertex 575 distance 31
0 14 519 627 233 575 
Vertex 576 distance 54
0 610 346 84 86 576 
Vertex 577 distance 26
0 14 570 577 
Vertex 578 distance 35
0 14 508 511 174 578 
Vertex 579 distance 60
0 528 344 11 460 579 
Vertex 580 distance 21
0 610 346 580 
Vertex 581 distance 38
0 610 346 498 197 628 476 463 581 
Vertex 582 distance 50
0 610 346 84 57 400 223 582 
Vertex 583 distance 46
0 610 431 608 362 234 583 
Vertex 584 distance 31
0 14 519 442 569 584 
Vertex 585 distance 36
0 14 519 627 241 633 263 259 472 506 189 585 
Vertex 586 distance 41
0 14 519 442 207 539 177 586 
Vertex 587 distance 41
0 14 519 627 241 633 263 259 88 587 
Vertex 588 distance 30
0 14 519 442 449 204 66 588 
Vertex 589 distance 33
0 602 166 589 
Vertex 590 distance 31
0 83 590 
Vertex 591 distance 34
0 14 519 442 591 
Vertex 592 distance 41
0 14 519 365 247 141 592 
Vertex 593 distance 37
0 14 519 510 200 487 50 18 593 
Vertex 594 distance 35
0 14 508 511 594 
Vertex 595 distance 40
0 14 519 442 207 343 28 595 
Vertex 596 distance 42
0 14 519 510 637 122 596 
Vertex 597 distance 39
0 610 346 84 57 400 254 408 574 597 
Vertex 598 distance 49
0 14 519 442 430 316 598 
Vertex 599 distance 24
0 528 599 
Vertex 600 distance 33
0 14 519 627 260 600 
Vertex 601 distance 25
0 14 519 627 270 601 
Vertex 602 distance 23
0 602 
Vertex 603 distance 54
0 528 482 603 
Vertex 604 distance 38
0 610 431 453 287 292 604 
Vertex 605 distance 25
0 528 344 295 486 605 
Vertex 606 distance 43
0 610 431 453 380 546 606 
Vertex 607 distance 41
0 14 145 607 
Vertex 608 distance 18
0 610 431 608 
Vertex 609 distance 29
0 528 344 295 486 468 609 
Vertex 610 distance 14
0 610 
Vertex 611 distance 18
0 610 516 611 
Vertex 612 distance 35
0 14 519 365 338 612 
Vertex 613 distance 29
0 14 570 613 
Vertex 614 distance 37
0 528 599 163 614 
Vertex 615 distance 31
0 610 346 498 197 628 333 615 
Vertex 616 distance 43
0 610 346 84 57 400 254 408 574 597 616 
Vertex 617 distance 26
0 14 519 53 437 617 
Vertex 618 distance 24
0 14 519 442 473 618 
Vertex 619 distance 44
0 14 144 82 619 
Vertex 620 distance 31
0 610 431 608 175 620 
Vertex 621 distance 42
0 528 344 295 486 468 485 165 178 242 621 
Vertex 622 distance 43
0 528 599 120 347 622 
Vertex 623 distance 35
0 610 532 623 
Vertex 624 distance 38
0 610 532 39 624 
Vertex 625 distance 45
0 610 346 498 197 628 476 463 581 625 
Vertex 626 distance 24
0 14 519 627 270 271 340 626 
Vertex 627 distance 13
0 14 519 627 
Vertex 628 distance 28
0 610 346 498 197 628 
Vertex 629 distance 30
0 83 125 10 341 629 
Vertex 630 distance 48
0 610 532 623 630 
Vertex 631 distance 34
0 610 346 84 57 400 254 408 414 631 
Vertex 632 distance 33
0 14 519 573 73 455 632 
Vertex 633 distance 19
0 14 519 627 241 633 
Vertex 634 distance 22
0 634 
Vertex 635 distance 39
0 610 346 84 57 400 254 475 635 
Vertex 636 distance 39
0 14 570 577 507 636 
Vertex 637 distance 36
0 14 519 510 637 
Vertex 638 distance 43
0 14 519 510 637 122 596 638 
Vertex 639 distance 44
0 14 519 627 270 601 370 558 639 
