Vertex 0 distance 0
0 0 
Vertex 1 distance 14
0 126 368 328 288 150 1 
Vertex 2 distance 14
0 447 2 
Vertex 3 distance 24
0 126 471 236 517 331 193 3 
Vertex 4 distance 21
0 126 368 123 452 198 61 4 
Vertex 5 distance 17
0 126 368 328 127 174 5 
Vertex 6 distance 18
0 571 241 279 586 323 356 6 
Vertex 7 distance 12
0 126 368 328 127 519 170 7 
Vertex 8 distance 14
0 571 241 309 8 
Vertex 9 distance 18
0 300 617 142 435 9 
Vertex 10 distance 15
0 447 10 
Vertex 11 distance 17
0 571 241 309 509 78 11 
Vertex 12 distance 9
0 126 471 12 
Vertex 13 distance 17
0 571 241 279 586 546 13 
Vertex 14 distance 20
0 126 471 12 269 50 214 364 14 
Vertex 15 distance 22
0 300 617 636 15 
Vertex 16 distance 20
0 447 281 25 16 
Vertex 17 distance 12
0 571 241 309 509 17 
Vertex 18 distance 19
0 571 241 279 154 18 
Vertex 19 distance 18
0 126 368 328 288 19 
Vertex 20 distance 19
0 126 471 259 456 128 94 20 
Vertex 21 distance 18
0 300 617 609 103 360 477 533 21 
Vertex 22 distance 16
0 300 617 142 22 
Vertex 23 distance 9
0 187 179 23 
Vertex 24 distance 12
0 24 
Vertex 25 distance 18
0 447 281 25 
Vertex 26 distance 14
0 126 368 328 106 26 
Vertex 27 distance 11
0 571 27 
Vertex 28 distance 28
0 126 368 491 346 137 436 28 
Vertex 29 distance 19
0 571 241 279 432 582 29 
Vertex 30 distance 16
0 126 471 236 517 30 
Vertex 31 distance 16
0 300 617 609 572 340 31 
Vertex 32 distance 18
0 559 359 271 32 
Vertex 33 distance 21
0 126 471 12 269 70 67 256 386 33 
Vertex 34 distance 14
0 571 515 62 34 
Vertex 35 distance 18
0 571 241 279 586 570 190 35 
Vertex 36 distance 19
0 126 471 259 456 128 94 36 
Vertex 37 distance 26
0 447 161 185 286 37 
Vertex 38 distance 18
0 126 368 328 106 26 564 38 
Vertex 39 distance 16
0 126 368 328 362 295 39 
Vertex 40 distance 20
0 126 368 328 615 480 80 601 40 
Vertex 41 distance 16
0 571 241 279 586 421 41 
Vertex 42 distance 17
0 300 617 429 42 
Vertex 43 distance 22
0 571 241 309 509 526 152 43 
Vertex 44 distance 16
0 300 408 110 44 
Vertex 45 distance 16
0 126 471 92 45 
Vertex 46 distance 16
0 187 179 632 46 
Vertex 47 distance 15
0 187 266 474 233 47 
Vertex 48 distance 18
0 571 241 48 
Vertex 49 distance 15
0 126 368 123 452 49 
Vertex 50 distance 13
0 126 471 12 269 50 
Vertex 51 distance 17
0 571 241 279 586 421 41 51 
Vertex 52 distance 17
0 571 241 119 433 52 
Vertex 53 distance 19
0 447 2 594 53 
Vertex 54 distance 12
0 300 617 142 54 
Vertex 55 distance 24
0 187 266 330 563 476 55 
Vertex 56 distance 11
0 187 56 
Vertex 57 distance 15
0 300 617 609 103 591 57 
Vertex 58 distance 18
0 187 149 639 68 160 58 
Vertex 59 distance 23
0 126 471 12 417 211 606 423 59 
Vertex 60 distance 21
0 126 368 328 115 353 60 
Vertex 61 distance 18
0 126 368 123 452 198 61 
Vertex 62 distance 12
0 571 515 62 
Vertex 63 distance 17
0 571 241 279 605 63 
Vertex 64 distance 20
0 187 179 23 377 385 181 64 
Vertex 65 distance 11
0 300 617 609 103 360 65 
Vertex 66 distance 14
0 126 368 328 362 66 
Vertex 67 distance 12
0 126 471 12 269 70 67 
Vertex 68 distance 13
0 187 149 639 68 
Vertex 69 distance 17
0 126 368 123 452 198 69 
Vertex 70 distance 11
0 126 471 12 269 70 
Vertex 71 distance 16
0 571 241 309 509 17 71 
Vertex 72 distance 18
0 571 515 62 361 72 
Vertex 73 distance 20
0 126 368 328 127 519 73 
Vertex 74 distance 21
0 571 27 493 74 
Vertex 75 distance 12
0 126 368 491 346 75 
Vertex 76 distance 20
0 126 368 491 209 76 
Vertex 77 distance 15
0 571 241 279 586 421 77 
Vertex 78 distance 15
0 571 241 309 509 78 
Vertex 79 distance 23
0 126 368 491 209 79 
Vertex 80 distance 15
0 126 368 328 615 480 80 
Vertex 81 distance 18
0 300 617 609 572 528 213 81 
Vertex 82 distance 13
0 571 241 82 
Vertex 83 distance 19
0 187 179 555 514 83 
Vertex 84 distance 11
0 126 368 328 84 
Vertex 85 distance 17
0 126 368 328 288 86 85 
Vertex 86 distance 13
0 126 368 328 288 86 
Vertex 87 distance 18
0 126 471 12 269 293 265 391 87 
Vertex 88 distance 16
0 126 368 123 452 88 
Vertex 89 distance 16
0 187 266 330 563 89 
Vertex 90 distance 15
0 571 241 309 509 441 90 
Vertex 91 distance 20
0 300 617 609 572 528 325 91 
Vertex 92 distance 15
0 126 471 92 
Vertex 93 distance 22
0 126 368 491 176 93 
Vertex 94 distance 13
0 126 471 259 456 128 94 
Vertex 95 distance 17
0 187 266 474 434 95 
Vertex 96 distance 15
0 126 471 12 269 70 623 96 
Vertex 97 distance 21
0 571 241 279 586 97 
Vertex 98 distance 16
0 300 617 142 428 98 
Vertex 99 distance 16
0 300 617 609 402 99 
Vertex 100 distance 13
0 126 368 491 209 100 
Vertex 101 distance 15
0 571 101 
Vertex 102 distance 14
0 126 368 328 362 112 102 
Vertex 103 distance 9
0 300 617 609 103 
Vertex 104 distance 14
0 126 368 328 115 104 
Vertex 105 distance 22
0 126 368 123 452 88 105 
Vertex 106 distance 10
0 126 368 328 106 
Vertex 107 distance 22
0 126 471 259 456 128 600 497 107 
Vertex 108 distance 17
0 126 471 259 456 128 94 108 
Vertex 109 distance 16
0 571 241 279 586 546 109 
Vertex 110 distance 10
0 300 408 110 
Vertex 111 distance 16
0 126 368 491 346 75 111 
Vertex 112 distance 12
0 126 368 328 362 112 
Vertex 113 distance 17
0 571 241 279 586 421 41 113 
Vertex 114 distance 21
0 571 241 279 154 18 114 
Vertex 115 distance 9
0 126 368 328 115 
Vertex 116 distance 19
0 126 368 328 362 577 116 
Vertex 117 distance 20
0 126 368 328 115 104 117 
Vertex 118 distance 16
0 300 617 159 118 
Vertex 119 distance 11
0 571 241 119 
Vertex 120 distance 21
0 571 27 493 306 120 
Vertex 121 distance 17
0 126 368 328 127 519 170 121 
Vertex 122 distance 20
0 24 122 
Vertex 123 distance 8
0 126 368 123 
Vertex 124 distance 18
0 126 368 328 127 519 367 124 
Vertex 125 distance 25
0 126 368 328 115 104 125 
Vertex 126 distance 4
0 126 
Vertex 127 distance 9
0 126 368 328 127 
Vertex 128 distance 12
0 126 471 259 456 128 
Vertex 129 distance 13
0 300 408 110 621 129 
Vertex 130 distance 18
0 126 368 491 346 137 436 130 
Vertex 131 distance 21
0 300 617 609 402 99 182 131 
Vertex 132 distance 16
0 126 368 328 362 577 132 
Vertex 133 distance 19
0 126 368 328 115 104 133 
Vertex 134 distance 13
0 300 617 142 54 134 
Vertex 135 distance 16
0 126 368 328 288 86 135 
Vertex 136 distance 14
0 571 241 279 586 421 136 
Vertex 137 distance 13
0 126 368 491 346 137 
Vertex 138 distance 14
0 126 368 328 106 138 
Vertex 139 distance 20
0 571 241 626 139 
Vertex 140 distance 19
0 571 515 62 34 140 
Vertex 141 distance 17
0 126 368 328 127 519 576 141 
Vertex 142 distance 8
0 300 617 142 
Vertex 143 distance 16
0 126 368 328 362 577 522 143 
Vertex 144 distance 20
0 126 368 328 115 104 343 144 
Vertex 145 distance 14
0 571 241 279 432 499 145 
Vertex 146 distance 18
0 126 368 146 
Vertex 147 distance 18
0 126 471 12 269 338 206 147 
Vertex 148 distance 23
0 126 368 491 346 372 148 
Vertex 149 distance 8
0 187 149 
Vertex 150 distance 13
0 126 368 328 288 150 
Vertex 151 distance 23
0 126 368 328 362 151 
Vertex 152 distance 21
0 571 241 309 509 526 152 
Vertex 153 distance 16
0 126 368 328 106 153 
Vertex 154 distance 16
0 571 241 279 154 
Vertex 155 distance 19
0 126 368 328 288 150 1 155 
Vertex 156 distance 14
0 300 617 429 156 
Vertex 157 distance 20
0 126 368 491 346 75 389 157 
Vertex 158 distance 15
0 126 368 328 158 
Vertex 159 distance 13
0 300 617 159 
Vertex 160 distance 17
0 187 149 639 68 160 
Vertex 161 distance 13
0 447 161 
Vertex 162 distance 16
0 300 408 395 162 
Vertex 163 distance 13
0 187 149 631 163 
Vertex 164 distance 21
0 126 368 328 288 150 363 164 
Vertex 165 distance 18
0 126 471 236 517 165 
Vertex 166 distance 20
0 462 166 
Vertex 167 distance 21
0 571 241 309 509 526 167 
Vertex 168 distance 13
0 168 
Vertex 169 distance 16
0 447 281 169 
Vertex 170 distance 11
0 126 368 328 127 519 170 
Vertex 171 distance 22
0 571 515 62 34 171 
Vertex 172 distance 15
0 571 454 172 
Vertex 173 distance 16
0 187 266 474 173 
Vertex 174 distance 14
0 126 368 328 127 174 
Vertex 175 distance 17
0 571 27 493 175 
Vertex 176 distance 13
0 126 368 491 176 
Vertex 177 distance 15
0 187 149 639 68 177 
Vertex 178 distance 22
0 126 368 328 127 519 576 255 178 
Vertex 179 distance 8
0 187 179 
Vertex 180 distance 14
0 24 180 
Vertex 181 distance 19
0 187 179 23 377 385 181 
Vertex 182 distance 18
0 300 617 609 402 99 182 
Vertex 183 distance 14
0 126 368 328 127 519 170 7 183 
Vertex 184 distance 21
0 571 241 279 313 184 
Vertex 185 distance 15
0 447 161 185 
Vertex 186 distance 18
0 571 241 279 605 186 
Vertex 187 distance 4
0 187 
Vertex 188 distance 21
0 126 368 328 84 347 345 188 
Vertex 189 distance 20
0 300 617 429 505 189 
Vertex 190 distance 17
0 571 241 279 586 570 190 
Vertex 191 distance 19
0 300 617 609 103 294 191 
Vertex 192 distance 16
0 126 368 491 346 75 389 192 
Vertex 193 distance 17
0 126 471 236 517 331 193 
Vertex 194 distance 16
0 126 368 491 176 194 
Vertex 195 distance 21
0 300 408 110 381 195 
Vertex 196 distance 16
0 571 454 172 196 
Vertex 197 distance 18
0 126 368 491 346 197 
Vertex 198 distance 14
0 126 368 123 452 198 
Vertex 199 distance 15
0 126 471 12 417 534 199 
Vertex 200 distance 23
0 126 368 328 288 86 200 
Vertex 201 distance 13
0 187 56 201 
Vertex 202 distance 17
0 126 471 92 618 202 
Vertex 203 distance 14
0 187 179 632 203 
Vertex 204 distance 17
0 126 368 491 176 194 204 
Vertex 205 distance 17
0 571 241 279 586 421 205 
Vertex 206 distance 15
0 126 471 12 269 338 206 
Vertex 207 distance 15
0 571 241 309 509 17 630 207 
Vertex 208 distance 17
0 300 617 609 402 352 208 
Vertex 209 distance 11
0 126 368 491 209 
Vertex 210 distance 18
0 571 241 279 432 499 145 210 
Vertex 211 distance 14
0 126 471 12 417 211 
Vertex 212 distance 13
0 300 617 142 54 212 
Vertex 213 distance 16
0 300 617 609 572 528 213 
Vertex 214 distance 15
0 126 471 12 269 50 214 
Vertex 215 distance 18
0 571 241 309 509 17 215 
Vertex 216 distance 16
0 126 368 491 176 216 
Vertex 217 distance 18
0 447 2 217 
Vertex 218 distance 14
0 559 218 
Vertex 219 distance 22
0 126 368 123 452 198 69 278 607 219 
Vertex 220 distance 18
0 126 368 491 346 75 111 220 
Vertex 221 distance 15
0 571 241 309 8 221 
Vertex 222 distance 19
0 187 179 555 268 222 
Vertex 223 distance 18
0 300 617 609 572 223 
Vertex 224 distance 15
0 126 368 328 84 347 345 224 
Vertex 225 distance 20
0 300 617 609 225 
Vertex 226 distance 18
0 447 281 169 535 226 
Vertex 227 distance 13
0 187 266 474 233 227 
Vertex 228 distance 14
0 300 408 110 621 129 228 
Vertex 229 distance 15
0 126 368 328 127 519 170 229 
Vertex 230 distance 19
0 187 179 632 230 
Vertex 231 distance 17
0 571 241 279 432 231 
Vertex 232 distance 21
0 187 56 304 457 232 
Vertex 233 distance 12
0 187 266 474 233 
Vertex 234 distance 19
0 126 368 328 362 112 569 344 234 
Vertex 235 distance 15
0 300 617 142 54 235 
Vertex 236 distance 10
0 126 471 236 
Vertex 237 distance 16
0 571 241 119 237 
Vertex 238 distance 14
0 126 471 259 456 238 
Vertex 239 distance 15
0 126 368 491 209 100 239 
Vertex 240 distance 17
0 571 241 309 509 78 240 
Vertex 241 distance 7
0 571 241 
Vertex 242 distance 18
0 447 2 594 319 242 
Vertex 243 distance 18
0 126 368 328 362 66 611 243 
Vertex 244 distance 16
0 126 368 328 362 112 102 244 
Vertex 245 distance 14
0 571 241 279 432 499 245 
Vertex 246 distance 20
0 187 179 246 
Vertex 247 distance 18
0 571 241 309 509 78 11 247 
Vertex 248 distance 15
0 126 368 328 115 248 
Vertex 249 distance 22
0 300 617 142 428 98 249 
Vertex 250 distance 15
0 126 471 12 269 338 250 
Vertex 251 distance 20
0 571 241 348 251 
Vertex 252 distance 20
0 571 241 309 509 78 252 
Vertex 253 distance 15
0 126 368 253 
Vertex 254 distance 16
0 126 368 328 84 638 254 
Vertex 255 distance 13
0 126 368 328 127 519 576 255 
Vertex 256 distance 13
0 126 471 12 269 70 67 256 
Vertex 257 distance 17
0 300 617 142 428 98 257 
Vertex 258 distance 17
0 300 617 142 428 264 258 
Vertex 259 distance 8
0 126 471 259 
Vertex 260 distance 14
0 126 471 259 456 128 94 260 
Vertex 261 distance 20
0 447 2 594 319 242 261 
Vertex 262 distance 20
0 300 617 609 103 591 57 567 262 
Vertex 263 distance 19
0 300 617 142 435 263 
Vertex 264 distance 16
0 300 617 142 428 264 
Vertex 265 distance 13
0 126 471 12 269 293 265 
Vertex 266 distance 6
0 187 266 
Vertex 267 distance 22
0 187 267 
Vertex 268 distance 14
0 187 179 555 268 
Vertex 269 distance 10
0 126 471 12 269 
Vertex 270 distance 17
0 300 617 609 103 591 270 
Vertex 271 distance 16
0 559 359 271 
Vertex 272 distance 19
0 126 368 328 362 66 611 272 
Vertex 273 distance 15
0 187 179 555 514 273 
Vertex 274 distance 16
0 571 241 279 432 274 
Vertex 275 distance 16
0 300 617 609 103 360 477 275 
Vertex 276 distance 19
0 187 179 555 268 276 
Vertex 277 distance 20
0 126 368 328 362 295 483 277 
Vertex 278 distance 20
0 126 368 123 452 198 69 278 
Vertex 279 distance 10
0 571 241 279 
Vertex 280 distance 20
0 187 179 555 573 537 280 
Vertex 281 distance 15
0 447 281 
Vertex 282 distance 23
0 126 471 12 417 534 199 409 282 
Vertex 283 distance 25
0 300 617 609 103 591 57 567 283 
Vertex 284 distance 14
0 571 241 279 432 499 284 
Vertex 285 distance 21
0 571 241 309 589 285 
Vertex 286 distance 17
0 447 161 185 286 
Vertex 287 distance 13
0 300 617 609 103 360 65 287 
Vertex 288 distance 10
0 126 368 328 288 
Vertex 289 distance 16
0 187 179 555 514 273 289 
Vertex 290 distance 21
0 126 368 328 127 519 170 298 620 290 
Vertex 291 distance 14
0 300 617 609 291 
Vertex 292 distance 17
0 126 368 328 127 292 
Vertex 293 distance 11
0 126 471 12 269 293 
Vertex 294 distance 12
0 300 617 609 103 294 
Vertex 295 distance 15
0 126 368 328 362 295 
Vertex 296 distance 15
0 126 471 12 417 296 
Vertex 297 distance 19
0 571 454 172 196 297 
Vertex 298 distance 12
0 126 368 328 127 519 170 298 
Vertex 299 distance 14
0 126 368 328 362 299 
Vertex 300 distance 4
0 300 
Vertex 301 distance 18
0 126 368 328 288 301 
Vertex 302 distance 20
0 126 471 12 269 338 250 302 
Vertex 303 distance 15
0 126 368 491 303 
Vertex 304 distance 14
0 187 56 304 
Vertex 305 distance 17
0 300 617 429 156 305 
Vertex 306 distance 19
0 571 27 493 306 
Vertex 307 distance 16
0 300 408 110 621 129 228 307 
Vertex 308 distance 17
0 187 266 330 563 308 
Vertex 309 distance 9
0 571 241 309 
Vertex 310 distance 20
0 126 471 236 517 331 193 310 
Vertex 311 distance 17
0 126 471 259 456 128 94 260 311 
Vertex 312 distance 16
0 126 368 123 452 49 312 
Vertex 313 distance 15
0 571 241 279 313 
Vertex 314 distance 22
0 571 241 348 588 314 
Vertex 315 distance 17
0 187 266 474 233 47 315 
Vertex 316 distance 22
0 571 241 279 432 231 316 
Vertex 317 distance 16
0 300 617 609 402 317 
Vertex 318 distance 21
0 126 368 328 362 66 397 318 
Vertex 319 distance 17
0 447 2 594 319 
Vertex 320 distance 17
0 300 617 609 103 591 498 320 
Vertex 321 distance 14
0 559 321 
Vertex 322 distance 23
0 447 281 169 322 
Vertex 323 distance 14
0 571 241 279 586 323 
Vertex 324 distance 14
0 447 161 324 
Vertex 325 distance 18
0 300 617 609 572 528 325 
Vertex 326 distance 18
0 571 515 62 34 326 
Vertex 327 distance 18
0 126 471 92 618 202 327 
Vertex 328 distance 8
0 126 368 328 
Vertex 329 distance 15
0 126 368 328 127 519 170 7 183 329 
Vertex 330 distance 8
0 187 266 330 
Vertex 331 distance 16
0 126 471 236 517 331 
Vertex 332 distance 17
0 187 149 631 520 561 332 
Vertex 333 distance 17
0 126 368 328 115 333 
Vertex 334 distance 17
0 187 266 334 
Vertex 335 distance 22
0 571 101 335 
Vertex 336 distance 11
0 336 
Vertex 337 distance 15
0 187 179 23 337 
Vertex 338 distance 14
0 126 471 12 269 338 
Vertex 339 distance 21
0 126 368 328 127 519 439 339 
Vertex 340 distance 12
0 300 617 609 572 340 
Vertex 341 distance 17
0 300 617 609 103 360 477 341 
Vertex 342 distance 16
0 571 241 279 432 499 145 342 
Vertex 343 distance 18
0 126 368 328 115 104 343 
Vertex 344 distance 17
0 126 368 328 362 112 569 344 
Vertex 345 distance 14
0 126 368 328 84 347 345 
Vertex 346 distance 11
0 126 368 491 346 
Vertex 347 distance 13
0 126 368 328 84 347 
Vertex 348 distance 16
0 571 241 348 
Vertex 349 distance 20
0 571 241 349 
Vertex 350 distance 17
0 168 527 350 
Vertex 351 distance 16
0 126 471 12 417 296 351 
Vertex 352 distance 16
0 300 617 609 402 352 
Vertex 353 distance 16
0 126 368 328 115 353 
Vertex 354 distance 18
0 187 266 330 563 89 354 
Vertex 355 distance 19
0 126 368 491 346 75 355 
Vertex 356 distance 17
0 571 241 279 586 323 356 
Vertex 357 distance 16
0 126 368 328 362 295 357 
Vertex 358 distance 16
0 187 179 555 573 358 
Vertex 359 distance 15
0 559 359 
Vertex 360 distance 10
0 300 617 609 103 360 
Vertex 361 distance 14
0 571 515 62 361 
Vertex 362 distance 11
0 126 368 328 362 
Vertex 363 distance 16
0 126 368 328 288 150 363 
Vertex 364 distance 16
0 126 471 12 269 50 214 364 
Vertex 365 distance 16
0 126 368 328 115 104 365 
Vertex 366 distance 21
0 126 368 328 362 66 532 366 
Vertex 367 distance 15
0 126 368 328 127 519 367 
Vertex 368 distance 5
0 126 368 
Vertex 369 distance 17
0 126 368 328 362 66 369 
Vertex 370 distance 10
0 126 368 123 370 
Vertex 371 distance 18
0 126 368 328 362 66 611 371 
Vertex 372 distance 12
0 126 368 491 346 372 
Vertex 373 distance 16
0 447 161 373 
Vertex 374 distance 20
0 126 368 491 502 374 
Vertex 375 distance 17
0 126 368 328 84 347 375 
Vertex 376 distance 20
0 126 368 328 84 638 254 376 
Vertex 377 distance 14
0 187 179 23 377 
Vertex 378 distance 19
0 126 471 12 269 378 
Vertex 379 distance 16
0 300 617 609 103 360 65 287 379 
Vertex 380 distance 17
0 300 617 609 103 360 65 287 379 380 
Vertex 381 distance 18
0 300 408 110 381 
Vertex 382 distance 14
0 126 368 328 382 
Vertex 383 distance 22
0 300 617 609 402 99 182 383 
Vertex 384 distance 17
0 126 368 328 127 519 170 298 575 384 
Vertex 385 distance 18
0 187 179 23 377 385 
Vertex 386 distance 18
0 126 471 12 269 70 67 256 386 
Vertex 387 distance 10
0 571 241 387 
Vertex 388 distance 16
0 126 368 491 502 388 
Vertex 389 distance 15
0 126 368 491 346 75 389 
Vertex 390 distance 14
0 126 471 259 456 128 94 390 
Vertex 391 distance 14
0 126 471 12 269 293 265 391 
Vertex 392 distance 19
0 126 368 328 615 392 
Vertex 393 distance 20
0 571 241 279 605 393 
Vertex 394 distance 18
0 24 180 394 
Vertex 395 distance 12
0 300 408 395 
Vertex 396 distance 17
0 126 471 12 417 633 396 
Vertex 397 distance 16
0 126 368 328 362 66 397 
Vertex 398 distance 19
0 126 368 328 127 519 170 637 398 
Vertex 399 distance 15
0 300 617 609 399 
Vertex 400 distance 14
0 126 368 328 127 519 400 
Vertex 401 distance 17
0 126 471 92 618 401 
Vertex 402 distance 11
0 300 617 609 402 
Vertex 403 distance 21
0 126 368 328 362 66 611 272 403 
Vertex 404 distance 18
0 187 266 330 563 89 404 
Vertex 405 distance 20
0 126 368 328 115 333 405 
Vertex 406 distance 21
0 24 464 406 
Vertex 407 distance 22
0 571 241 387 407 
Vertex 408 distance 9
0 300 408 
Vertex 409 distance 19
0 126 471 12 417 534 199 409 
Vertex 410 distance 21
0 300 617 609 103 591 410 
Vertex 411 distance 19
0 187 179 555 411 
Vertex 412 distance 20
0 126 471 12 269 412 
Vertex 413 distance 17
0 187 149 631 427 413 
Vertex 414 distance 20
0 187 266 330 563 89 354 414 
Vertex 415 distance 22
0 126 368 328 127 415 
Vertex 416 distance 18
0 126 368 328 115 416 
Vertex 417 distance 12
0 126 471 12 417 
Vertex 418 distance 14
0 126 471 418 
Vertex 419 distance 21
0 126 471 259 456 238 440 419 
Vertex 420 distance 17
0 571 241 309 509 17 630 207 420 
Vertex 421 distance 12
0 571 241 279 586 421 
Vertex 422 distance 18
0 559 359 271 422 
Vertex 423 distance 17
0 126 471 12 417 211 606 423 
Vertex 424 distance 21
0 126 471 12 269 50 424 
Vertex 425 distance 23
0 126 368 328 362 66 397 318 425 
Vertex 426 distance 21
0 300 513 426 
Vertex 427 distance 14
0 187 149 631 427 
Vertex 428 distance 14
0 300 617 142 428 
Vertex 429 distance 12
0 300 617 429 
Vertex 430 distance 16
0 126 368 328 127 519 576 255 430 
Vertex 431 distance 20
0 559 359 271 32 431 
Vertex 432 distance 11
0 571 241 279 432 
Vertex 433 distance 15
0 571 241 119 433 
Vertex 434 distance 13
0 187 266 474 434 
Vertex 435 distance 16
0 300 617 142 435 
Vertex 436 distance 15
0 126 368 491 346 137 436 
Vertex 437 distance 20
0 126 368 328 615 437 
Vertex 438 distance 17
0 126 368 328 127 519 170 7 438 
Vertex 439 distance 16
0 126 368 328 127 519 439 
Vertex 440 distance 19
0 126 471 259 456 238 440 
Vertex 441 distance 14
0 571 241 309 509 441 
Vertex 442 distance 23
0 187 266 330 563 89 354 414 442 
Vertex 443 distance 17
0 300 408 110 44 443 
Vertex 444 distance 17
0 126 368 328 615 480 80 444 
Vertex 445 distance 21
0 447 281 489 445 
Vertex 446 distance 19
0 300 408 395 162 446 
Vertex 447 distance 10
0 447 
Vertex 448 distance 28
0 126 471 12 269 70 623 448 
Vertex 449 distance 19
0 300 408 110 621 129 228 449 
Vertex 450 distance 17
0 187 266 474 434 450 
Vertex 451 distance 16
0 126 471 12 269 293 451 
Vertex 452 distance 11
0 126 368 123 452 
Vertex 453 distance 16
0 571 241 309 509 17 630 207 453 
Vertex 454 distance 14
0 571 454 
Vertex 455 distance 22
0 300 408 110 44 455 
Vertex 456 distance 9
0 126 471 259 456 
Vertex 457 distance 18
0 187 56 304 457 
Vertex 458 distance 16
0 571 241 279 586 421 458 
Vertex 459 distance 20
0 126 368 328 127 519 170 7 183 329 459 
Vertex 460 distance 20
0 126 368 328 127 174 5 460 
Vertex 461 distance 20
0 126 471 418 461 
Vertex 462 distance 15
0 462 
Vertex 463 distance 16
0 187 266 330 625 463 
Vertex 464 distance 15
0 24 464 
Vertex 465 distance 20
0 126 471 12 269 465 
Vertex 466 distance 16
0 571 241 279 586 570 466 
Vertex 467 distance 16
0 571 241 309 509 500 467 
Vertex 468 distance 15
0 571 468 
Vertex 469 distance 16
0 300 408 395 574 469 
Vertex 470 distance 22
0 126 368 328 84 638 470 
Vertex 471 distance 5
0 126 471 
Vertex 472 distance 19
0 126 368 328 288 86 135 472 
Vertex 473 distance 21
0 300 408 395 473 
Vertex 474 distance 11
0 187 266 474 
Vertex 475 distance 24
0 126 368 328 362 112 598 508 475 
Vertex 476 distance 21
0 187 266 330 563 476 
Vertex 477 distance 11
0 300 617 609 103 360 477 
Vertex 478 distance 18
0 126 368 328 362 577 132 478 
Vertex 479 distance 17
0 126 368 328 115 104 479 
Vertex 480 distance 14
0 126 368 328 615 480 
Vertex 481 distance 18
0 571 241 279 481 
Vertex 482 distance 21
0 447 161 185 482 
Vertex 483 distance 17
0 126 368 328 362 295 483 
Vertex 484 distance 18
0 571 241 279 432 499 284 484 
Vertex 485 distance 18
0 300 617 142 22 485 
Vertex 486 distance 19
0 187 179 555 486 
Vertex 487 distance 17
0 571 241 279 586 570 466 487 
Vertex 488 distance 19
0 571 241 279 586 421 488 
Vertex 489 distance 18
0 447 281 489 
Vertex 490 distance 15
0 126 471 12 269 70 67 256 490 
Vertex 491 distance 9
0 126 368 491 
Vertex 492 distance 20
0 126 471 259 456 238 440 492 
Vertex 493 distance 15
0 571 27 493 
Vertex 494 distance 18
0 300 408 110 621 494 
Vertex 495 distance 19
0 126 368 328 288 86 495 
Vertex 496 distance 17
0 571 241 279 586 546 496 
Vertex 497 distance 20
0 126 471 259 456 128 600 497 
Vertex 498 distance 16
0 300 617 609 103 591 498 
Vertex 499 distance 13
0 571 241 279 432 499 
Vertex 500 distance 15
0 571 241 309 509 500 
Vertex 501 distance 17
0 300 617 608 501 
Vertex 502 distance 14
0 126 368 491 502 
Vertex 503 distance 19
0 571 241 279 586 593 503 
Vertex 504 distance 20
0 126 471 12 269 70 504 
Vertex 505 distance 17
0 300 617 429 505 
Vertex 506 distance 17
0 187 179 555 573 506 
Vertex 507 distance 16
0 571 241 309 542 507 
Vertex 508 distance 15
0 126 368 328 362 112 598 508 
Vertex 509 distance 11
0 571 241 309 509 
Vertex 510 distance 17
0 126 471 236 510 
Vertex 511 distance 19
0 126 368 328 127 519 576 255 511 
Vertex 512 distance 15
0 126 368 328 615 480 512 
Vertex 513 distance 14
0 300 513 
Vertex 514 distance 14
0 187 179 555 514 
Vertex 515 distance 11
0 571 515 
Vertex 516 distance 18
0 447 281 516 
Vertex 517 distance 14
0 126 471 236 517 
Vertex 518 distance 12
0 571 241 387 518 
Vertex 519 distance 10
0 126 368 328 127 519 
Vertex 520 distance 13
0 187 149 631 520 
Vertex 521 distance 21
0 571 241 309 509 441 521 
Vertex 522 distance 15
0 126 368 328 362 577 522 
Vertex 523 distance 25
0 571 241 309 509 78 252 523 
Vertex 524 distance 19
0 300 617 142 524 
Vertex 525 distance 19
0 126 368 328 127 519 170 298 612 525 
Vertex 526 distance 19
0 571 241 309 509 526 
Vertex 527 distance 16
0 168 527 
Vertex 528 distance 14
0 300 617 609 572 528 
Vertex 529 distance 23
0 187 179 555 573 537 529 
Vertex 530 distance 16
0 126 368 328 288 86 530 
Vertex 531 distance 19
0 571 241 309 509 17 531 
Vertex 532 distance 16
0 126 368 328 362 66 532 
Vertex 533 distance 14
0 300 617 609 103 360 477 533 
Vertex 534 distance 14
0 126 471 12 417 534 
Vertex 535 distance 17
0 447 281 169 535 
Vertex 536 distance 18
0 187 266 474 434 536 
Vertex 537 distance 16
0 187 179 555 573 537 
Vertex 538 distance 18
0 300 617 609 103 360 477 538 
Vertex 539 distance 18
0 300 617 609 572 340 31 539 
Vertex 540 distance 18
0 571 468 540 
Vertex 541 distance 17
0 300 617 609 103 360 477 533 541 
Vertex 542 distance 15
0 571 241 309 542 
Vertex 543 distance 15
0 187 266 330 543 
Vertex 544 distance 16
0 24 180 544 
Vertex 545 distance 21
0 126 368 328 115 416 545 
Vertex 546 distance 14
0 571 241 279 586 546 
Vertex 547 distance 24
0 571 241 279 432 547 
Vertex 548 distance 19
0 126 471 259 548 
Vertex 549 distance 17
0 126 368 328 127 519 170 298 575 549 
Vertex 550 distance 18
0 300 617 609 103 360 477 275 550 
Vertex 551 distance 17
0 126 471 12 269 50 214 551 
Vertex 552 distance 22
0 300 617 609 402 352 208 552 
Vertex 553 distance 18
0 126 368 328 127 519 576 255 553 
Vertex 554 distance 19
0 300 617 609 572 223 554 
Vertex 555 distance 12
0 187 179 555 
Vertex 556 distance 26
0 571 241 279 154 556 
Vertex 557 distance 20
0 300 408 110 381 557 
Vertex 558 distance 20
0 126 368 328 615 480 80 444 558 
Vertex 559 distance 13
0 559 
Vertex 560 distance 19
0 571 241 309 509 17 630 207 420 560 
Vertex 561 distance 15
0 187 149 631 520 561 
Vertex 562 distance 19
0 126 471 12 562 
Vertex 563 distance 15
0 187 266 330 563 
Vertex 564 distance 15
0 126 368 328 106 26 564 
Vertex 565 distance 24
0 126 368 328 362 295 357 565 
Vertex 566 distance 19
0 126 471 92 45 566 
Vertex 567 distance 16
0 300 617 609 103 591 57 567 
Vertex 568 distance 19
0 300 617 142 54 587 568 
Vertex 569 distance 13
0 126 368 328 362 112 569 
Vertex 570 distance 15
0 571 241 279 586 570 
Vertex 571 distance 5
0 571 
Vertex 572 distance 10
0 300 617 609 572 
Vertex 573 distance 14
0 187 179 555 573 
Vertex 574 distance 14
0 300 408 395 574 
Vertex 575 distance 13
0 126 368 328 127 519 170 298 575 
Vertex 576 distance 11
0 126 368 328 127 519 576 
Vertex 577 distance 13
0 126 368 328 362 577 
Vertex 578 distance 22
0 126 368 328 127 519 576 255 553 578 
Vertex 579 distance 17
0 559 359 271 579 
Vertex 580 distance 17
0 126 368 328 127 519 170 7 183 329 580 
Vertex 581 distance 16
0 126 368 491 346 372 581 
Vertex 582 distance 14
0 571 241 279 432 582 
Vertex 583 distance 19
0 187 149 639 68 177 583 
Vertex 584 distance 15
0 571 241 309 8 584 
Vertex 585 distance 23
0 447 161 373 585 
Vertex 586 distance 11
0 571 241 279 586 
Vertex 587 distance 13
0 300 617 142 54 587 
Vertex 588 distance 19
0 571 241 348 588 
Vertex 589 distance 20
0 571 241 309 589 
Vertex 590 distance 17
0 571 241 279 586 546 109 590 
Vertex 591 distance 12
0 300 617 609 103 591 
Vertex 592 distance 14
0 126 368 328 84 347 592 
Vertex 593 distance 16
0 571 241 279 586 593 
Vertex 594 distance 15
0 447 2 594 
Vertex 595 distance 19
0 571 454 595 
Vertex 596 distance 17
0 126 368 328 84 638 596 
Vertex 597 distance 18
0 571 241 279 586 323 356 597 
Vertex 598 distance 13
0 126 368 328 362 112 598 
Vertex 599 distance 18
0 126 368 328 615 480 599 
Vertex 600 distance 18
0 126 471 259 456 128 600 
Vertex 601 distance 16
0 126 368 328 615 480 80 601 
Vertex 602 distance 17
0 300 617 609 572 528 602 
Vertex 603 distance 22
0 187 149 631 520 561 332 603 
Vertex 604 distance 20
0 559 359 604 
Vertex 605 distance 14
0 571 241 279 605 
Vertex 606 distance 16
0 126 471 12 417 211 606 
Vertex 607 distance 21
0 126 368 123 452 198 69 278 607 
Vertex 608 distance 14
0 300 617 608 
Vertex 609 distance 8
0 300 617 609 
Vertex 610 distance 20
0 187 266 330 625 610 
Vertex 611 distance 16
0 126 368 328 362 66 611 
Vertex 612 distance 15
0 126 368 328 127 519 170 298 612 
Vertex 613 distance 18
0 126 368 328 362 112 569 613 
Vertex 614 distance 18
0 559 614 
Vertex 615 distance 12
0 126 368 328 615 
Vertex 616 distance 18
0 571 241 616 
Vertex 617 distance 7
0 300 617 
Vertex 618 distance 16
0 126 471 92 618 
Vertex 619 distance 16
0 447 281 619 
Vertex 620 distance 16
0 126 368 328 127 519 170 298 620 
Vertex 621 distance 11
0 300 408 110 621 
Vertex 622 distance 21
0 187 179 23 377 385 181 622 
Vertex 623 distance 14
0 126 471 12 269 70 623 
Vertex 624 distance 20
0 126 368 328 127 174 5 624 
Vertex 625 distance 14
0 187 266 330 625 
Vertex 626 distance 16
0 571 241 626 
Vertex 627 distance 23
0 126 471 259 456 128 627 
Vertex 628 distance 21
0 571 241 279 586 421 136 628 
Vertex 629 distance 21
0 300 617 142 629 
Vertex 630 distance 14
0 571 241 309 509 17 630 
Vertex 631 distance 12
0 187 149 631 
Vertex 632 distance 13
0 187 179 632 
Vertex 633 distance 16
0 126 471 12 417 633 
Vertex 634 distance 20
0 187 266 330 563 89 404 634 
Vertex 635 distance 19
0 126 368 491 346 137 635 
Vertex 636 distance 17
0 300 617 636 
Vertex 637 distance 15
0 126 368 328 127 519 170 637 
Vertex 638 distance 15
0 126 368 328 84 638 
Vertex 639 distance 9
0 187 149 639 
