Vertex 0 distance 0
0 0 
Vertex 1 distance 11
0 618 574 321 90 230 224 1 
Vertex 2 distance 14
0 618 149 603 177 614 277 2 
Vertex 3 distance 14
0 618 149 627 536 590 3 
Vertex 4 distance 12
0 576 534 533 283 458 584 4 
Vertex 5 distance 15
0 618 574 321 90 125 340 5 
Vertex 6 distance 10
0 618 211 169 506 6 
Vertex 7 distance 13
0 618 574 36 87 7 
Vertex 8 distance 13
0 618 166 8 
Vertex 9 distance 12
0 618 574 321 90 500 593 9 
Vertex 10 distance 9
0 576 473 477 225 10 
Vertex 11 distance 11
0 618 301 201 581 11 
Vertex 12 distance 8
0 618 211 455 12 
Vertex 13 distance 16
0 576 534 329 423 232 13 
Vertex 14 distance 15
0 618 149 497 17 14 
Vertex 15 distance 13
0 618 574 321 507 542 15 
Vertex 16 distance 11
0 618 149 530 397 16 
Vertex 17 distance 12
0 618 149 497 17 
Vertex 18 distance 11
0 576 473 611 297 18 
Vertex 19 distance 9
0 618 574 321 507 176 19 
Vertex 20 distance 13
0 618 149 488 61 20 
Vertex 21 distance 9
0 618 301 601 21 
Vertex 22 distance 14
0 618 44 22 
Vertex 23 distance 16
0 618 574 321 90 572 133 188 23 
Vertex 24 distance 11
0 576 607 24 
Vertex 25 distance 11
0 618 211 455 50 25 
Vertex 26 distance 15
0 618 574 321 90 500 593 639 267 373 26 
Vertex 27 distance 12
0 576 473 131 182 67 27 
Vertex 28 distance 13
0 618 149 488 61 28 
Vertex 29 distance 13
0 618 301 601 29 
Vertex 30 distance 13
0 618 574 321 90 500 593 30 
Vertex 31 distance 14
0 618 574 321 90 230 438 31 
Vertex 32 distance 16
0 618 211 324 32 
Vertex 33 distance 13
0 618 574 321 90 72 478 465 33 
Vertex 34 distance 11
0 618 574 321 507 422 586 282 34 
Vertex 35 distance 12
0 618 211 169 506 35 
Vertex 36 distance 6
0 618 574 36 
Vertex 37 distance 14
0 576 473 131 320 47 37 
Vertex 38 distance 13
0 576 534 533 283 38 
Vertex 39 distance 11
0 618 574 321 90 500 39 
Vertex 40 distance 13
0 618 301 601 374 40 
Vertex 41 distance 11
0 576 534 329 426 41 
Vertex 42 distance 14
0 576 473 611 537 311 42 
Vertex 43 distance 12
0 618 149 603 495 43 
Vertex 44 distance 9
0 618 44 
Vertex 45 distance 16
0 618 574 321 90 72 478 465 187 265 52 45 
Vertex 46 distance 9
0 618 574 321 507 46 
Vertex 47 distance 13
0 576 473 131 320 47 
Vertex 48 distance 14
0 618 211 455 50 25 136 48 
Vertex 49 distance 11
0 618 574 321 90 572 133 49 
Vertex 50 distance 10
0 618 211 455 50 
Vertex 51 distance 12
0 576 473 477 626 51 
Vertex 52 distance 15
0 618 574 321 90 72 478 465 187 265 52 
Vertex 53 distance 15
0 618 574 321 90 572 133 188 53 
Vertex 54 distance 12
0 618 574 321 507 176 54 
Vertex 55 distance 14
0 618 211 169 55 
Vertex 56 distance 8
0 618 301 56 
Vertex 57 distance 13
0 618 149 530 121 57 
Vertex 58 distance 12
0 618 574 321 90 500 39 58 
Vertex 59 distance 13
0 576 607 59 
Vertex 60 distance 14
0 618 299 403 569 466 60 
Vertex 61 distance 10
0 618 149 488 61 
Vertex 62 distance 9
0 576 473 611 227 62 
Vertex 63 distance 12
0 618 301 601 21 517 64 63 
Vertex 64 distance 11
0 618 301 601 21 517 64 
Vertex 65 distance 15
0 576 473 131 471 440 65 
Vertex 66 distance 14
0 618 574 321 90 500 548 66 
Vertex 67 distance 11
0 576 473 131 182 67 
Vertex 68 distance 11
0 618 574 321 507 68 
Vertex 69 distance 14
0 618 149 603 495 43 69 
Vertex 70 distance 12
0 576 473 477 626 538 70 
Vertex 71 distance 11
0 618 574 321 507 422 203 74 71 
Vertex 72 distance 9
0 618 574 321 90 72 
Vertex 73 distance 14
0 618 574 36 637 73 
Vertex 74 distance 10
0 618 574 321 507 422 203 74 
Vertex 75 distance 13
0 576 377 75 
Vertex 76 distance 11
0 618 211 455 278 288 255 76 
Vertex 77 distance 12
0 618 301 601 21 77 
Vertex 78 distance 11
0 576 473 131 338 78 
Vertex 79 distance 9
0 618 301 56 79 
Vertex 80 distance 13
0 576 377 80 
Vertex 81 distance 14
0 618 149 603 81 
Vertex 82 distance 15
0 618 574 321 90 72 478 465 187 265 308 82 
Vertex 83 distance 11
0 618 574 321 90 572 133 633 83 
Vertex 84 distance 14
0 618 211 455 50 25 84 
Vertex 85 distance 14
0 576 473 131 338 170 85 
Vertex 86 distance 14
0 618 301 601 215 594 86 
Vertex 87 distance 10
0 618 574 36 87 
Vertex 88 distance 11
0 618 301 56 79 606 88 
Vertex 89 distance 11
0 618 301 89 
Vertex 90 distance 7
0 618 574 321 90 
Vertex 91 distance 10
0 618 574 321 91 
Vertex 92 distance 13
0 618 211 169 132 313 92 
Vertex 93 distance 14
0 618 574 321 507 176 19 589 93 
Vertex 94 distance 10
0 618 301 94 
Vertex 95 distance 13
0 618 211 324 95 
Vertex 96 distance 15
0 618 301 601 215 594 392 360 96 
Vertex 97 distance 11
0 618 211 169 132 313 97 
Vertex 98 distance 13
0 576 473 131 320 245 98 
Vertex 99 distance 10
0 576 534 533 469 99 
Vertex 100 distance 12
0 618 574 321 90 72 202 100 
Vertex 101 distance 12
0 618 574 220 101 
Vertex 102 distance 15
0 576 473 131 471 440 102 
Vertex 103 distance 12
0 576 534 368 103 
Vertex 104 distance 15
0 618 149 530 397 104 
Vertex 105 distance 11
0 618 574 321 90 500 241 105 
Vertex 106 distance 14
0 618 211 455 278 288 255 76 106 
Vertex 107 distance 11
0 618 574 321 90 500 548 107 
Vertex 108 distance 13
0 618 574 321 90 125 340 108 
Vertex 109 distance 12
0 618 149 488 457 109 
Vertex 110 distance 18
0 618 574 321 91 110 
Vertex 111 distance 13
0 618 299 293 111 
Vertex 112 distance 11
0 618 574 321 507 176 19 589 112 
Vertex 113 distance 12
0 618 574 321 90 230 224 1 113 
Vertex 114 distance 13
0 618 301 601 21 114 
Vertex 115 distance 14
0 576 473 131 320 47 115 
Vertex 116 distance 13
0 618 574 305 116 
Vertex 117 distance 12
0 618 574 321 90 72 335 117 
Vertex 118 distance 13
0 618 574 321 90 72 478 303 118 
Vertex 119 distance 12
0 576 473 131 182 67 119 
Vertex 120 distance 11
0 618 149 488 61 120 
Vertex 121 distance 11
0 618 149 530 121 
Vertex 122 distance 10
0 618 211 169 145 122 
Vertex 123 distance 13
0 618 574 321 90 500 593 123 
Vertex 124 distance 13
0 618 574 321 90 572 133 49 124 
Vertex 125 distance 9
0 618 574 321 90 125 
Vertex 126 distance 13
0 576 534 533 469 99 556 126 
Vertex 127 distance 13
0 618 574 321 90 572 133 445 127 
Vertex 128 distance 10
0 576 534 329 128 
Vertex 129 distance 14
0 576 607 358 129 
Vertex 130 distance 15
0 576 242 600 315 130 
Vertex 131 distance 7
0 576 473 131 
Vertex 132 distance 9
0 618 211 169 132 
Vertex 133 distance 9
0 618 574 321 90 572 133 
Vertex 134 distance 12
0 618 301 601 21 134 
Vertex 135 distance 10
0 618 574 321 135 
Vertex 136 distance 13
0 618 211 455 50 25 136 
Vertex 137 distance 10
0 618 574 321 507 46 137 
Vertex 138 distance 12
0 618 149 497 140 138 
Vertex 139 distance 13
0 618 149 488 139 
Vertex 140 distance 9
0 618 149 497 140 
Vertex 141 distance 14
0 618 574 321 507 542 416 141 
Vertex 142 distance 13
0 618 149 603 177 142 
Vertex 143 distance 11
0 576 534 329 426 143 
Vertex 144 distance 13
0 576 534 533 469 144 
Vertex 145 distance 9
0 618 211 169 145 
Vertex 146 distance 12
0 618 301 601 215 146 
Vertex 147 distance 14
0 576 473 477 225 492 147 
Vertex 148 distance 12
0 618 574 321 90 500 593 639 148 
Vertex 149 distance 7
0 618 149 
Vertex 150 distance 11
0 618 574 321 507 542 150 
Vertex 151 distance 12
0 618 166 151 
Vertex 152 distance 13
0 618 574 321 507 176 54 152 
Vertex 153 distance 14
0 618 574 321 90 572 153 
Vertex 154 distance 12
0 618 574 305 154 
Vertex 155 distance 10
0 576 473 477 155 
Vertex 156 distance 12
0 618 211 579 156 
Vertex 157 distance 14
0 576 473 131 320 47 157 
Vertex 158 distance 12
0 576 473 131 338 170 158 
Vertex 159 distance 11
0 159 
Vertex 160 distance 12
0 576 534 329 160 
Vertex 161 distance 11
0 618 211 169 161 
Vertex 162 distance 14
0 618 211 185 162 
Vertex 163 distance 15
0 618 149 497 17 163 
Vertex 164 distance 12
0 576 534 368 164 
Vertex 165 distance 14
0 618 574 321 90 572 133 188 369 165 
Vertex 166 distance 11
0 618 166 
Vertex 167 distance 15
0 618 149 603 495 43 69 167 
Vertex 168 distance 15
0 618 574 321 90 72 202 100 168 
Vertex 169 distance 8
0 618 211 169 
Vertex 170 distance 10
0 576 473 131 338 170 
Vertex 171 distance 13
0 618 574 321 507 176 19 589 112 171 
Vertex 172 distance 13
0 618 149 172 
Vertex 173 distance 9
0 576 534 329 173 
Vertex 174 distance 15
0 618 149 603 495 43 174 
Vertex 175 distance 15
0 618 574 430 175 
Vertex 176 distance 8
0 618 574 321 507 176 
Vertex 177 distance 10
0 618 149 603 177 
Vertex 178 distance 15
0 576 534 533 283 458 584 4 178 
Vertex 179 distance 15
0 618 301 601 21 517 64 63 319 179 
Vertex 180 distance 9
0 576 534 180 
Vertex 181 distance 14
0 618 299 403 569 636 181 
Vertex 182 distance 8
0 576 473 131 182 
Vertex 183 distance 16
0 576 473 477 225 10 402 212 183 
Vertex 184 distance 12
0 576 377 184 
Vertex 185 distance 8
0 618 211 185 
Vertex 186 distance 11
0 618 301 94 186 
Vertex 187 distance 12
0 618 574 321 90 72 478 465 187 
Vertex 188 distance 10
0 618 574 321 90 572 133 188 
Vertex 189 distance 16
0 618 574 189 
Vertex 190 distance 14
0 618 149 497 431 190 
Vertex 191 distance 16
0 576 534 533 283 458 584 4 191 
Vertex 192 distance 16
0 576 473 477 225 192 
Vertex 193 distance 14
0 618 301 601 21 517 64 193 
Vertex 194 distance 14
0 618 301 601 374 40 194 
Vertex 195 distance 11
0 618 149 530 195 
Vertex 196 distance 8
0 618 574 321 90 196 
Vertex 197 distance 12
0 618 166 197 
Vertex 198 distance 12
0 618 211 455 278 288 255 198 
Vertex 199 distance 10
0 576 377 199 
Vertex 200 distance 11
0 618 574 321 90 230 200 
Vertex 201 distance 7
0 618 301 201 
Vertex 202 distance 10
0 618 574 321 90 72 202 
Vertex 203 distance 9
0 618 574 321 507 422 203 
Vertex 204 distance 12
0 618 574 321 135 204 
Vertex 205 distance 12
0 618 574 321 90 230 205 
Vertex 206 distance 12
0 618 574 430 206 
Vertex 207 distance 14
0 618 149 627 207 
Vertex 208 distance 11
0 618 211 455 278 288 208 
Vertex 209 distance 12
0 576 534 533 469 209 
Vertex 210 distance 11
0 618 574 321 507 542 210 
Vertex 211 distance 4
0 618 211 
Vertex 212 distance 15
0 576 473 477 225 10 402 212 
Vertex 213 distance 12
0 576 377 199 213 
Vertex 214 distance 11
0 576 214 
Vertex 215 distance 8
0 618 301 601 215 
Vertex 216 distance 14
0 618 574 321 90 72 202 100 216 
Vertex 217 distance 12
0 618 211 169 132 313 97 217 
Vertex 218 distance 10
0 618 301 56 218 
Vertex 219 distance 8
0 618 211 219 
Vertex 220 distance 10
0 618 574 220 
Vertex 221 distance 11
0 618 574 321 221 
Vertex 222 distance 13
0 618 574 321 507 542 222 
Vertex 223 distance 14
0 223 
Vertex 224 distance 9
0 618 574 321 90 230 224 
Vertex 225 distance 8
0 576 473 477 225 
Vertex 226 distance 11
0 576 534 180 226 
Vertex 227 distance 8
0 576 473 611 227 
Vertex 228 distance 13
0 618 211 169 132 313 228 
Vertex 229 distance 11
0 618 211 579 558 229 
Vertex 230 distance 8
0 618 574 321 90 230 
Vertex 231 distance 11
0 618 301 56 218 231 
Vertex 232 distance 12
0 576 534 329 423 232 
Vertex 233 distance 15
0 618 211 233 
Vertex 234 distance 11
0 618 44 234 
Vertex 235 distance 13
0 618 574 321 507 542 416 235 
Vertex 236 distance 13
0 618 574 321 507 46 236 
Vertex 237 distance 13
0 618 149 488 565 237 
Vertex 238 distance 12
0 576 534 462 238 
Vertex 239 distance 13
0 618 211 169 506 239 
Vertex 240 distance 12
0 618 149 488 61 120 240 
Vertex 241 distance 10
0 618 574 321 90 500 241 
Vertex 242 distance 9
0 576 242 
Vertex 243 distance 15
0 576 473 611 227 62 514 243 
Vertex 244 distance 13
0 618 574 321 507 422 586 244 
Vertex 245 distance 11
0 576 473 131 320 245 
Vertex 246 distance 14
0 618 149 627 536 590 559 246 
Vertex 247 distance 10
0 576 473 477 626 468 247 
Vertex 248 distance 14
0 618 149 530 121 248 
Vertex 249 distance 16
0 618 301 94 287 249 
Vertex 250 distance 11
0 618 301 601 21 517 250 
Vertex 251 distance 11
0 618 211 455 278 288 255 251 
Vertex 252 distance 11
0 618 574 321 90 230 224 582 252 
Vertex 253 distance 13
0 618 301 94 253 
Vertex 254 distance 13
0 576 534 533 469 99 254 
Vertex 255 distance 10
0 618 211 455 278 288 255 
Vertex 256 distance 16
0 576 377 577 502 256 
Vertex 257 distance 12
0 576 473 477 626 468 257 
Vertex 258 distance 15
0 618 211 455 12 411 258 
Vertex 259 distance 11
0 618 301 601 259 
Vertex 260 distance 14
0 576 473 131 338 78 260 
Vertex 261 distance 15
0 576 473 477 626 538 261 
Vertex 262 distance 10
0 618 574 321 90 230 224 262 
Vertex 263 distance 17
0 618 574 321 90 572 263 
Vertex 264 distance 16
0 576 377 199 570 605 264 
Vertex 265 distance 13
0 618 574 321 90 72 478 465 187 265 
Vertex 266 distance 11
0 618 211 169 506 6 266 
Vertex 267 distance 12
0 618 574 321 90 500 593 639 267 
Vertex 268 distance 10
0 618 574 321 507 422 586 268 
Vertex 269 distance 13
0 618 211 185 269 
Vertex 270 distance 15
0 618 574 321 91 270 
Vertex 271 distance 15
0 618 301 94 447 312 271 
Vertex 272 distance 16
0 576 534 533 283 272 
Vertex 273 distance 12
0 576 377 273 
Vertex 274 distance 12
0 618 299 456 359 274 
Vertex 275 distance 13
0 618 211 455 50 348 275 
Vertex 276 distance 11
0 576 473 477 626 276 
Vertex 277 distance 13
0 618 149 603 177 614 277 
Vertex 278 distance 8
0 618 211 455 278 
Vertex 279 distance 14
0 618 574 321 90 196 279 
Vertex 280 distance 16
0 576 377 577 502 344 280 
Vertex 281 distance 12
0 576 473 131 320 281 
Vertex 282 distance 10
0 618 574 321 507 422 586 282 
Vertex 283 distance 9
0 576 534 533 283 
Vertex 284 distance 11
0 618 301 56 79 606 284 
Vertex 285 distance 11
0 576 534 329 173 285 
Vertex 286 distance 14
0 576 534 329 426 501 286 
Vertex 287 distance 14
0 618 301 94 287 
Vertex 288 distance 9
0 618 211 455 278 288 
Vertex 289 distance 12
0 618 211 455 12 298 289 
Vertex 290 distance 14
0 618 301 56 79 606 88 290 
Vertex 291 distance 11
0 618 574 36 87 291 
Vertex 292 distance 14
0 618 574 321 507 176 19 589 292 
Vertex 293 distance 10
0 618 299 293 
Vertex 294 distance 11
0 618 574 321 90 125 294 
Vertex 295 distance 11
0 576 534 368 295 
Vertex 296 distance 13
0 618 574 321 507 422 203 74 387 326 296 
Vertex 297 distance 10
0 576 473 611 297 
Vertex 298 distance 10
0 618 211 455 12 298 
Vertex 299 distance 7
0 618 299 
Vertex 300 distance 12
0 576 607 300 
Vertex 301 distance 5
0 618 301 
Vertex 302 distance 12
0 618 211 579 558 302 
Vertex 303 distance 11
0 618 574 321 90 72 478 303 
Vertex 304 distance 13
0 618 149 497 431 304 
Vertex 305 distance 10
0 618 574 305 
Vertex 306 distance 11
0 618 211 455 278 306 
Vertex 307 distance 12
0 576 214 307 
Vertex 308 distance 14
0 618 574 321 90 72 478 465 187 265 308 
Vertex 309 distance 11
0 576 473 611 227 62 514 309 
Vertex 310 distance 14
0 576 534 329 128 310 
Vertex 311 distance 11
0 576 473 611 537 311 
Vertex 312 distance 13
0 618 301 94 447 312 
Vertex 313 distance 10
0 618 211 169 132 313 
Vertex 314 distance 12
0 618 301 89 314 
Vertex 315 distance 13
0 576 242 600 315 
Vertex 316 distance 12
0 618 211 316 
Vertex 317 distance 10
0 576 473 625 317 
Vertex 318 distance 13
0 576 473 131 320 245 318 
Vertex 319 distance 14
0 618 301 601 21 517 64 63 319 
Vertex 320 distance 10
0 576 473 131 320 
Vertex 321 distance 6
0 618 574 321 
Vertex 322 distance 13
0 618 301 201 322 
Vertex 323 distance 13
0 618 574 321 507 46 137 433 323 
Vertex 324 distance 9
0 618 211 324 
Vertex 325 distance 14
0 618 574 321 507 176 19 370 325 
Vertex 326 distance 12
0 618 574 321 507 422 203 74 387 326 
Vertex 327 distance 12
0 618 574 321 90 72 478 327 
Vertex 328 distance 16
0 618 574 321 507 176 19 370 328 
Vertex 329 distance 8
0 576 534 329 
Vertex 330 distance 13
0 576 473 625 330 
Vertex 331 distance 11
0 576 331 
Vertex 332 distance 13
0 618 574 321 507 422 332 
Vertex 333 distance 15
0 618 574 321 507 176 19 589 112 171 333 
Vertex 334 distance 16
0 576 473 611 297 334 
Vertex 335 distance 11
0 618 574 321 90 72 335 
Vertex 336 distance 13
0 618 301 601 374 612 336 
Vertex 337 distance 14
0 576 534 329 426 143 337 
Vertex 338 distance 8
0 576 473 131 338 
Vertex 339 distance 12
0 618 149 497 376 339 
Vertex 340 distance 11
0 618 574 321 90 125 340 
Vertex 341 distance 12
0 618 301 601 215 594 341 
Vertex 342 distance 13
0 618 574 321 507 422 203 74 71 342 
Vertex 343 distance 13
0 618 574 321 90 500 593 9 343 
Vertex 344 distance 12
0 576 377 577 502 344 
Vertex 345 distance 13
0 576 534 533 283 345 
Vertex 346 distance 13
0 618 149 530 397 16 346 
Vertex 347 distance 15
0 618 211 169 132 313 228 347 
Vertex 348 distance 12
0 618 211 455 50 348 
Vertex 349 distance 12
0 618 574 321 90 500 241 349 
Vertex 350 distance 12
0 576 534 180 350 
Vertex 351 distance 13
0 618 301 601 21 439 351 
Vertex 352 distance 16
0 618 574 321 90 230 383 425 352 
Vertex 353 distance 10
0 618 211 455 353 
Vertex 354 distance 12
0 576 473 477 626 354 
Vertex 355 distance 16
0 618 211 455 278 355 
Vertex 356 distance 13
0 618 301 601 450 356 
Vertex 357 distance 14
0 618 211 455 12 486 357 
Vertex 358 distance 13
0 576 607 358 
Vertex 359 distance 11
0 618 299 456 359 
Vertex 360 distance 14
0 618 301 601 215 594 392 360 
Vertex 361 distance 13
0 618 574 321 90 500 593 639 267 361 
Vertex 362 distance 13
0 618 211 324 362 
Vertex 363 distance 15
0 576 473 611 227 363 
Vertex 364 distance 13
0 576 473 477 225 364 
Vertex 365 distance 13
0 618 574 321 365 
Vertex 366 distance 14
0 618 211 579 366 
Vertex 367 distance 14
0 618 574 321 90 500 367 
Vertex 368 distance 8
0 576 534 368 
Vertex 369 distance 12
0 618 574 321 90 572 133 188 369 
Vertex 370 distance 11
0 618 574 321 507 176 19 370 
Vertex 371 distance 13
0 576 242 600 371 
Vertex 372 distance 13
0 576 473 611 537 372 
Vertex 373 distance 13
0 618 574 321 90 500 593 639 267 373 
Vertex 374 distance 8
0 618 301 601 374 
Vertex 375 distance 15
0 618 574 321 90 572 133 633 405 375 
Vertex 376 distance 11
0 618 149 497 376 
Vertex 377 distance 9
0 576 377 
Vertex 378 distance 12
0 618 574 321 507 176 19 370 378 
Vertex 379 distance 14
0 576 473 477 626 538 379 
Vertex 380 distance 12
0 576 473 625 317 380 
Vertex 381 distance 10
0 618 149 627 381 
Vertex 382 distance 12
0 618 574 321 90 230 224 382 
Vertex 383 distance 10
0 618 574 321 90 230 383 
Vertex 384 distance 11
0 618 211 169 132 384 
Vertex 385 distance 12
0 618 299 403 552 385 
Vertex 386 distance 16
0 576 473 625 330 386 
Vertex 387 distance 11
0 618 574 321 507 422 203 74 387 
Vertex 388 distance 14
0 576 473 611 227 62 514 309 388 
Vertex 389 distance 14
0 576 473 625 539 389 
Vertex 390 distance 11
0 618 574 321 90 572 133 633 390 
Vertex 391 distance 11
0 576 534 329 173 391 
Vertex 392 distance 12
0 618 301 601 215 594 392 
Vertex 393 distance 16
0 618 574 36 87 291 596 393 
Vertex 394 distance 15
0 618 211 579 366 394 
Vertex 395 distance 17
0 618 574 321 90 572 133 633 405 395 
Vertex 396 distance 12
0 618 574 321 90 230 396 
Vertex 397 distance 10
0 618 149 530 397 
Vertex 398 distance 14
0 618 301 601 374 612 336 398 
Vertex 399 distance 13
0 618 301 601 21 399 
Vertex 400 distance 14
0 618 574 321 90 500 593 30 400 
Vertex 401 distance 15
0 576 534 533 401 
Vertex 402 distance 13
0 576 473 477 225 10 402 
Vertex 403 distance 8
0 618 299 403 
Vertex 404 distance 13
0 618 299 456 359 404 
Vertex 405 distance 11
0 618 574 321 90 572 133 633 405 
Vertex 406 distance 13
0 618 574 321 507 422 203 74 387 406 
Vertex 407 distance 11
0 618 574 321 507 422 203 407 
Vertex 408 distance 14
0 618 211 455 278 288 509 408 
Vertex 409 distance 13
0 618 211 169 132 409 
Vertex 410 distance 15
0 618 574 321 507 542 210 410 
Vertex 411 distance 12
0 618 211 455 12 411 
Vertex 412 distance 16
0 618 211 185 162 412 
Vertex 413 distance 12
0 618 574 36 413 
Vertex 414 distance 12
0 618 574 321 90 72 478 414 
Vertex 415 distance 13
0 618 574 321 91 415 
Vertex 416 distance 11
0 618 574 321 507 542 416 
Vertex 417 distance 14
0 576 473 477 225 10 402 417 
Vertex 418 distance 14
0 618 301 56 218 231 449 418 
Vertex 419 distance 13
0 618 574 321 507 422 586 419 
Vertex 420 distance 13
0 576 473 477 626 420 
Vertex 421 distance 15
0 576 473 131 421 
Vertex 422 distance 8
0 618 574 321 507 422 
Vertex 423 distance 11
0 576 534 329 423 
Vertex 424 distance 14
0 618 301 601 21 424 
Vertex 425 distance 11
0 618 574 321 90 230 383 425 
Vertex 426 distance 9
0 576 534 329 426 
Vertex 427 distance 12
0 618 301 601 21 517 64 427 
Vertex 428 distance 15
0 223 428 
Vertex 429 distance 16
0 576 473 131 320 429 
Vertex 430 distance 11
0 618 574 430 
Vertex 431 distance 10
0 618 149 497 431 
Vertex 432 distance 14
0 618 149 603 432 
Vertex 433 distance 12
0 618 574 321 507 46 137 433 
Vertex 434 distance 9
0 576 473 625 434 
Vertex 435 distance 15
0 618 574 321 90 572 133 445 435 
Vertex 436 distance 14
0 576 534 329 436 
Vertex 437 distance 11
0 618 301 56 218 437 
Vertex 438 distance 12
0 618 574 321 90 230 438 
Vertex 439 distance 11
0 618 301 601 21 439 
Vertex 440 distance 12
0 576 473 131 471 440 
Vertex 441 distance 14
0 618 574 321 90 634 441 
Vertex 442 distance 14
0 618 574 321 90 500 241 442 
Vertex 443 distance 14
0 618 574 321 90 230 205 443 
Vertex 444 distance 14
0 576 473 477 444 
Vertex 445 distance 12
0 618 574 321 90 572 133 445 
Vertex 446 distance 14
0 618 574 321 507 46 137 446 
Vertex 447 distance 11
0 618 301 94 447 
Vertex 448 distance 12
0 618 211 169 132 313 97 448 
Vertex 449 distance 13
0 618 301 56 218 231 449 
Vertex 450 distance 11
0 618 301 601 450 
Vertex 451 distance 13
0 576 473 611 227 62 514 309 451 
Vertex 452 distance 14
0 618 574 321 90 500 593 639 267 452 
Vertex 453 distance 13
0 618 299 453 
Vertex 454 distance 13
0 618 301 56 218 437 454 
Vertex 455 distance 7
0 618 211 455 
Vertex 456 distance 10
0 618 299 456 
Vertex 457 distance 11
0 618 149 488 457 
Vertex 458 distance 10
0 576 534 533 283 458 
Vertex 459 distance 11
0 618 299 293 459 
Vertex 460 distance 12
0 618 574 321 90 230 200 460 
Vertex 461 distance 11
0 618 574 321 507 422 203 74 461 
Vertex 462 distance 11
0 576 534 462 
Vertex 463 distance 14
0 618 574 321 135 484 463 
Vertex 464 distance 15
0 618 574 321 90 230 205 443 464 
Vertex 465 distance 11
0 618 574 321 90 72 478 465 
Vertex 466 distance 13
0 618 299 403 569 466 
Vertex 467 distance 13
0 576 534 329 467 
Vertex 468 distance 9
0 576 473 477 626 468 
Vertex 469 distance 9
0 576 534 533 469 
Vertex 470 distance 14
0 576 377 199 213 470 
Vertex 471 distance 10
0 576 473 131 471 
Vertex 472 distance 15
0 618 149 627 472 
Vertex 473 distance 6
0 576 473 
Vertex 474 distance 13
0 576 534 180 474 
Vertex 475 distance 16
0 618 574 321 90 572 133 633 475 
Vertex 476 distance 12
0 618 574 220 476 
Vertex 477 distance 7
0 576 473 477 
Vertex 478 distance 10
0 618 574 321 90 72 478 
Vertex 479 distance 12
0 576 534 368 479 
Vertex 480 distance 12
0 618 574 321 90 72 480 
Vertex 481 distance 14
0 618 574 321 481 
Vertex 482 distance 15
0 618 149 627 207 482 
Vertex 483 distance 14
0 618 574 321 90 72 478 465 187 483 
Vertex 484 distance 12
0 618 574 321 135 484 
Vertex 485 distance 15
0 618 301 485 
Vertex 486 distance 12
0 618 211 455 12 486 
Vertex 487 distance 15
0 618 211 324 362 487 
Vertex 488 distance 9
0 618 149 488 
Vertex 489 distance 11
0 618 574 321 90 230 224 262 489 
Vertex 490 distance 14
0 618 574 321 507 422 203 74 387 490 
Vertex 491 distance 15
0 576 473 611 297 18 491 
Vertex 492 distance 13
0 576 473 477 225 492 
Vertex 493 distance 14
0 618 301 601 374 40 493 
Vertex 494 distance 14
0 618 301 94 186 494 
Vertex 495 distance 10
0 618 149 603 495 
Vertex 496 distance 12
0 618 574 321 507 422 586 268 496 
Vertex 497 distance 8
0 618 149 497 
Vertex 498 distance 11
0 618 149 497 140 498 
Vertex 499 distance 13
0 618 574 321 91 573 499 
Vertex 500 distance 9
0 618 574 321 90 500 
Vertex 501 distance 12
0 576 534 329 426 501 
Vertex 502 distance 11
0 576 377 577 502 
Vertex 503 distance 13
0 618 211 169 132 510 503 
Vertex 504 distance 13
0 618 301 56 218 437 504 
Vertex 505 distance 13
0 576 377 577 505 
Vertex 506 distance 9
0 618 211 169 506 
Vertex 507 distance 7
0 618 574 321 507 
Vertex 508 distance 12
0 618 574 321 90 572 133 633 83 508 
Vertex 509 distance 12
0 618 211 455 278 288 509 
Vertex 510 distance 12
0 618 211 169 132 510 
Vertex 511 distance 13
0 618 211 316 511 
Vertex 512 distance 12
0 618 574 321 90 72 512 
Vertex 513 distance 11
0 618 211 579 558 513 
Vertex 514 distance 10
0 576 473 611 227 62 514 
Vertex 515 distance 11
0 618 149 497 515 
Vertex 516 distance 16
0 576 473 611 227 62 514 309 451 516 
Vertex 517 distance 10
0 618 301 601 21 517 
Vertex 518 distance 14
0 576 534 368 164 518 
Vertex 519 distance 16
0 618 211 455 50 25 519 
Vertex 520 distance 12
0 618 301 601 21 517 520 
Vertex 521 distance 12
0 576 473 131 338 521 
Vertex 522 distance 14
0 618 301 601 215 522 
Vertex 523 distance 13
0 576 473 611 297 523 
Vertex 524 distance 12
0 576 473 611 537 311 524 
Vertex 525 distance 12
0 618 574 36 525 
Vertex 526 distance 13
0 618 574 321 135 204 526 
Vertex 527 distance 14
0 618 211 455 12 527 
Vertex 528 distance 14
0 618 574 321 90 572 133 445 528 
Vertex 529 distance 14
0 576 473 477 626 538 529 
Vertex 530 distance 9
0 618 149 530 
Vertex 531 distance 12
0 576 534 329 173 391 531 
Vertex 532 distance 13
0 576 534 462 238 532 
Vertex 533 distance 8
0 576 534 533 
Vertex 534 distance 7
0 576 534 
Vertex 535 distance 13
0 618 149 497 515 535 
Vertex 536 distance 10
0 618 149 627 536 
Vertex 537 distance 8
0 576 473 611 537 
Vertex 538 distance 10
0 576 473 477 626 538 
Vertex 539 distance 11
0 576 473 625 539 
Vertex 540 distance 13
0 618 574 321 507 542 150 540 
Vertex 541 distance 13
0 618 301 601 374 612 541 
Vertex 542 distance 10
0 618 574 321 507 542 
Vertex 543 distance 14
0 576 473 611 537 372 543 
Vertex 544 distance 13
0 618 574 321 507 422 203 544 
Vertex 545 distance 14
0 618 299 403 569 545 
Vertex 546 distance 12
0 618 574 321 90 500 241 546 
Vertex 547 distance 13
0 576 534 329 173 547 
Vertex 548 distance 10
0 618 574 321 90 500 548 
Vertex 549 distance 13
0 618 574 321 507 422 203 74 461 549 
Vertex 550 distance 11
0 618 574 321 507 422 203 74 550 
Vertex 551 distance 14
0 618 211 579 558 302 551 
Vertex 552 distance 11
0 618 299 403 552 
Vertex 553 distance 13
0 618 301 601 215 594 341 553 
Vertex 554 distance 14
0 576 377 577 554 
Vertex 555 distance 15
0 618 211 169 132 313 555 
Vertex 556 distance 11
0 576 534 533 469 99 556 
Vertex 557 distance 11
0 618 574 321 507 557 
Vertex 558 distance 10
0 618 211 579 558 
Vertex 559 distance 12
0 618 149 627 536 590 559 
Vertex 560 distance 12
0 618 574 321 90 125 585 560 
Vertex 561 distance 12
0 618 574 321 90 230 224 582 561 
Vertex 562 distance 13
0 618 301 56 79 562 
Vertex 563 distance 13
0 576 534 329 426 143 563 
Vertex 564 distance 12
0 618 574 321 90 230 564 
Vertex 565 distance 12
0 618 149 488 565 
Vertex 566 distance 15
0 576 473 131 338 566 
Vertex 567 distance 10
0 576 567 
Vertex 568 distance 14
0 618 574 568 
Vertex 569 distance 10
0 618 299 403 569 
Vertex 570 distance 11
0 576 377 199 570 
Vertex 571 distance 11
0 618 211 455 278 288 255 571 
Vertex 572 distance 8
0 618 574 321 90 572 
Vertex 573 distance 12
0 618 574 321 91 573 
Vertex 574 distance 5
0 618 574 
Vertex 575 distance 13
0 618 149 497 140 138 575 
Vertex 576 distance 4
0 576 
Vertex 577 distance 10
0 576 377 577 
Vertex 578 distance 14
0 618 574 321 507 68 578 
Vertex 579 distance 9
0 618 211 579 
Vertex 580 distance 15
0 576 473 131 320 245 318 580 
Vertex 581 distance 9
0 618 301 201 581 
Vertex 582 distance 10
0 618 574 321 90 230 224 582 
Vertex 583 distance 15
0 576 473 477 583 
Vertex 584 distance 11
0 576 534 533 283 458 584 
Vertex 585 distance 11
0 618 574 321 90 125 585 
Vertex 586 distance 9
0 618 574 321 507 422 586 
Vertex 587 distance 15
0 618 574 321 90 72 202 587 
Vertex 588 distance 11
0 588 
Vertex 589 distance 10
0 618 574 321 507 176 19 589 
Vertex 590 distance 11
0 618 149 627 536 590 
Vertex 591 distance 13
0 618 574 321 90 230 200 460 591 
Vertex 592 distance 13
0 618 299 592 
Vertex 593 distance 10
0 618 574 321 90 500 593 
Vertex 594 distance 11
0 618 301 601 215 594 
Vertex 595 distance 13
0 618 149 627 595 
Vertex 596 distance 13
0 618 574 36 87 291 596 
Vertex 597 distance 13
0 618 211 597 
Vertex 598 distance 13
0 618 574 321 90 230 383 425 598 
Vertex 599 distance 13
0 576 473 599 
Vertex 600 distance 10
0 576 242 600 
Vertex 601 distance 7
0 618 301 601 
Vertex 602 distance 14
0 618 574 321 90 500 241 602 
Vertex 603 distance 8
0 618 149 603 
Vertex 604 distance 11
0 618 574 321 507 422 203 604 
Vertex 605 distance 12
0 576 377 199 570 605 
Vertex 606 distance 10
0 618 301 56 79 606 
Vertex 607 distance 10
0 576 607 
Vertex 608 distance 13
0 576 473 131 320 281 608 
Vertex 609 distance 14
0 618 574 321 507 176 609 
Vertex 610 distance 12
0 618 574 321 90 230 224 262 489 610 
Vertex 611 distance 7
0 576 473 611 
Vertex 612 distance 12
0 618 301 601 374 612 
Vertex 613 distance 16
0 618 301 56 79 606 284 613 
Vertex 614 distance 12
0 618 149 603 177 614 
Vertex 615 distance 9
0 618 574 321 507 176 615 
Vertex 616 distance 14
0 618 211 597 616 
Vertex 617 distance 15
0 576 534 329 423 617 
Vertex 618 distance 3
0 618 
Vertex 619 distance 14
0 618 574 305 619 
Vertex 620 distance 12
0 618 149 627 381 620 
Vertex 621 distance 13
0 618 149 497 376 621 
Vertex 622 distance 12
0 618 301 56 79 622 
Vertex 623 distance 11
0 618 574 321 90 572 133 623 
Vertex 624 distance 14
0 618 149 497 17 624 
Vertex 625 distance 8
0 576 473 625 
Vertex 626 distance 8
0 576 473 477 626 
Vertex 627 distance 9
0 618 149 627 
Vertex 628 distance 9
0 618 574 321 507 176 628 
Vertex 629 distance 12
0 618 574 321 90 125 629 
Vertex 630 distance 15
0 618 574 321 507 46 137 446 630 
Vertex 631 distance 13
0 618 574 321 90 125 294 631 
Vertex 632 distance 15
0 618 301 601 21 517 64 63 319 632 
Vertex 633 distance 10
0 618 574 321 90 572 133 633 
Vertex 634 distance 9
0 618 574 321 90 634 
Vertex 635 distance 13
0 576 473 477 626 538 70 635 
Vertex 636 distance 11
0 618 299 403 569 636 
Vertex 637 distance 9
0 618 574 36 637 
Vertex 638 distance 13
0 618 574 321 90 572 133 188 369 638 
Vertex 639 distance 11
0 618 574 321 90 500 593 639 
