Vertex 0 distance 0
0 0 
Vertex 1 distance 31
0 493 285 1 
Vertex 2 distance 36
0 493 395 366 120 2 
Vertex 3 distance 23
0 493 357 3 
Vertex 4 distance 29
0 493 548 612 270 631 486 107 68 511 4 
Vertex 5 distance 29
0 493 357 169 111 5 
Vertex 6 distance 26
0 493 548 612 270 156 6 
Vertex 7 distance 34
0 493 357 169 215 355 533 361 7 
Vertex 8 distance 29
0 493 357 258 462 8 
Vertex 9 distance 26
0 493 357 169 9 
Vertex 10 distance 30
0 493 395 515 492 10 
Vertex 11 distance 24
0 493 548 612 465 11 
Vertex 12 distance 32
0 140 562 85 436 167 12 
Vertex 13 distance 35
0 493 548 364 283 13 
Vertex 14 distance 25
0 493 548 612 270 631 486 107 14 
Vertex 15 distance 35
0 493 357 169 215 355 533 361 15 
Vertex 16 distance 42
0 493 357 3 16 
Vertex 17 distance 24
0 247 67 17 
Vertex 18 distance 33
0 493 357 3 210 410 18 
Vertex 19 distance 39
0 493 548 612 270 631 580 201 19 
Vertex 20 distance 19
0 493 357 20 
Vertex 21 distance 29
0 493 357 20 447 639 461 21 
Vertex 22 distance 32
0 493 357 169 215 355 533 94 22 
Vertex 23 distance 23
0 493 548 612 270 631 23 
Vertex 24 distance 31
0 493 357 169 215 355 533 361 24 
Vertex 25 distance 35
0 493 548 364 534 397 268 25 
Vertex 26 distance 31
0 493 548 612 270 631 486 185 318 26 
Vertex 27 distance 34
0 493 548 557 27 
Vertex 28 distance 30
0 493 236 57 28 
Vertex 29 distance 24
0 493 548 612 270 631 157 31 29 
Vertex 30 distance 22
0 493 92 64 337 30 
Vertex 31 distance 18
0 493 548 612 270 631 157 31 
Vertex 32 distance 33
0 493 548 364 283 609 387 32 
Vertex 33 distance 33
0 493 395 515 389 226 582 33 
Vertex 34 distance 34
0 493 395 515 34 
Vertex 35 distance 30
0 97 412 42 35 
Vertex 36 distance 34
0 493 395 515 389 213 594 616 262 36 
Vertex 37 distance 23
0 493 395 515 389 226 71 37 
Vertex 38 distance 33
0 493 548 364 183 345 547 38 
Vertex 39 distance 28
0 493 548 364 183 243 305 39 
Vertex 40 distance 27
0 493 287 198 70 40 
Vertex 41 distance 31
0 247 67 44 41 
Vertex 42 distance 26
0 97 412 42 
Vertex 43 distance 29
0 493 565 43 
Vertex 44 distance 23
0 247 67 44 
Vertex 45 distance 18
0 247 45 
Vertex 46 distance 38
0 493 548 612 270 631 580 201 537 46 
Vertex 47 distance 33
0 493 395 515 389 226 255 550 577 47 
Vertex 48 distance 28
0 493 548 612 270 631 157 31 29 222 48 
Vertex 49 distance 50
0 493 236 633 354 49 
Vertex 50 distance 29
0 493 395 515 389 226 255 50 
Vertex 51 distance 33
0 493 92 347 568 51 
Vertex 52 distance 28
0 493 390 52 
Vertex 53 distance 34
0 493 548 364 534 53 
Vertex 54 distance 25
0 493 390 54 
Vertex 55 distance 32
0 493 357 20 447 55 
Vertex 56 distance 21
0 493 548 612 465 56 
Vertex 57 distance 27
0 493 236 57 
Vertex 58 distance 39
0 247 45 429 437 601 58 
Vertex 59 distance 31
0 493 395 515 389 226 71 59 
Vertex 60 distance 23
0 493 395 496 106 60 
Vertex 61 distance 28
0 493 548 612 270 631 486 375 61 
Vertex 62 distance 38
0 493 395 515 490 360 62 
Vertex 63 distance 34
0 493 548 612 465 56 302 422 63 
Vertex 64 distance 13
0 493 92 64 
Vertex 65 distance 36
0 493 390 52 65 
Vertex 66 distance 34
0 493 395 515 389 226 255 66 
Vertex 67 distance 18
0 247 67 
Vertex 68 distance 20
0 493 548 612 270 631 486 107 68 
Vertex 69 distance 35
0 493 357 473 69 
Vertex 70 distance 24
0 493 287 198 70 
Vertex 71 distance 20
0 493 395 515 389 226 71 
Vertex 72 distance 34
0 493 548 612 270 631 486 291 136 202 386 72 
Vertex 73 distance 34
0 247 84 535 73 
Vertex 74 distance 25
0 493 395 515 389 213 594 187 74 
Vertex 75 distance 29
0 493 395 515 476 75 
Vertex 76 distance 29
0 493 357 3 76 
Vertex 77 distance 27
0 493 548 612 270 631 486 428 77 
Vertex 78 distance 39
0 247 45 429 482 78 
Vertex 79 distance 28
0 493 287 79 
Vertex 80 distance 32
0 493 395 515 476 205 80 
Vertex 81 distance 39
0 493 548 612 270 631 486 375 339 81 
Vertex 82 distance 36
0 247 280 619 82 
Vertex 83 distance 34
0 247 521 83 
Vertex 84 distance 16
0 247 84 
Vertex 85 distance 23
0 140 562 85 
Vertex 86 distance 36
0 493 390 238 190 86 
Vertex 87 distance 27
0 493 548 364 183 345 87 
Vertex 88 distance 25
0 493 548 612 465 88 
Vertex 89 distance 26
0 493 395 515 389 226 71 37 89 
Vertex 90 distance 29
0 140 373 90 
Vertex 91 distance 46
0 247 576 91 
Vertex 92 distance 10
0 493 92 
Vertex 93 distance 32
0 493 548 612 270 631 157 475 529 93 
Vertex 94 distance 31
0 493 357 169 215 355 533 94 
Vertex 95 distance 33
0 493 236 57 95 
Vertex 96 distance 37
0 493 357 3 96 
Vertex 97 distance 19
0 97 
Vertex 98 distance 26
0 493 390 54 98 
Vertex 99 distance 26
0 140 200 505 179 99 
Vertex 100 distance 38
0 140 417 100 
Vertex 101 distance 27
0 247 576 101 
Vertex 102 distance 32
0 493 548 612 270 631 157 475 634 102 
Vertex 103 distance 40
0 247 589 103 
Vertex 104 distance 44
0 493 548 364 183 243 611 620 638 104 
Vertex 105 distance 27
0 247 67 17 105 
Vertex 106 distance 19
0 493 395 496 106 
Vertex 107 distance 18
0 493 548 612 270 631 486 107 
Vertex 108 distance 31
0 493 548 612 465 56 108 
Vertex 109 distance 28
0 493 390 238 109 
Vertex 110 distance 37
0 493 548 612 270 631 157 475 110 
Vertex 111 distance 24
0 493 357 169 111 
Vertex 112 distance 37
0 140 373 90 112 
Vertex 113 distance 21
0 493 395 515 389 213 113 
Vertex 114 distance 32
0 493 548 612 270 631 486 185 318 26 114 
Vertex 115 distance 24
0 247 280 115 
Vertex 116 distance 30
0 493 395 401 116 
Vertex 117 distance 32
0 493 427 117 
Vertex 118 distance 37
0 493 548 612 270 631 486 375 339 118 
Vertex 119 distance 30
0 493 565 119 
Vertex 120 distance 22
0 493 395 366 120 
Vertex 121 distance 24
0 493 395 515 389 213 113 121 
Vertex 122 distance 25
0 493 548 612 270 631 23 122 
Vertex 123 distance 34
0 493 395 515 492 392 123 
Vertex 124 distance 33
0 493 395 515 389 226 71 504 124 
Vertex 125 distance 27
0 493 548 612 270 125 
Vertex 126 distance 34
0 493 236 57 95 126 
Vertex 127 distance 27
0 493 548 364 283 127 
Vertex 128 distance 34
0 493 395 515 389 226 255 128 
Vertex 129 distance 34
0 493 92 347 491 129 
Vertex 130 distance 25
0 493 548 612 465 130 
Vertex 131 distance 30
0 493 92 347 491 480 131 
Vertex 132 distance 31
0 247 521 132 
Vertex 133 distance 35
0 493 548 612 270 631 157 133 
Vertex 134 distance 37
0 493 236 134 
Vertex 135 distance 34
0 493 395 496 106 625 135 
Vertex 136 distance 21
0 493 548 612 270 631 486 291 136 
Vertex 137 distance 27
0 493 357 20 447 639 461 137 
Vertex 138 distance 30
0 493 548 612 270 631 486 291 138 
Vertex 139 distance 36
0 493 390 592 139 
Vertex 140 distance 6
0 140 
Vertex 141 distance 36
0 97 469 241 141 
Vertex 142 distance 35
0 493 548 612 270 631 142 
Vertex 143 distance 29
0 493 357 20 447 639 461 137 143 
Vertex 144 distance 31
0 140 200 505 179 144 
Vertex 145 distance 41
0 493 548 612 270 631 486 107 145 
Vertex 146 distance 35
0 493 395 515 389 226 255 550 577 47 146 
Vertex 147 distance 22
0 493 548 426 147 
Vertex 148 distance 29
0 493 548 426 385 148 
Vertex 149 distance 29
0 493 287 198 149 
Vertex 150 distance 31
0 493 395 515 389 226 484 326 150 
Vertex 151 distance 35
0 493 395 515 389 213 113 553 159 151 
Vertex 152 distance 33
0 247 576 152 
Vertex 153 distance 30
0 493 548 612 270 631 157 153 
Vertex 154 distance 19
0 493 92 64 154 
Vertex 155 distance 10
0 493 357 155 
Vertex 156 distance 14
0 493 548 612 270 156 
Vertex 157 distance 16
0 493 548 612 270 631 157 
Vertex 158 distance 29
0 493 548 426 385 495 158 
Vertex 159 distance 34
0 493 395 515 389 213 113 553 159 
Vertex 160 distance 31
0 493 92 64 628 160 
Vertex 161 distance 27
0 493 548 612 270 631 486 291 136 202 161 
Vertex 162 distance 21
0 493 395 515 162 
Vertex 163 distance 46
0 247 67 17 399 163 
Vertex 164 distance 28
0 493 390 592 571 164 
Vertex 165 distance 34
0 140 562 85 524 165 
Vertex 166 distance 36
0 493 390 485 166 
Vertex 167 distance 29
0 140 562 85 436 167 
Vertex 168 distance 41
0 493 548 612 465 56 302 422 256 323 168 
Vertex 169 distance 14
0 493 357 169 
Vertex 170 distance 35
0 493 395 515 389 226 71 504 607 170 
Vertex 171 distance 40
0 493 548 612 270 631 486 107 14 324 171 
Vertex 172 distance 32
0 493 548 612 270 631 486 291 172 
Vertex 173 distance 40
0 493 548 364 534 397 173 
Vertex 174 distance 29
0 493 395 515 389 226 71 174 
Vertex 175 distance 34
0 493 92 64 416 424 175 
Vertex 176 distance 33
0 493 548 612 176 
Vertex 177 distance 26
0 493 92 64 337 30 177 
Vertex 178 distance 45
0 493 395 515 389 213 113 546 555 273 178 
Vertex 179 distance 22
0 140 200 505 179 
Vertex 180 distance 38
0 247 521 303 180 
Vertex 181 distance 46
0 493 357 169 242 459 181 
Vertex 182 distance 47
0 493 548 612 270 631 486 375 339 118 182 
Vertex 183 distance 15
0 493 548 364 183 
Vertex 184 distance 32
0 493 395 515 389 213 328 184 
Vertex 185 distance 27
0 493 548 612 270 631 486 185 
Vertex 186 distance 38
0 493 395 515 389 213 113 546 186 
Vertex 187 distance 21
0 493 395 515 389 213 594 187 
Vertex 188 distance 38
0 493 287 198 70 188 
Vertex 189 distance 30
0 493 395 515 389 213 113 546 189 
Vertex 190 distance 35
0 493 390 238 190 
Vertex 191 distance 35
0 493 287 198 70 40 277 191 
Vertex 192 distance 35
0 247 67 17 192 
Vertex 193 distance 30
0 493 548 426 385 148 193 
Vertex 194 distance 29
0 493 548 364 534 194 
Vertex 195 distance 26
0 493 357 169 111 195 
Vertex 196 distance 36
0 493 548 364 183 243 305 39 501 196 
Vertex 197 distance 26
0 493 287 198 70 197 
Vertex 198 distance 19
0 493 287 198 
Vertex 199 distance 29
0 493 548 612 270 631 157 31 29 222 48 199 
Vertex 200 distance 11
0 140 200 
Vertex 201 distance 28
0 493 548 612 270 631 580 201 
Vertex 202 distance 24
0 493 548 612 270 631 486 291 136 202 
Vertex 203 distance 35
0 493 92 347 491 480 203 
Vertex 204 distance 30
0 493 395 515 389 204 
Vertex 205 distance 23
0 493 395 515 476 205 
Vertex 206 distance 33
0 493 548 612 270 156 518 206 
Vertex 207 distance 22
0 493 548 612 270 207 
Vertex 208 distance 38
0 140 562 85 439 408 208 
Vertex 209 distance 30
0 493 395 515 389 213 594 209 
Vertex 210 distance 28
0 493 357 3 210 
Vertex 211 distance 31
0 140 562 85 436 211 
Vertex 212 distance 27
0 493 548 612 465 88 212 
Vertex 213 distance 15
0 493 395 515 389 213 
Vertex 214 distance 34
0 247 67 17 325 214 
Vertex 215 distance 20
0 493 357 169 215 
Vertex 216 distance 33
0 493 548 364 183 243 305 216 
Vertex 217 distance 32
0 493 548 612 465 56 302 422 256 217 
Vertex 218 distance 33
0 493 357 258 218 
Vertex 219 distance 36
0 493 287 198 70 197 219 
Vertex 220 distance 30
0 493 357 3 220 
Vertex 221 distance 26
0 493 395 515 389 213 113 540 221 
Vertex 222 distance 26
0 493 548 612 270 631 157 31 29 222 
Vertex 223 distance 40
0 493 92 347 568 51 223 
Vertex 224 distance 40
0 493 548 364 183 345 566 224 
Vertex 225 distance 12
0 493 92 225 
Vertex 226 distance 17
0 493 395 515 389 226 
Vertex 227 distance 26
0 493 357 227 
Vertex 228 distance 40
0 493 92 64 416 228 
Vertex 229 distance 39
0 229 
Vertex 230 distance 33
0 493 357 20 230 
Vertex 231 distance 25
0 140 231 
Vertex 232 distance 36
0 493 548 612 465 56 302 422 232 
Vertex 233 distance 32
0 493 548 612 465 56 108 233 
Vertex 234 distance 31
0 493 92 347 491 234 
Vertex 235 distance 33
0 493 548 364 183 243 305 235 
Vertex 236 distance 10
0 493 236 
Vertex 237 distance 34
0 493 357 169 215 237 
Vertex 238 distance 24
0 493 390 238 
Vertex 239 distance 25
0 247 280 115 239 
Vertex 240 distance 26
0 493 357 258 549 240 
Vertex 241 distance 26
0 97 469 241 
Vertex 242 distance 20
0 493 357 169 242 
Vertex 243 distance 25
0 493 548 364 183 243 
Vertex 244 distance 35
0 493 395 515 389 204 374 244 
Vertex 245 distance 26
0 493 548 612 270 631 245 
Vertex 246 distance 36
0 493 395 515 389 226 71 331 246 
Vertex 247 distance 11
0 247 
Vertex 248 distance 35
0 247 280 248 
Vertex 249 distance 36
0 493 548 557 249 
Vertex 250 distance 28
0 493 395 515 389 213 113 546 250 
Vertex 251 distance 41
0 493 92 449 456 251 
Vertex 252 distance 24
0 493 548 612 270 156 252 
Vertex 253 distance 29
0 493 548 612 558 253 
Vertex 254 distance 30
0 493 548 612 270 631 157 475 634 349 254 
Vertex 255 distance 19
0 493 395 515 389 226 255 
Vertex 256 distance 30
0 493 548 612 465 56 302 422 256 
Vertex 257 distance 37
0 493 548 612 270 631 157 31 257 
Vertex 258 distance 14
0 493 357 258 
Vertex 259 distance 26
0 493 92 64 259 
Vertex 260 distance 34
0 493 548 612 270 631 486 291 136 202 341 344 569 260 
Vertex 261 distance 36
0 493 548 612 270 631 157 261 
Vertex 262 distance 25
0 493 395 515 389 213 594 616 262 
Vertex 263 distance 36
0 493 395 515 389 213 113 553 159 151 263 
Vertex 264 distance 41
0 493 548 612 465 470 271 264 
Vertex 265 distance 31
0 493 357 258 549 240 265 
Vertex 266 distance 36
0 493 287 198 453 266 
Vertex 267 distance 31
0 493 92 64 267 
Vertex 268 distance 28
0 493 548 364 534 397 268 
Vertex 269 distance 33
0 493 395 515 389 213 594 616 269 
Vertex 270 distance 13
0 493 548 612 270 
Vertex 271 distance 29
0 493 548 612 465 470 271 
Vertex 272 distance 35
0 493 395 515 389 226 255 66 272 
Vertex 273 distance 27
0 493 395 515 389 213 113 546 555 273 
Vertex 274 distance 32
0 493 287 198 70 197 274 
Vertex 275 distance 27
0 493 395 515 490 275 
Vertex 276 distance 33
0 140 562 85 439 370 276 
Vertex 277 distance 28
0 493 287 198 70 40 277 
Vertex 278 distance 33
0 247 67 44 41 278 
Vertex 279 distance 21
0 493 548 426 385 279 
Vertex 280 distance 19
0 247 280 
Vertex 281 distance 26
0 247 67 44 281 
Vertex 282 distance 28
0 140 562 282 
Vertex 283 distance 26
0 493 548 364 283 
Vertex 284 distance 33
0 493 287 198 70 40 277 284 
Vertex 285 distance 15
0 493 285 
Vertex 286 distance 41
0 493 390 592 463 286 
Vertex 287 distance 17
0 493 287 
Vertex 288 distance 28
0 493 395 515 389 213 594 187 288 
Vertex 289 distance 27
0 247 67 44 281 289 
Vertex 290 distance 37
0 247 576 523 290 
Vertex 291 distance 19
0 493 548 612 270 631 486 291 
Vertex 292 distance 37
0 493 395 515 389 213 594 618 623 292 
Vertex 293 distance 42
0 493 548 612 270 631 157 475 293 
Vertex 294 distance 33
0 493 287 198 294 
Vertex 295 distance 35
0 97 412 295 
Vertex 296 distance 37
0 493 92 64 416 424 175 296 
Vertex 297 distance 27
0 493 548 364 297 
Vertex 298 distance 25
0 493 395 515 389 213 594 618 340 298 
Vertex 299 distance 46
0 140 231 299 
Vertex 300 distance 22
0 493 548 612 270 156 510 300 
Vertex 301 distance 30
0 493 395 515 389 226 509 301 
Vertex 302 distance 23
0 493 548 612 465 56 302 
Vertex 303 distance 29
0 247 521 303 
Vertex 304 distance 41
0 493 548 612 270 631 157 475 634 349 313 304 
Vertex 305 distance 27
0 493 548 364 183 243 305 
Vertex 306 distance 35
0 493 236 57 306 
Vertex 307 distance 36
0 493 357 169 111 195 307 
Vertex 308 distance 33
0 493 395 515 389 226 71 59 308 
Vertex 309 distance 32
0 493 357 600 309 
Vertex 310 distance 37
0 247 521 83 310 
Vertex 311 distance 20
0 493 548 612 465 311 
Vertex 312 distance 32
0 493 395 515 389 213 113 546 555 273 312 
Vertex 313 distance 32
0 493 548 612 270 631 157 475 634 349 313 
Vertex 314 distance 27
0 493 357 258 549 240 314 
Vertex 315 distance 27
0 493 395 515 389 213 594 618 340 298 554 315 
Vertex 316 distance 30
0 493 548 612 270 631 23 316 
Vertex 317 distance 32
0 493 395 515 389 213 594 618 340 298 317 
Vertex 318 distance 29
0 493 548 612 270 631 486 185 318 
Vertex 319 distance 29
0 493 395 496 106 319 
Vertex 320 distance 37
0 493 395 515 389 213 594 187 288 320 
Vertex 321 distance 29
0 247 576 101 321 
Vertex 322 distance 25
0 493 395 515 476 205 322 
Vertex 323 distance 36
0 493 548 612 465 56 302 422 256 323 
Vertex 324 distance 31
0 493 548 612 270 631 486 107 14 324 
Vertex 325 distance 27
0 247 67 17 325 
Vertex 326 distance 29
0 493 395 515 389 226 484 326 
Vertex 327 distance 36
0 493 236 57 327 
Vertex 328 distance 29
0 493 395 515 389 213 328 
Vertex 329 distance 27
0 493 357 20 447 639 329 
Vertex 330 distance 34
0 493 357 258 549 240 406 330 
Vertex 331 distance 33
0 493 395 515 389 226 71 331 
Vertex 332 distance 28
0 140 562 85 439 332 
Vertex 333 distance 24
0 493 92 396 333 
Vertex 334 distance 32
0 493 548 426 147 334 
Vertex 335 distance 43
0 493 395 515 389 213 594 187 288 335 
Vertex 336 distance 37
0 493 357 169 111 5 336 
Vertex 337 distance 14
0 493 92 64 337 
Vertex 338 distance 31
0 493 390 238 338 
Vertex 339 distance 33
0 493 548 612 270 631 486 375 339 
Vertex 340 distance 24
0 493 395 515 389 213 594 618 340 
Vertex 341 distance 25
0 493 548 612 270 631 486 291 136 202 341 
Vertex 342 distance 33
0 493 548 612 270 536 342 
Vertex 343 distance 28
0 493 395 496 343 
Vertex 344 distance 28
0 493 548 612 270 631 486 291 136 202 341 344 
Vertex 345 distance 24
0 493 548 364 183 345 
Vertex 346 distance 26
0 493 395 515 389 226 255 550 346 
Vertex 347 distance 18
0 493 92 347 
Vertex 348 distance 23
0 493 395 515 162 348 
Vertex 349 distance 27
0 493 548 612 270 631 157 475 634 349 
Vertex 350 distance 33
0 493 548 612 270 631 157 475 634 350 
Vertex 351 distance 31
0 247 351 
Vertex 352 distance 31
0 493 548 612 270 631 157 31 29 222 48 352 
Vertex 353 distance 33
0 493 92 347 568 353 
Vertex 354 distance 34
0 493 236 633 354 
Vertex 355 distance 28
0 493 357 169 215 355 
Vertex 356 distance 40
0 493 236 57 95 356 
Vertex 357 distance 6
0 493 357 
Vertex 358 distance 48
0 493 357 258 549 240 406 330 358 
Vertex 359 distance 31
0 493 395 366 614 382 359 
Vertex 360 distance 36
0 493 395 515 490 360 
Vertex 361 distance 30
0 493 357 169 215 355 533 361 
Vertex 362 distance 28
0 493 390 592 362 
Vertex 363 distance 30
0 493 357 20 447 639 434 363 
Vertex 364 distance 11
0 493 548 364 
Vertex 365 distance 30
0 493 395 515 490 275 365 
Vertex 366 distance 13
0 493 395 366 
Vertex 367 distance 42
0 493 395 515 389 204 374 244 367 
Vertex 368 distance 37
0 493 548 612 270 156 510 300 624 457 369 368 
Vertex 369 distance 33
0 493 548 612 270 156 510 300 624 457 369 
Vertex 370 distance 29
0 140 562 85 439 370 
Vertex 371 distance 39
0 247 576 101 321 371 
Vertex 372 distance 31
0 493 357 258 462 372 
Vertex 373 distance 26
0 140 373 
Vertex 374 distance 31
0 493 395 515 389 204 374 
Vertex 375 distance 27
0 493 548 612 270 631 486 375 
Vertex 376 distance 31
0 140 562 85 436 167 376 
Vertex 377 distance 32
0 493 357 169 111 5 377 
Vertex 378 distance 22
0 493 395 515 476 378 
Vertex 379 distance 33
0 140 562 85 436 167 376 379 
Vertex 380 distance 33
0 493 548 364 183 243 380 
Vertex 381 distance 21
0 493 548 612 270 631 157 381 
Vertex 382 distance 29
0 493 395 366 614 382 
Vertex 383 distance 20
0 247 45 383 
Vertex 384 distance 26
0 493 395 515 389 226 582 384 
Vertex 385 distance 19
0 493 548 426 385 
Vertex 386 distance 28
0 493 548 612 270 631 486 291 136 202 386 
Vertex 387 distance 30
0 493 548 364 283 609 387 
Vertex 388 distance 38
0 493 388 
Vertex 389 distance 12
0 493 395 515 389 
Vertex 390 distance 12
0 493 390 
Vertex 391 distance 30
0 493 395 515 389 213 594 391 
Vertex 392 distance 29
0 493 395 515 492 392 
Vertex 393 distance 34
0 493 285 393 
Vertex 394 distance 34
0 493 548 612 465 311 584 394 
Vertex 395 distance 8
0 493 395 
Vertex 396 distance 20
0 493 92 396 
Vertex 397 distance 27
0 493 548 364 534 397 
Vertex 398 distance 38
0 493 390 54 398 
Vertex 399 distance 29
0 247 67 17 399 
Vertex 400 distance 38
0 493 548 364 534 397 400 
Vertex 401 distance 28
0 493 395 401 
Vertex 402 distance 42
0 493 395 515 490 402 
Vertex 403 distance 31
0 493 357 20 447 639 403 
Vertex 404 distance 32
0 493 395 515 389 213 113 121 404 
Vertex 405 distance 35
0 97 469 405 
Vertex 406 distance 27
0 493 357 258 549 240 406 
Vertex 407 distance 33
0 493 548 612 407 
Vertex 408 distance 29
0 140 562 85 439 408 
Vertex 409 distance 31
0 97 469 432 409 
Vertex 410 distance 30
0 493 357 3 210 410 
Vertex 411 distance 29
0 493 92 411 
Vertex 412 distance 23
0 97 412 
Vertex 413 distance 29
0 493 395 515 389 226 255 413 
Vertex 414 distance 29
0 493 395 515 492 414 
Vertex 415 distance 29
0 247 45 429 437 415 
Vertex 416 distance 28
0 493 92 64 416 
Vertex 417 distance 34
0 140 417 
Vertex 418 distance 37
0 140 200 505 179 418 
Vertex 419 distance 32
0 493 548 612 465 311 419 
Vertex 420 distance 38
0 493 548 364 534 397 420 
Vertex 421 distance 26
0 493 395 515 476 494 421 
Vertex 422 distance 28
0 493 548 612 465 56 302 422 
Vertex 423 distance 32
0 97 488 423 
Vertex 424 distance 33
0 493 92 64 416 424 
Vertex 425 distance 32
0 493 390 592 425 
Vertex 426 distance 18
0 493 548 426 
Vertex 427 distance 28
0 493 427 
Vertex 428 distance 22
0 493 548 612 270 631 486 428 
Vertex 429 distance 21
0 247 45 429 
Vertex 430 distance 42
0 493 548 612 430 
Vertex 431 distance 41
0 247 45 383 431 
Vertex 432 distance 30
0 97 469 432 
Vertex 433 distance 39
0 493 548 612 270 631 157 475 634 349 433 
Vertex 434 distance 28
0 493 357 20 447 639 434 
Vertex 435 distance 40
0 493 548 612 270 631 157 475 634 435 
Vertex 436 distance 26
0 140 562 85 436 
Vertex 437 distance 22
0 247 45 429 437 
Vertex 438 distance 31
0 493 395 496 343 438 
Vertex 439 distance 27
0 140 562 85 439 
Vertex 440 distance 46
0 140 562 85 436 167 376 379 440 
Vertex 441 distance 36
0 493 395 515 389 226 71 504 441 
Vertex 442 distance 36
0 140 562 442 
Vertex 443 distance 35
0 493 548 364 297 443 
Vertex 444 distance 33
0 493 548 612 465 311 584 444 
Vertex 445 distance 33
0 493 427 117 445 
Vertex 446 distance 31
0 140 562 446 
Vertex 447 distance 20
0 493 357 20 447 
Vertex 448 distance 38
0 493 548 612 270 631 486 291 136 202 541 448 
Vertex 449 distance 28
0 493 92 449 
Vertex 450 distance 32
0 493 357 258 462 8 450 
Vertex 451 distance 27
0 247 521 451 
Vertex 452 distance 30
0 493 395 515 389 213 594 618 340 452 
Vertex 453 distance 29
0 493 287 198 453 
Vertex 454 distance 30
0 493 548 364 183 243 454 
Vertex 455 distance 34
0 493 548 612 270 631 486 586 455 
Vertex 456 distance 30
0 493 92 449 456 
Vertex 457 distance 30
0 493 548 612 270 156 510 300 624 457 
Vertex 458 distance 39
0 493 548 612 270 631 486 291 136 202 386 72 458 
Vertex 459 distance 33
0 493 357 169 242 459 
Vertex 460 distance 36
0 493 395 515 389 213 113 121 404 460 
Vertex 461 distance 25
0 493 357 20 447 639 461 
Vertex 462 distance 23
0 493 357 258 462 
Vertex 463 distance 33
0 493 390 592 463 
Vertex 464 distance 22
0 493 464 
Vertex 465 distance 14
0 493 548 612 465 
Vertex 466 distance 27
0 493 395 515 476 494 466 
Vertex 467 distance 32
0 493 395 496 106 625 467 
Vertex 468 distance 28
0 493 287 198 70 197 468 
Vertex 469 distance 23
0 97 469 
Vertex 470 distance 24
0 493 548 612 465 470 
Vertex 471 distance 34
0 493 357 169 215 355 533 361 471 
Vertex 472 distance 34
0 97 469 432 409 472 
Vertex 473 distance 28
0 493 357 473 
Vertex 474 distance 34
0 247 576 523 474 
Vertex 475 distance 22
0 493 548 612 270 631 157 475 
Vertex 476 distance 20
0 493 395 515 476 
Vertex 477 distance 36
0 493 395 515 476 494 466 477 
Vertex 478 distance 34
0 493 395 366 120 478 
Vertex 479 distance 33
0 493 548 557 479 
Vertex 480 distance 22
0 493 92 347 491 480 
Vertex 481 distance 35
0 493 92 481 
Vertex 482 distance 27
0 247 45 429 482 
Vertex 483 distance 36
0 493 395 515 389 213 113 546 555 483 
Vertex 484 distance 22
0 493 395 515 389 226 484 
Vertex 485 distance 22
0 493 390 485 
Vertex 486 distance 17
0 493 548 612 270 631 486 
Vertex 487 distance 35
0 493 565 119 487 
Vertex 488 distance 20
0 97 488 
Vertex 489 distance 27
0 493 395 515 389 213 113 489 
Vertex 490 distance 22
0 493 395 515 490 
Vertex 491 distance 19
0 493 92 347 491 
Vertex 492 distance 23
0 493 395 515 492 
Vertex 493 distance 5
0 493 
Vertex 494 distance 25
0 493 395 515 476 494 
Vertex 495 distance 24
0 493 548 426 385 495 
Vertex 496 distance 18
0 493 395 496 
Vertex 497 distance 40
0 140 562 85 436 522 497 
Vertex 498 distance 25
0 493 92 396 333 498 
Vertex 499 distance 34
0 493 395 543 499 
Vertex 500 distance 33
0 493 548 612 270 631 500 
Vertex 501 distance 33
0 493 548 364 183 243 305 39 501 
Vertex 502 distance 28
0 493 357 155 502 
Vertex 503 distance 45
0 493 287 198 453 503 
Vertex 504 distance 28
0 493 395 515 389 226 71 504 
Vertex 505 distance 21
0 140 200 505 
Vertex 506 distance 31
0 493 506 
Vertex 507 distance 35
0 493 395 366 120 478 507 
Vertex 508 distance 57
0 247 280 619 82 508 
Vertex 509 distance 29
0 493 395 515 389 226 509 
Vertex 510 distance 21
0 493 548 612 270 156 510 
Vertex 511 distance 23
0 493 548 612 270 631 486 107 68 511 
Vertex 512 distance 33
0 247 589 512 
Vertex 513 distance 37
0 493 548 364 183 345 513 
Vertex 514 distance 32
0 140 200 505 179 99 514 
Vertex 515 distance 11
0 493 395 515 
Vertex 516 distance 40
0 247 84 516 
Vertex 517 distance 39
0 97 469 517 
Vertex 518 distance 22
0 493 548 612 270 156 518 
Vertex 519 distance 37
0 493 390 238 109 519 
Vertex 520 distance 29
0 493 548 612 270 631 157 381 520 
Vertex 521 distance 24
0 247 521 
Vertex 522 distance 35
0 140 562 85 436 522 
Vertex 523 distance 24
0 247 576 523 
Vertex 524 distance 31
0 140 562 85 524 
Vertex 525 distance 24
0 493 548 426 385 279 525 
Vertex 526 distance 38
0 493 395 515 389 213 113 546 555 526 
Vertex 527 distance 35
0 493 395 515 490 275 365 527 
Vertex 528 distance 32
0 493 395 515 389 213 113 546 528 
Vertex 529 distance 31
0 493 548 612 270 631 157 475 529 
Vertex 530 distance 38
0 97 488 423 530 
Vertex 531 distance 51
0 493 548 426 147 531 
Vertex 532 distance 34
0 493 357 169 215 355 533 532 
Vertex 533 distance 29
0 493 357 169 215 355 533 
Vertex 534 distance 20
0 493 548 364 534 
Vertex 535 distance 32
0 247 84 535 
Vertex 536 distance 27
0 493 548 612 270 536 
Vertex 537 distance 30
0 493 548 612 270 631 580 201 537 
Vertex 538 distance 34
0 493 548 612 270 156 510 300 624 538 
Vertex 539 distance 28
0 493 395 515 389 213 113 121 539 
Vertex 540 distance 25
0 493 395 515 389 213 113 540 
Vertex 541 distance 31
0 493 548 612 270 631 486 291 136 202 541 
Vertex 542 distance 35
0 493 548 426 385 542 
Vertex 543 distance 31
0 493 395 543 
Vertex 544 distance 24
0 493 395 496 106 60 544 
Vertex 545 distance 23
0 493 548 426 385 545 
Vertex 546 distance 22
0 493 395 515 389 213 113 546 
Vertex 547 distance 31
0 493 548 364 183 345 547 
Vertex 548 distance 10
0 493 548 
Vertex 549 distance 20
0 493 357 258 549 
Vertex 550 distance 20
0 493 395 515 389 226 255 550 
Vertex 551 distance 25
0 493 548 426 551 
Vertex 552 distance 26
0 493 395 515 389 213 594 187 552 
Vertex 553 distance 30
0 493 395 515 389 213 113 553 
Vertex 554 distance 26
0 493 395 515 389 213 594 618 340 298 554 
Vertex 555 distance 25
0 493 395 515 389 213 113 546 555 
Vertex 556 distance 30
0 493 395 515 389 226 556 
Vertex 557 distance 32
0 493 548 557 
Vertex 558 distance 26
0 493 548 612 558 
Vertex 559 distance 36
0 247 576 523 559 
Vertex 560 distance 37
0 493 395 515 476 494 466 560 
Vertex 561 distance 40
0 493 548 612 270 631 157 261 561 
Vertex 562 distance 19
0 140 562 
Vertex 563 distance 32
0 493 395 515 389 213 563 
Vertex 564 distance 32
0 493 357 155 564 
Vertex 565 distance 24
0 493 565 
Vertex 566 distance 29
0 493 548 364 183 345 566 
Vertex 567 distance 43
0 493 357 20 447 639 329 567 
Vertex 568 distance 26
0 493 92 347 568 
Vertex 569 distance 33
0 493 548 612 270 631 486 291 136 202 341 344 569 
Vertex 570 distance 21
0 493 548 612 570 
Vertex 571 distance 27
0 493 390 592 571 
Vertex 572 distance 37
0 493 357 258 549 240 406 575 572 
Vertex 573 distance 32
0 493 548 612 270 631 486 428 77 573 
Vertex 574 distance 27
0 493 548 612 270 631 23 122 574 
Vertex 575 distance 29
0 493 357 258 549 240 406 575 
Vertex 576 distance 22
0 247 576 
Vertex 577 distance 32
0 493 395 515 389 226 255 550 577 
Vertex 578 distance 26
0 247 521 578 
Vertex 579 distance 37
0 493 287 198 453 266 579 
Vertex 580 distance 21
0 493 548 612 270 631 580 
Vertex 581 distance 37
0 493 285 581 
Vertex 582 distance 24
0 493 395 515 389 226 582 
Vertex 583 distance 32
0 493 548 612 270 631 486 291 138 583 
Vertex 584 distance 22
0 493 548 612 465 311 584 
Vertex 585 distance 32
0 493 548 364 297 585 
Vertex 586 distance 33
0 493 548 612 270 631 486 586 
Vertex 587 distance 33
0 493 548 612 270 631 486 185 318 587 
Vertex 588 distance 39
0 247 67 588 
Vertex 589 distance 25
0 247 589 
Vertex 590 distance 32
0 493 357 258 590 
Vertex 591 distance 32
0 247 576 523 591 
Vertex 592 distance 14
0 493 390 592 
Vertex 593 distance 31
0 247 576 523 593 
Vertex 594 distance 20
0 493 395 515 389 213 594 
Vertex 595 distance 23
0 493 92 347 491 595 
Vertex 596 distance 35
0 493 357 258 462 596 
Vertex 597 distance 28
0 247 67 44 281 289 597 
Vertex 598 distance 24
0 493 92 64 154 598 
Vertex 599 distance 23
0 493 287 599 
Vertex 600 distance 24
0 493 357 600 
Vertex 601 distance 38
0 247 45 429 437 601 
Vertex 602 distance 36
0 493 548 612 270 156 6 602 
Vertex 603 distance 36
0 493 395 515 389 226 71 59 603 
Vertex 604 distance 36
0 247 604 
Vertex 605 distance 45
0 493 390 592 571 605 
Vertex 606 distance 33
0 493 548 426 385 279 606 
Vertex 607 distance 32
0 493 395 515 389 226 71 504 607 
Vertex 608 distance 31
0 247 67 608 
Vertex 609 distance 27
0 493 548 364 283 609 
Vertex 610 distance 30
0 493 548 612 270 156 510 300 624 610 
Vertex 611 distance 26
0 493 548 364 183 243 611 
Vertex 612 distance 11
0 493 548 612 
Vertex 613 distance 31
0 493 357 600 613 
Vertex 614 distance 28
0 493 395 366 614 
Vertex 615 distance 28
0 493 395 515 389 226 71 615 
Vertex 616 distance 22
0 493 395 515 389 213 594 616 
Vertex 617 distance 28
0 493 548 426 385 279 617 
Vertex 618 distance 21
0 493 395 515 389 213 594 618 
Vertex 619 distance 30
0 247 280 619 
Vertex 620 distance 27
0 493 548 364 183 243 611 620 
Vertex 621 distance 32
0 493 548 612 270 631 157 621 
Vertex 622 distance 29
0 247 67 44 281 622 
Vertex 623 distance 28
0 493 395 515 389 213 594 618 623 
Vertex 624 distance 27
0 493 548 612 270 156 510 300 624 
Vertex 625 distance 28
0 493 395 496 106 625 
Vertex 626 distance 22
0 493 92 64 337 626 
Vertex 627 distance 36
0 493 548 364 183 243 305 216 627 
Vertex 628 distance 18
0 493 92 64 628 
Vertex 629 distance 32
0 493 395 515 476 629 
Vertex 630 distance 26
0 493 285 630 
Vertex 631 distance 15
0 493 548 612 270 631 
Vertex 632 distance 36
0 493 357 20 447 632 
Vertex 633 distance 22
0 493 236 633 
Vertex 634 distance 26
0 493 548 612 270 631 157 475 634 
Vertex 635 distance 33
0 97 412 42 635 
Vertex 636 distance 29
0 493 357 169 9 636 
Vertex 637 distance 28
0 493 357 169 242 637 
Vertex 638 distance 33
0 493 548 364 183 243 611 620 638 
Vertex 639 distance 22
0 493 357 20 447 639 
