Vertex 0 distance 0
0 0 
Vertex 1 distance 19
0 323 335 53 559 258 1 
Vertex 2 distance 20
0 367 449 440 277 2 
Vertex 3 distance 17
0 367 449 61 63 639 3 
Vertex 4 distance 22
0 367 449 447 502 134 233 432 488 4 
Vertex 5 distance 15
0 223 617 469 5 
Vertex 6 distance 27
0 323 6 
Vertex 7 distance 21
0 323 335 279 626 421 410 46 7 
Vertex 8 distance 4
0 8 
Vertex 9 distance 21
0 8 9 
Vertex 10 distance 9
0 10 
Vertex 11 distance 17
0 367 449 447 502 134 233 475 11 
Vertex 12 distance 19
0 367 449 447 107 456 12 
Vertex 13 distance 15
0 323 13 
Vertex 14 distance 25
0 367 449 61 63 639 3 14 
Vertex 15 distance 15
0 507 344 15 
Vertex 16 distance 18
0 367 449 447 502 134 233 432 161 16 
Vertex 17 distance 23
0 367 449 85 227 17 
Vertex 18 distance 17
0 323 335 53 436 498 60 18 
Vertex 19 distance 23
0 323 335 53 19 
Vertex 20 distance 21
0 367 449 447 502 134 233 432 128 630 451 304 20 
Vertex 21 distance 17
0 367 449 447 502 29 21 
Vertex 22 distance 17
0 367 449 407 142 430 22 
Vertex 23 distance 19
0 367 499 23 
Vertex 24 distance 21
0 323 335 68 105 373 561 24 
Vertex 25 distance 15
0 367 449 61 63 25 
Vertex 26 distance 13
0 10 26 
Vertex 27 distance 22
0 367 449 447 154 187 139 27 
Vertex 28 distance 20
0 367 449 61 625 28 
Vertex 29 distance 15
0 367 449 447 502 29 
Vertex 30 distance 24
0 367 449 447 502 408 353 50 30 
Vertex 31 distance 19
0 323 335 68 339 31 
Vertex 32 distance 16
0 367 449 447 502 408 32 
Vertex 33 distance 19
0 323 335 68 603 183 33 
Vertex 34 distance 16
0 10 463 34 
Vertex 35 distance 19
0 367 449 85 433 35 
Vertex 36 distance 17
0 367 449 447 502 134 233 432 515 36 
Vertex 37 distance 20
0 323 623 578 210 37 
Vertex 38 distance 17
0 323 335 279 626 421 38 
Vertex 39 distance 19
0 323 13 455 80 39 
Vertex 40 distance 11
0 507 503 200 40 
Vertex 41 distance 18
0 367 449 447 502 467 198 41 
Vertex 42 distance 21
0 367 449 447 154 357 42 
Vertex 43 distance 16
0 223 617 109 43 
Vertex 44 distance 18
0 507 503 44 
Vertex 45 distance 18
0 367 449 447 502 384 91 45 
Vertex 46 distance 20
0 323 335 279 626 421 410 46 
Vertex 47 distance 17
0 323 458 312 47 
Vertex 48 distance 15
0 367 449 447 502 134 233 432 128 48 
Vertex 49 distance 17
0 223 617 109 484 276 49 
Vertex 50 distance 19
0 367 449 447 502 408 353 50 
Vertex 51 distance 19
0 323 623 578 51 
Vertex 52 distance 21
0 367 449 407 506 264 601 52 
Vertex 53 distance 8
0 323 335 53 
Vertex 54 distance 15
0 367 449 447 502 467 198 54 
Vertex 55 distance 18
0 323 618 168 217 55 
Vertex 56 distance 15
0 367 499 56 
Vertex 57 distance 17
0 367 449 61 63 57 
Vertex 58 distance 11
0 323 335 279 58 
Vertex 59 distance 15
0 323 335 68 105 59 
Vertex 60 distance 15
0 323 335 53 436 498 60 
Vertex 61 distance 11
0 367 449 61 
Vertex 62 distance 13
0 367 449 440 62 
Vertex 63 distance 14
0 367 449 61 63 
Vertex 64 distance 18
0 323 335 279 58 622 64 
Vertex 65 distance 24
0 367 449 447 502 134 233 195 125 592 65 
Vertex 66 distance 17
0 367 499 56 66 
Vertex 67 distance 16
0 323 290 164 92 288 67 
Vertex 68 distance 10
0 323 335 68 
Vertex 69 distance 19
0 367 449 447 502 29 567 69 
Vertex 70 distance 19
0 323 335 279 58 622 64 70 
Vertex 71 distance 24
0 323 335 53 436 498 71 
Vertex 72 distance 15
0 367 449 447 502 134 534 72 
Vertex 73 distance 19
0 367 449 407 289 73 
Vertex 74 distance 20
0 367 449 447 502 134 233 475 11 74 
Vertex 75 distance 21
0 367 449 447 154 406 314 387 75 
Vertex 76 distance 10
0 507 503 76 
Vertex 77 distance 19
0 323 623 320 241 77 
Vertex 78 distance 19
0 367 449 447 502 384 91 636 78 
Vertex 79 distance 16
0 367 449 407 142 430 79 
Vertex 80 distance 18
0 323 13 455 80 
Vertex 81 distance 15
0 323 618 168 81 
Vertex 82 distance 18
0 10 463 452 82 
Vertex 83 distance 12
0 507 503 200 40 83 
Vertex 84 distance 20
0 323 335 254 584 84 
Vertex 85 distance 10
0 367 449 85 
Vertex 86 distance 20
0 323 345 305 86 
Vertex 87 distance 12
0 323 335 68 603 87 
Vertex 88 distance 29
0 323 335 68 402 88 
Vertex 89 distance 9
0 223 617 89 
Vertex 90 distance 13
0 8 90 
Vertex 91 distance 15
0 367 449 447 502 384 91 
Vertex 92 distance 13
0 323 290 164 92 
Vertex 93 distance 19
0 323 335 68 603 93 
Vertex 94 distance 23
0 367 449 447 502 134 233 475 11 94 
Vertex 95 distance 16
0 367 449 447 502 558 417 95 
Vertex 96 distance 16
0 367 449 97 96 
Vertex 97 distance 14
0 367 449 97 
Vertex 98 distance 19
0 323 335 68 105 59 98 
Vertex 99 distance 17
0 323 335 53 436 99 
Vertex 100 distance 20
0 367 449 447 502 100 
Vertex 101 distance 20
0 323 335 279 626 421 410 411 101 
Vertex 102 distance 19
0 507 503 76 395 102 
Vertex 103 distance 17
0 367 449 447 416 372 103 
Vertex 104 distance 15
0 367 449 447 416 372 104 
Vertex 105 distance 13
0 323 335 68 105 
Vertex 106 distance 19
0 367 449 447 416 372 106 
Vertex 107 distance 11
0 367 449 447 107 
Vertex 108 distance 15
0 367 449 447 502 134 233 432 515 108 
Vertex 109 distance 10
0 223 617 109 
Vertex 110 distance 23
0 323 335 53 559 294 548 349 110 
Vertex 111 distance 14
0 223 617 109 484 111 
Vertex 112 distance 21
0 367 449 447 502 134 233 475 419 524 224 112 
Vertex 113 distance 20
0 367 449 447 502 467 198 245 492 113 
Vertex 114 distance 21
0 367 449 447 502 467 457 114 
Vertex 115 distance 21
0 367 449 447 416 372 106 115 
Vertex 116 distance 23
0 367 449 61 63 116 
Vertex 117 distance 19
0 8 90 280 117 
Vertex 118 distance 18
0 323 335 53 559 118 
Vertex 119 distance 22
0 367 449 407 142 146 119 
Vertex 120 distance 17
0 367 449 447 502 467 120 
Vertex 121 distance 18
0 10 463 121 
Vertex 122 distance 17
0 367 449 97 122 
Vertex 123 distance 21
0 323 335 279 626 421 123 
Vertex 124 distance 17
0 367 449 447 502 29 124 
Vertex 125 distance 17
0 367 449 447 502 134 233 195 125 
Vertex 126 distance 16
0 367 449 407 289 352 126 
Vertex 127 distance 20
0 367 449 447 502 209 424 321 127 
Vertex 128 distance 13
0 367 449 447 502 134 233 432 128 
Vertex 129 distance 17
0 8 90 129 
Vertex 130 distance 18
0 223 617 469 130 
Vertex 131 distance 20
0 367 449 447 502 134 233 432 128 546 131 
Vertex 132 distance 20
0 367 449 447 154 589 478 132 
Vertex 133 distance 19
0 367 449 407 506 264 601 133 
Vertex 134 distance 10
0 367 449 447 502 134 
Vertex 135 distance 18
0 367 449 447 502 29 135 
Vertex 136 distance 22
0 323 335 279 58 622 64 70 466 136 
Vertex 137 distance 16
0 507 503 76 293 137 
Vertex 138 distance 20
0 323 335 53 559 118 138 
Vertex 139 distance 19
0 367 449 447 154 187 139 
Vertex 140 distance 18
0 367 449 447 416 191 140 
Vertex 141 distance 27
0 323 335 68 105 59 573 244 185 141 
Vertex 142 distance 10
0 367 449 407 142 
Vertex 143 distance 16
0 10 463 452 143 
Vertex 144 distance 22
0 223 617 109 412 472 144 
Vertex 145 distance 18
0 367 449 447 502 134 233 475 11 145 
Vertex 146 distance 16
0 367 449 407 142 146 
Vertex 147 distance 20
0 223 617 109 484 276 49 147 
Vertex 148 distance 17
0 367 148 
Vertex 149 distance 19
0 223 617 109 484 276 225 149 
Vertex 150 distance 15
0 223 617 89 196 150 
Vertex 151 distance 25
0 223 617 109 484 276 263 151 
Vertex 152 distance 25
0 367 449 447 502 29 567 613 152 
Vertex 153 distance 22
0 323 290 164 92 340 552 153 
Vertex 154 distance 10
0 367 449 447 154 
Vertex 155 distance 20
0 323 335 279 626 421 410 155 
Vertex 156 distance 21
0 323 458 312 156 
Vertex 157 distance 21
0 223 617 469 532 157 
Vertex 158 distance 20
0 507 503 76 293 383 158 
Vertex 159 distance 17
0 367 449 447 502 134 233 432 128 159 
Vertex 160 distance 12
0 367 449 447 160 
Vertex 161 distance 13
0 367 449 447 502 134 233 432 161 
Vertex 162 distance 19
0 323 335 68 162 
Vertex 163 distance 21
0 367 449 447 502 384 91 45 163 
Vertex 164 distance 12
0 323 290 164 
Vertex 165 distance 12
0 223 617 165 
Vertex 166 distance 19
0 367 449 447 502 134 233 432 488 631 531 166 
Vertex 167 distance 26
0 367 449 447 502 558 417 95 413 167 
Vertex 168 distance 14
0 323 618 168 
Vertex 169 distance 18
0 223 617 169 
Vertex 170 distance 19
0 367 449 85 170 
Vertex 171 distance 22
0 10 444 171 
Vertex 172 distance 18
0 367 449 447 502 467 120 172 
Vertex 173 distance 22
0 507 344 173 
Vertex 174 distance 18
0 323 618 168 81 174 
Vertex 175 distance 15
0 175 
Vertex 176 distance 16
0 323 290 164 176 
Vertex 177 distance 15
0 10 177 
Vertex 178 distance 21
0 323 345 305 178 
Vertex 179 distance 16
0 323 623 578 210 179 
Vertex 180 distance 18
0 367 499 180 
Vertex 181 distance 19
0 323 335 53 436 332 181 
Vertex 182 distance 14
0 367 449 447 416 182 
Vertex 183 distance 15
0 323 335 68 603 183 
Vertex 184 distance 19
0 507 503 200 211 184 
Vertex 185 distance 22
0 323 335 68 105 59 573 244 185 
Vertex 186 distance 29
0 323 618 168 81 302 186 
Vertex 187 distance 14
0 367 449 447 154 187 
Vertex 188 distance 20
0 367 306 236 188 
Vertex 189 distance 19
0 323 335 279 58 622 285 189 
Vertex 190 distance 20
0 367 449 61 625 497 190 
Vertex 191 distance 17
0 367 449 447 416 191 
Vertex 192 distance 13
0 367 449 447 502 134 534 192 
Vertex 193 distance 22
0 323 335 68 105 373 193 
Vertex 194 distance 20
0 367 449 447 502 134 233 475 419 524 194 
Vertex 195 distance 14
0 367 449 447 502 134 233 195 
Vertex 196 distance 12
0 223 617 89 196 
Vertex 197 distance 14
0 367 449 447 502 134 534 192 197 
Vertex 198 distance 13
0 367 449 447 502 467 198 
Vertex 199 distance 17
0 223 617 165 459 199 
Vertex 200 distance 10
0 507 503 200 
Vertex 201 distance 13
0 367 449 447 502 558 201 
Vertex 202 distance 17
0 367 449 407 289 202 
Vertex 203 distance 16
0 367 449 447 502 558 417 203 
Vertex 204 distance 26
0 323 290 164 92 529 535 204 
Vertex 205 distance 19
0 323 618 168 217 205 
Vertex 206 distance 24
0 367 449 447 154 206 
Vertex 207 distance 18
0 507 503 76 572 207 
Vertex 208 distance 22
0 367 499 56 66 208 
Vertex 209 distance 17
0 367 449 447 502 209 
Vertex 210 distance 15
0 323 623 578 210 
Vertex 211 distance 14
0 507 503 200 211 
Vertex 212 distance 22
0 507 344 15 212 
Vertex 213 distance 22
0 367 449 407 506 264 601 133 213 
Vertex 214 distance 19
0 367 449 447 502 467 198 54 278 214 
Vertex 215 distance 17
0 367 449 447 502 134 534 192 215 
Vertex 216 distance 18
0 507 503 76 395 216 
Vertex 217 distance 15
0 323 618 168 217 
Vertex 218 distance 19
0 223 617 109 43 218 
Vertex 219 distance 24
0 367 449 447 502 467 198 245 219 
Vertex 220 distance 18
0 367 449 407 142 146 220 
Vertex 221 distance 18
0 367 449 447 107 221 
Vertex 222 distance 19
0 323 335 571 563 222 
Vertex 223 distance 4
0 223 
Vertex 224 distance 20
0 367 449 447 502 134 233 475 419 524 224 
Vertex 225 distance 15
0 223 617 109 484 276 225 
Vertex 226 distance 19
0 223 617 109 412 226 
Vertex 227 distance 20
0 367 449 85 227 
Vertex 228 distance 20
0 367 449 407 142 430 79 228 
Vertex 229 distance 18
0 367 449 447 502 134 233 432 488 631 229 
Vertex 230 distance 16
0 367 499 56 230 
Vertex 231 distance 20
0 367 449 440 582 231 
Vertex 232 distance 20
0 367 449 447 107 456 12 232 
Vertex 233 distance 11
0 367 449 447 502 134 233 
Vertex 234 distance 20
0 323 335 68 162 234 
Vertex 235 distance 19
0 323 335 53 559 118 235 
Vertex 236 distance 17
0 367 306 236 
Vertex 237 distance 23
0 507 503 76 293 137 237 
Vertex 238 distance 21
0 367 449 61 63 639 3 405 490 238 
Vertex 239 distance 14
0 507 503 76 239 
Vertex 240 distance 20
0 367 449 407 506 264 240 
Vertex 241 distance 17
0 323 623 320 241 
Vertex 242 distance 16
0 223 409 242 
Vertex 243 distance 16
0 367 449 447 154 406 243 
Vertex 244 distance 19
0 323 335 68 105 59 573 244 
Vertex 245 distance 15
0 367 449 447 502 467 198 245 
Vertex 246 distance 20
0 367 148 246 
Vertex 247 distance 19
0 367 449 61 63 57 247 
Vertex 248 distance 17
0 367 449 447 416 301 248 
Vertex 249 distance 18
0 367 449 447 502 134 233 432 515 360 249 
Vertex 250 distance 23
0 367 449 447 502 467 198 54 278 272 250 
Vertex 251 distance 24
0 367 449 447 502 134 233 432 161 303 251 
Vertex 252 distance 24
0 367 449 440 277 569 252 
Vertex 253 distance 25
0 367 449 447 502 134 233 432 488 631 253 
Vertex 254 distance 8
0 323 335 254 
Vertex 255 distance 19
0 367 449 447 502 134 233 432 515 108 255 
Vertex 256 distance 18
0 223 617 89 256 
Vertex 257 distance 21
0 323 290 164 92 576 257 
Vertex 258 distance 18
0 323 335 53 559 258 
Vertex 259 distance 22
0 323 335 53 559 118 138 259 
Vertex 260 distance 16
0 223 617 165 459 260 
Vertex 261 distance 15
0 507 503 200 40 83 261 
Vertex 262 distance 20
0 367 449 85 428 262 
Vertex 263 distance 18
0 223 617 109 484 276 263 
Vertex 264 distance 14
0 367 449 407 506 264 
Vertex 265 distance 16
0 367 449 61 265 
Vertex 266 distance 20
0 367 449 407 142 474 266 
Vertex 267 distance 16
0 367 449 447 160 267 
Vertex 268 distance 16
0 323 618 168 268 
Vertex 269 distance 15
0 507 503 76 395 269 
Vertex 270 distance 20
0 367 449 447 502 467 198 54 278 214 270 
Vertex 271 distance 20
0 367 449 447 502 29 21 271 
Vertex 272 distance 20
0 367 449 447 502 467 198 54 278 272 
Vertex 273 distance 14
0 367 449 447 273 
Vertex 274 distance 17
0 367 449 447 502 558 274 
Vertex 275 distance 21
0 367 449 447 502 558 274 275 
Vertex 276 distance 14
0 223 617 109 484 276 
Vertex 277 distance 15
0 367 449 440 277 
Vertex 278 distance 18
0 367 449 447 502 467 198 54 278 
Vertex 279 distance 10
0 323 335 279 
Vertex 280 distance 15
0 8 90 280 
Vertex 281 distance 17
0 323 335 68 402 281 
Vertex 282 distance 16
0 367 449 447 154 589 282 
Vertex 283 distance 24
0 367 499 56 230 283 
Vertex 284 distance 19
0 323 458 596 284 
Vertex 285 distance 16
0 323 335 279 58 622 285 
Vertex 286 distance 23
0 223 409 588 286 
Vertex 287 distance 22
0 367 449 447 502 134 233 432 515 287 
Vertex 288 distance 14
0 323 290 164 92 288 
Vertex 289 distance 12
0 367 449 407 289 
Vertex 290 distance 9
0 323 290 
Vertex 291 distance 18
0 367 449 447 502 134 233 432 488 291 
Vertex 292 distance 14
0 367 449 447 292 
Vertex 293 distance 15
0 507 503 76 293 
Vertex 294 distance 15
0 323 335 53 559 294 
Vertex 295 distance 19
0 507 503 76 295 
Vertex 296 distance 23
0 507 503 76 239 297 296 
Vertex 297 distance 15
0 507 503 76 239 297 
Vertex 298 distance 17
0 507 503 76 239 297 298 
Vertex 299 distance 18
0 367 449 407 506 299 
Vertex 300 distance 18
0 223 617 109 484 276 49 300 
Vertex 301 distance 14
0 367 449 447 416 301 
Vertex 302 distance 19
0 323 618 168 81 302 
Vertex 303 distance 17
0 367 449 447 502 134 233 432 161 303 
Vertex 304 distance 18
0 367 449 447 502 134 233 432 128 630 451 304 
Vertex 305 distance 15
0 323 345 305 
Vertex 306 distance 16
0 367 306 
Vertex 307 distance 21
0 323 623 307 
Vertex 308 distance 17
0 367 449 447 502 134 233 432 515 308 
Vertex 309 distance 24
0 367 449 407 506 264 601 533 309 
Vertex 310 distance 17
0 323 335 68 105 310 
Vertex 311 distance 23
0 367 449 447 502 384 91 636 78 311 
Vertex 312 distance 15
0 323 458 312 
Vertex 313 distance 21
0 223 617 109 43 313 
Vertex 314 distance 18
0 367 449 447 154 406 314 
Vertex 315 distance 19
0 367 449 407 142 315 
Vertex 316 distance 20
0 10 463 121 316 
Vertex 317 distance 18
0 175 581 317 
Vertex 318 distance 24
0 507 503 76 395 269 514 318 
Vertex 319 distance 17
0 323 290 164 92 529 319 
Vertex 320 distance 16
0 323 623 320 
Vertex 321 distance 19
0 367 449 447 502 209 424 321 
Vertex 322 distance 18
0 367 449 447 502 467 120 322 
Vertex 323 distance 3
0 323 
Vertex 324 distance 20
0 367 449 447 502 467 198 245 492 324 
Vertex 325 distance 21
0 323 618 168 217 55 426 325 
Vertex 326 distance 21
0 367 449 440 582 446 326 
Vertex 327 distance 24
0 367 449 447 502 467 120 322 327 
Vertex 328 distance 18
0 323 623 320 241 328 
Vertex 329 distance 19
0 323 335 53 329 
Vertex 330 distance 15
0 367 449 407 142 430 330 
Vertex 331 distance 20
0 367 449 447 502 558 417 544 511 331 
Vertex 332 distance 15
0 323 335 53 436 332 
Vertex 333 distance 19
0 323 335 571 333 
Vertex 334 distance 23
0 323 290 164 92 576 257 334 
Vertex 335 distance 7
0 323 335 
Vertex 336 distance 19
0 367 449 447 502 467 457 462 336 
Vertex 337 distance 20
0 323 335 53 559 294 337 
Vertex 338 distance 20
0 367 449 407 142 430 79 338 
Vertex 339 distance 13
0 323 335 68 339 
Vertex 340 distance 18
0 323 290 164 92 340 
Vertex 341 distance 20
0 10 26 341 
Vertex 342 distance 18
0 323 290 164 92 529 342 
Vertex 343 distance 27
0 367 449 343 
Vertex 344 distance 12
0 507 344 
Vertex 345 distance 9
0 323 345 
Vertex 346 distance 14
0 10 444 346 
Vertex 347 distance 17
0 367 449 447 154 347 
Vertex 348 distance 19
0 323 335 68 402 520 562 348 
Vertex 349 distance 21
0 323 335 53 559 294 548 349 
Vertex 350 distance 21
0 367 449 447 502 467 350 
Vertex 351 distance 25
0 367 449 447 502 384 91 418 351 
Vertex 352 distance 15
0 367 449 407 289 352 
Vertex 353 distance 18
0 367 449 447 502 408 353 
Vertex 354 distance 17
0 223 617 109 484 111 354 
Vertex 355 distance 18
0 367 449 447 502 558 417 203 355 
Vertex 356 distance 22
0 323 618 168 217 205 356 
Vertex 357 distance 20
0 367 449 447 154 357 
Vertex 358 distance 21
0 367 449 447 154 406 358 
Vertex 359 distance 18
0 507 503 200 40 359 
Vertex 360 distance 14
0 367 449 447 502 134 233 432 515 360 
Vertex 361 distance 23
0 323 345 361 
Vertex 362 distance 19
0 367 499 180 362 
Vertex 363 distance 24
0 367 449 447 502 467 198 363 
Vertex 364 distance 22
0 323 345 305 364 
Vertex 365 distance 23
0 367 449 447 502 29 567 378 365 
Vertex 366 distance 21
0 367 366 
Vertex 367 distance 6
0 367 
Vertex 368 distance 19
0 323 335 279 626 421 368 
Vertex 369 distance 19
0 367 449 447 502 134 534 192 215 369 
Vertex 370 distance 18
0 367 449 447 502 467 370 
Vertex 371 distance 18
0 367 449 407 371 
Vertex 372 distance 13
0 367 449 447 416 372 
Vertex 373 distance 16
0 323 335 68 105 373 
Vertex 374 distance 16
0 323 335 53 436 374 
Vertex 375 distance 21
0 367 449 447 502 134 233 432 488 631 229 375 
Vertex 376 distance 22
0 323 13 455 80 376 
Vertex 377 distance 21
0 323 618 168 217 205 632 377 
Vertex 378 distance 18
0 367 449 447 502 29 567 378 
Vertex 379 distance 19
0 223 617 169 379 
Vertex 380 distance 24
0 367 449 447 502 134 233 432 161 380 
Vertex 381 distance 18
0 367 449 447 292 381 
Vertex 382 distance 20
0 367 449 447 502 134 233 432 161 382 
Vertex 383 distance 17
0 507 503 76 293 383 
Vertex 384 distance 14
0 367 449 447 502 384 
Vertex 385 distance 24
0 367 449 447 516 385 
Vertex 386 distance 20
0 367 449 447 502 558 274 386 
Vertex 387 distance 19
0 367 449 447 154 406 314 387 
Vertex 388 distance 23
0 367 449 447 502 134 233 432 128 388 
Vertex 389 distance 20
0 367 449 61 63 639 389 
Vertex 390 distance 25
0 367 449 447 502 467 120 322 327 390 
Vertex 391 distance 25
0 367 449 407 289 352 126 391 
Vertex 392 distance 20
0 367 449 447 416 191 140 392 
Vertex 393 distance 19
0 323 335 53 436 99 393 
Vertex 394 distance 26
0 367 449 447 502 134 233 475 11 504 394 
Vertex 395 distance 14
0 507 503 76 395 
Vertex 396 distance 18
0 10 444 346 396 
Vertex 397 distance 18
0 223 617 109 484 397 
Vertex 398 distance 21
0 367 449 447 502 134 233 432 515 108 398 
Vertex 399 distance 17
0 367 449 407 142 430 399 
Vertex 400 distance 20
0 323 335 53 559 294 548 400 
Vertex 401 distance 15
0 223 617 109 401 
Vertex 402 distance 15
0 323 335 68 402 
Vertex 403 distance 21
0 367 449 61 403 
Vertex 404 distance 22
0 367 449 85 433 404 
Vertex 405 distance 18
0 367 449 61 63 639 3 405 
Vertex 406 distance 12
0 367 449 447 154 406 
Vertex 407 distance 9
0 367 449 407 
Vertex 408 distance 15
0 367 449 447 502 408 
Vertex 409 distance 15
0 223 409 
Vertex 410 distance 17
0 323 335 279 626 421 410 
Vertex 411 distance 18
0 323 335 279 626 421 410 411 
Vertex 412 distance 15
0 223 617 109 412 
Vertex 413 distance 18
0 367 449 447 502 558 417 95 413 
Vertex 414 distance 19
0 323 290 164 92 288 67 414 
Vertex 415 distance 18
0 367 449 447 502 384 415 
Vertex 416 distance 12
0 367 449 447 416 
Vertex 417 distance 14
0 367 449 447 502 558 417 
Vertex 418 distance 17
0 367 449 447 502 384 91 418 
Vertex 419 distance 17
0 367 449 447 502 134 233 475 419 
Vertex 420 distance 18
0 367 449 447 154 420 
Vertex 421 distance 16
0 323 335 279 626 421 
Vertex 422 distance 19
0 367 449 447 292 422 
Vertex 423 distance 21
0 367 449 447 160 267 423 
Vertex 424 distance 18
0 367 449 447 502 209 424 
Vertex 425 distance 16
0 323 345 425 
Vertex 426 distance 19
0 323 618 168 217 55 426 
Vertex 427 distance 20
0 367 449 447 502 134 233 432 128 159 427 
Vertex 428 distance 17
0 367 449 85 428 
Vertex 429 distance 19
0 367 306 429 
Vertex 430 distance 12
0 367 449 407 142 430 
Vertex 431 distance 20
0 367 449 447 160 267 431 
Vertex 432 distance 12
0 367 449 447 502 134 233 432 
Vertex 433 distance 16
0 367 449 85 433 
Vertex 434 distance 21
0 323 458 434 
Vertex 435 distance 22
0 367 449 447 502 134 233 435 
Vertex 436 distance 12
0 323 335 53 436 
Vertex 437 distance 17
0 8 437 
Vertex 438 distance 19
0 323 290 164 92 438 
Vertex 439 distance 15
0 367 449 447 502 134 233 432 128 439 
Vertex 440 distance 10
0 367 449 440 
Vertex 441 distance 22
0 323 335 254 584 635 441 
Vertex 442 distance 20
0 367 449 447 502 134 233 432 161 303 442 
Vertex 443 distance 20
0 223 617 109 484 276 225 443 
Vertex 444 distance 13
0 10 444 
Vertex 445 distance 23
0 223 617 109 401 445 
Vertex 446 distance 17
0 367 449 440 582 446 
Vertex 447 distance 8
0 367 449 447 
Vertex 448 distance 22
0 223 617 165 459 199 448 
Vertex 449 distance 7
0 367 449 
Vertex 450 distance 23
0 367 449 447 502 134 233 432 515 36 450 
Vertex 451 distance 17
0 367 449 447 502 134 233 432 128 630 451 
Vertex 452 distance 15
0 10 463 452 
Vertex 453 distance 21
0 323 335 571 549 453 
Vertex 454 distance 18
0 367 449 447 502 134 233 432 515 360 454 
Vertex 455 distance 16
0 323 13 455 
Vertex 456 distance 17
0 367 449 447 107 456 
Vertex 457 distance 15
0 367 449 447 502 467 457 
Vertex 458 distance 13
0 323 458 
Vertex 459 distance 13
0 223 617 165 459 
Vertex 460 distance 21
0 367 449 440 460 
Vertex 461 distance 20
0 223 617 109 484 276 461 
Vertex 462 distance 18
0 367 449 447 502 467 457 462 
Vertex 463 distance 11
0 10 463 
Vertex 464 distance 22
0 367 449 447 154 406 243 464 
Vertex 465 distance 19
0 323 335 68 402 520 465 
Vertex 466 distance 20
0 323 335 279 58 622 64 70 466 
Vertex 467 distance 11
0 367 449 447 502 467 
Vertex 468 distance 18
0 507 503 200 468 
Vertex 469 distance 14
0 223 617 469 
Vertex 470 distance 17
0 367 449 447 502 134 233 432 128 546 470 
Vertex 471 distance 27
0 367 449 61 63 639 3 14 471 
Vertex 472 distance 17
0 223 617 109 412 472 
Vertex 473 distance 25
0 367 449 61 63 57 473 
Vertex 474 distance 18
0 367 449 407 142 474 
Vertex 475 distance 15
0 367 449 447 502 134 233 475 
Vertex 476 distance 21
0 367 449 447 502 134 233 432 128 630 476 
Vertex 477 distance 22
0 323 335 68 603 183 33 477 
Vertex 478 distance 15
0 367 449 447 154 589 478 
Vertex 479 distance 20
0 367 449 447 502 134 233 479 
Vertex 480 distance 21
0 323 623 320 241 480 
Vertex 481 distance 21
0 507 481 
Vertex 482 distance 17
0 223 617 165 459 260 482 
Vertex 483 distance 23
0 323 335 53 436 498 483 
Vertex 484 distance 13
0 223 617 109 484 
Vertex 485 distance 21
0 367 449 447 502 134 233 432 128 48 485 
Vertex 486 distance 16
0 323 335 53 436 498 60 486 
Vertex 487 distance 21
0 223 617 165 487 
Vertex 488 distance 13
0 367 449 447 502 134 233 432 488 
Vertex 489 distance 20
0 367 449 61 63 639 489 
Vertex 490 distance 20
0 367 449 61 63 639 3 405 490 
Vertex 491 distance 15
0 367 449 447 502 134 233 432 488 631 491 
Vertex 492 distance 18
0 367 449 447 502 467 198 245 492 
Vertex 493 distance 17
0 323 335 493 
Vertex 494 distance 19
0 223 617 89 196 150 494 
Vertex 495 distance 20
0 367 449 447 502 408 495 
Vertex 496 distance 18
0 507 503 496 
Vertex 497 distance 17
0 367 449 61 625 497 
Vertex 498 distance 13
0 323 335 53 436 498 
Vertex 499 distance 14
0 367 499 
Vertex 500 distance 20
0 367 449 447 502 134 233 432 128 546 500 
Vertex 501 distance 16
0 367 449 447 416 301 501 
Vertex 502 distance 9
0 367 449 447 502 
Vertex 503 distance 9
0 507 503 
Vertex 504 distance 19
0 367 449 447 502 134 233 475 11 504 
Vertex 505 distance 18
0 367 449 440 582 505 
Vertex 506 distance 10
0 367 449 407 506 
Vertex 507 distance 8
0 507 
Vertex 508 distance 24
0 323 623 320 241 605 508 
Vertex 509 distance 21
0 367 449 447 502 558 509 
Vertex 510 distance 24
0 323 335 68 162 234 568 510 
Vertex 511 distance 19
0 367 449 447 502 558 417 544 511 
Vertex 512 distance 26
0 10 26 512 
Vertex 513 distance 17
0 367 449 85 433 513 
Vertex 514 distance 18
0 507 503 76 395 269 514 
Vertex 515 distance 13
0 367 449 447 502 134 233 432 515 
Vertex 516 distance 15
0 367 449 447 516 
Vertex 517 distance 22
0 323 335 68 603 93 517 
Vertex 518 distance 17
0 367 449 447 502 467 457 518 
Vertex 519 distance 20
0 323 335 68 402 520 465 519 
Vertex 520 distance 17
0 323 335 68 402 520 
Vertex 521 distance 19
0 367 449 447 502 134 233 432 128 546 470 521 
Vertex 522 distance 17
0 367 449 447 416 301 501 522 
Vertex 523 distance 16
0 223 617 469 5 523 
Vertex 524 distance 18
0 367 449 447 502 134 233 475 419 524 
Vertex 525 distance 23
0 323 290 164 92 340 552 153 525 
Vertex 526 distance 26
0 367 449 447 502 134 233 475 419 526 
Vertex 527 distance 19
0 367 449 407 289 352 616 527 
Vertex 528 distance 18
0 367 449 447 502 558 417 95 528 
Vertex 529 distance 15
0 323 290 164 92 529 
Vertex 530 distance 18
0 223 617 89 196 530 
Vertex 531 distance 17
0 367 449 447 502 134 233 432 488 631 531 
Vertex 532 distance 20
0 223 617 469 532 
Vertex 533 distance 22
0 367 449 407 506 264 601 533 
Vertex 534 distance 12
0 367 449 447 502 134 534 
Vertex 535 distance 16
0 323 290 164 92 529 535 
Vertex 536 distance 20
0 367 449 447 502 384 91 45 536 
Vertex 537 distance 21
0 367 449 447 502 467 198 245 492 537 
Vertex 538 distance 19
0 367 449 447 502 467 198 41 538 
Vertex 539 distance 23
0 223 617 109 43 539 
Vertex 540 distance 18
0 367 449 407 506 264 540 
Vertex 541 distance 14
0 367 449 440 62 541 
Vertex 542 distance 19
0 367 449 407 289 542 
Vertex 543 distance 22
0 367 449 61 625 497 190 543 
Vertex 544 distance 15
0 367 449 447 502 558 417 544 
Vertex 545 distance 23
0 323 618 168 217 205 632 545 
Vertex 546 distance 15
0 367 449 447 502 134 233 432 128 546 
Vertex 547 distance 18
0 223 617 165 459 199 547 
Vertex 548 distance 17
0 323 335 53 559 294 548 
Vertex 549 distance 20
0 323 335 571 549 
Vertex 550 distance 19
0 367 449 447 502 134 233 475 11 550 
Vertex 551 distance 16
0 323 335 53 436 498 551 
Vertex 552 distance 19
0 323 290 164 92 340 552 
Vertex 553 distance 20
0 323 618 168 81 553 
Vertex 554 distance 19
0 323 13 610 554 
Vertex 555 distance 20
0 367 449 447 502 134 233 432 128 630 451 555 
Vertex 556 distance 21
0 323 335 53 559 258 1 556 
Vertex 557 distance 23
0 323 335 493 557 
Vertex 558 distance 11
0 367 449 447 502 558 
Vertex 559 distance 12
0 323 335 53 559 
Vertex 560 distance 18
0 323 290 164 92 529 535 560 
Vertex 561 distance 18
0 323 335 68 105 373 561 
Vertex 562 distance 18
0 323 335 68 402 520 562 
Vertex 563 distance 15
0 323 335 571 563 
Vertex 564 distance 21
0 367 449 447 502 467 198 41 538 564 
Vertex 565 distance 16
0 323 335 68 603 87 565 
Vertex 566 distance 20
0 367 449 447 502 134 233 432 515 308 566 
Vertex 567 distance 17
0 367 449 447 502 29 567 
Vertex 568 distance 21
0 323 335 68 162 234 568 
Vertex 569 distance 19
0 367 449 440 277 569 
Vertex 570 distance 18
0 367 449 447 502 384 91 636 570 
Vertex 571 distance 11
0 323 335 571 
Vertex 572 distance 14
0 507 503 76 572 
Vertex 573 distance 17
0 323 335 68 105 59 573 
Vertex 574 distance 21
0 323 335 68 105 59 98 574 
Vertex 575 distance 14
0 323 335 279 575 
Vertex 576 distance 18
0 323 290 164 92 576 
Vertex 577 distance 30
0 323 623 320 577 
Vertex 578 distance 14
0 323 623 578 
Vertex 579 distance 18
0 507 503 76 293 137 579 
Vertex 580 distance 17
0 367 449 447 502 467 198 580 
Vertex 581 distance 16
0 175 581 
Vertex 582 distance 15
0 367 449 440 582 
Vertex 583 distance 23
0 367 449 447 502 467 198 41 538 583 
Vertex 584 distance 13
0 323 335 254 584 
Vertex 585 distance 27
0 367 449 407 506 264 240 585 
Vertex 586 distance 23
0 367 449 447 502 558 417 544 511 331 586 
Vertex 587 distance 19
0 323 335 53 436 374 587 
Vertex 588 distance 18
0 223 409 588 
Vertex 589 distance 14
0 367 449 447 154 589 
Vertex 590 distance 21
0 367 449 447 416 191 590 
Vertex 591 distance 20
0 323 335 254 591 
Vertex 592 distance 18
0 367 449 447 502 134 233 195 125 592 
Vertex 593 distance 20
0 223 617 469 593 
Vertex 594 distance 24
0 367 449 447 502 408 353 50 594 
Vertex 595 distance 18
0 323 335 53 436 498 60 595 
Vertex 596 distance 18
0 323 458 596 
Vertex 597 distance 21
0 8 90 597 
Vertex 598 distance 16
0 323 623 598 
Vertex 599 distance 24
0 8 437 599 
Vertex 600 distance 18
0 367 449 447 502 384 600 
Vertex 601 distance 15
0 367 449 407 506 264 601 
Vertex 602 distance 14
0 367 449 447 502 134 534 192 602 
Vertex 603 distance 11
0 323 335 68 603 
Vertex 604 distance 25
0 323 290 164 176 604 
Vertex 605 distance 18
0 323 623 320 241 605 
Vertex 606 distance 23
0 367 449 447 502 134 233 475 11 145 606 
Vertex 607 distance 18
0 367 449 447 502 558 417 544 607 
Vertex 608 distance 19
0 223 617 165 459 608 
Vertex 609 distance 19
0 323 335 279 58 609 
Vertex 610 distance 18
0 323 13 610 
Vertex 611 distance 18
0 323 335 279 58 622 611 
Vertex 612 distance 17
0 367 449 447 154 589 612 
Vertex 613 distance 18
0 367 449 447 502 29 567 613 
Vertex 614 distance 15
0 367 449 447 502 134 233 614 
Vertex 615 distance 25
0 367 449 447 502 209 615 
Vertex 616 distance 16
0 367 449 407 289 352 616 
Vertex 617 distance 7
0 223 617 
Vertex 618 distance 13
0 323 618 
Vertex 619 distance 22
0 367 449 447 502 134 233 475 419 524 619 
Vertex 620 distance 28
0 367 449 407 506 264 620 
Vertex 621 distance 23
0 323 335 68 162 234 568 621 
Vertex 622 distance 13
0 323 335 279 58 622 
Vertex 623 distance 11
0 323 623 
Vertex 624 distance 20
0 323 458 624 
Vertex 625 distance 16
0 367 449 61 625 
Vertex 626 distance 15
0 323 335 279 626 
Vertex 627 distance 17
0 367 449 447 502 134 233 432 515 108 627 
Vertex 628 distance 19
0 323 458 596 628 
Vertex 629 distance 20
0 223 617 165 459 199 629 
Vertex 630 distance 16
0 367 449 447 502 134 233 432 128 630 
Vertex 631 distance 14
0 367 449 447 502 134 233 432 488 631 
Vertex 632 distance 20
0 323 618 168 217 205 632 
Vertex 633 distance 27
0 323 335 254 633 
Vertex 634 distance 25
0 367 449 61 63 116 634 
Vertex 635 distance 17
0 323 335 254 584 635 
Vertex 636 distance 16
0 367 449 447 502 384 91 636 
Vertex 637 distance 18
0 367 449 637 
Vertex 638 distance 17
0 367 499 56 638 
Vertex 639 distance 15
0 367 449 61 63 639 
