Vertex 0 distance 0
0 0 
Vertex 1 distance 34
0 287 122 276 107 152 389 1 
Vertex 2 distance 35
0 287 502 319 18 2 
Vertex 3 distance 38
0 287 22 318 78 359 3 
Vertex 4 distance 25
0 228 119 263 4 
Vertex 5 distance 18
0 287 122 454 5 
Vertex 6 distance 36
0 287 22 578 381 6 
Vertex 7 distance 22
0 287 122 9 40 150 7 
Vertex 8 distance 29
0 287 22 543 279 25 8 
Vertex 9 distance 8
0 287 122 9 
Vertex 10 distance 26
0 287 22 578 533 10 
Vertex 11 distance 27
0 287 22 318 78 346 11 
Vertex 12 distance 24
0 287 22 54 237 31 289 541 12 
Vertex 13 distance 29
0 287 122 9 416 13 
Vertex 14 distance 33
0 287 122 276 107 152 389 361 15 470 138 14 
Vertex 15 distance 27
0 287 122 276 107 152 389 361 15 
Vertex 16 distance 20
0 287 22 318 78 359 16 
Vertex 17 distance 35
0 287 22 543 279 605 17 
Vertex 18 distance 21
0 287 502 319 18 
Vertex 19 distance 27
0 287 22 54 237 31 19 
Vertex 20 distance 36
0 287 122 9 512 614 532 210 391 20 
Vertex 21 distance 19
0 287 122 276 107 140 21 
Vertex 22 distance 3
0 287 22 
Vertex 23 distance 29
0 287 122 9 40 596 23 
Vertex 24 distance 21
0 287 22 543 554 70 24 
Vertex 25 distance 27
0 287 22 543 279 25 
Vertex 26 distance 33
0 287 122 276 628 482 26 
Vertex 27 distance 26
0 287 122 9 501 231 27 
Vertex 28 distance 38
0 586 145 617 297 277 28 
Vertex 29 distance 20
0 287 122 276 107 152 573 29 
Vertex 30 distance 12
0 586 30 
Vertex 31 distance 20
0 287 22 54 237 31 
Vertex 32 distance 28
0 287 122 9 512 566 182 280 32 
Vertex 33 distance 26
0 287 22 519 33 
Vertex 34 distance 24
0 586 145 617 34 
Vertex 35 distance 17
0 568 201 165 35 
Vertex 36 distance 29
0 287 122 454 39 36 
Vertex 37 distance 23
0 287 122 9 512 566 182 280 523 37 
Vertex 38 distance 26
0 287 22 54 237 132 151 180 85 38 
Vertex 39 distance 28
0 287 122 454 39 
Vertex 40 distance 15
0 287 122 9 40 
Vertex 41 distance 28
0 287 122 276 107 140 41 
Vertex 42 distance 38
0 287 22 54 237 42 
Vertex 43 distance 26
0 287 22 543 554 70 24 43 
Vertex 44 distance 23
0 287 122 276 107 44 
Vertex 45 distance 33
0 287 22 211 432 45 
Vertex 46 distance 35
0 568 201 395 464 571 46 
Vertex 47 distance 19
0 287 22 128 47 
Vertex 48 distance 24
0 287 122 9 512 566 48 
Vertex 49 distance 33
0 287 122 276 612 123 90 610 49 
Vertex 50 distance 29
0 586 30 192 50 
Vertex 51 distance 28
0 287 502 595 374 51 
Vertex 52 distance 18
0 287 122 276 612 123 52 
Vertex 53 distance 23
0 568 201 551 53 
Vertex 54 distance 9
0 287 22 54 
Vertex 55 distance 27
0 287 122 9 512 566 182 280 523 598 55 
Vertex 56 distance 31
0 287 22 318 78 443 537 271 56 
Vertex 57 distance 13
0 287 22 128 57 
Vertex 58 distance 30
0 287 122 9 501 231 58 
Vertex 59 distance 33
0 287 122 454 94 352 254 434 473 59 
Vertex 60 distance 35
0 287 22 54 237 132 151 180 85 60 
Vertex 61 distance 36
0 287 22 211 600 61 
Vertex 62 distance 31
0 287 122 9 501 95 243 62 
Vertex 63 distance 24
0 287 22 578 533 590 63 
Vertex 64 distance 23
0 287 122 276 612 205 64 
Vertex 65 distance 32
0 287 122 9 40 450 324 65 
Vertex 66 distance 26
0 287 22 318 78 443 537 66 
Vertex 67 distance 29
0 568 534 244 67 
Vertex 68 distance 21
0 287 122 315 68 
Vertex 69 distance 14
0 287 122 9 501 69 
Vertex 70 distance 16
0 287 22 543 554 70 
Vertex 71 distance 14
0 287 122 9 501 71 
Vertex 72 distance 28
0 287 122 9 512 566 202 72 
Vertex 73 distance 17
0 586 145 73 
Vertex 74 distance 21
0 287 22 607 577 74 
Vertex 75 distance 28
0 287 22 578 75 
Vertex 76 distance 28
0 287 22 543 554 70 24 43 125 76 
Vertex 77 distance 37
0 287 122 276 107 131 550 77 
Vertex 78 distance 14
0 287 22 318 78 
Vertex 79 distance 27
0 287 122 454 5 199 79 
Vertex 80 distance 35
0 287 22 54 237 132 81 80 
Vertex 81 distance 28
0 287 22 54 237 132 81 
Vertex 82 distance 37
0 287 122 9 512 614 532 210 252 542 82 
Vertex 83 distance 24
0 287 22 54 237 616 409 88 83 
Vertex 84 distance 46
0 287 122 9 40 448 222 84 
Vertex 85 distance 24
0 287 22 54 237 132 151 180 85 
Vertex 86 distance 30
0 287 22 54 237 132 151 535 86 
Vertex 87 distance 31
0 586 30 496 307 87 
Vertex 88 distance 18
0 287 22 54 237 616 409 88 
Vertex 89 distance 31
0 287 122 276 107 44 89 
Vertex 90 distance 22
0 287 122 276 612 123 90 
Vertex 91 distance 20
0 287 22 543 554 342 91 
Vertex 92 distance 22
0 287 502 595 92 
Vertex 93 distance 33
0 586 30 496 93 
Vertex 94 distance 16
0 287 122 454 94 
Vertex 95 distance 23
0 287 122 9 501 95 
Vertex 96 distance 29
0 287 149 433 635 96 
Vertex 97 distance 46
0 287 22 318 78 443 537 271 56 97 
Vertex 98 distance 45
0 287 122 454 39 36 98 
Vertex 99 distance 29
0 287 22 578 533 10 99 
Vertex 100 distance 40
0 287 122 9 501 415 100 
Vertex 101 distance 10
0 287 22 543 101 
Vertex 102 distance 33
0 287 22 54 237 132 151 115 102 
Vertex 103 distance 29
0 568 201 395 464 255 103 
Vertex 104 distance 34
0 287 22 54 237 616 405 478 467 104 
Vertex 105 distance 23
0 287 22 54 237 31 105 
Vertex 106 distance 32
0 287 122 454 94 306 106 
Vertex 107 distance 10
0 287 122 276 107 
Vertex 108 distance 28
0 287 22 318 78 346 266 108 
Vertex 109 distance 25
0 287 22 54 237 31 289 109 
Vertex 110 distance 26
0 287 22 128 589 411 110 
Vertex 111 distance 23
0 568 201 551 111 
Vertex 112 distance 36
0 287 122 276 612 536 552 112 
Vertex 113 distance 29
0 287 122 9 501 69 398 368 113 
Vertex 114 distance 23
0 287 22 128 235 114 
Vertex 115 distance 29
0 287 22 54 237 132 151 115 
Vertex 116 distance 21
0 116 
Vertex 117 distance 24
0 287 22 54 117 
Vertex 118 distance 28
0 287 22 54 237 31 289 109 118 
Vertex 119 distance 20
0 228 119 
Vertex 120 distance 31
0 287 22 578 533 120 
Vertex 121 distance 25
0 287 122 9 40 596 121 
Vertex 122 distance 7
0 287 122 
Vertex 123 distance 17
0 287 122 276 612 123 
Vertex 124 distance 39
0 287 22 543 279 321 601 124 
Vertex 125 distance 27
0 287 22 543 554 70 24 43 125 
Vertex 126 distance 33
0 287 22 54 237 616 409 88 126 
Vertex 127 distance 25
0 287 122 9 512 566 202 127 
Vertex 128 distance 12
0 287 22 128 
Vertex 129 distance 31
0 287 122 173 129 
Vertex 130 distance 26
0 287 122 9 40 448 388 426 294 130 
Vertex 131 distance 17
0 287 122 276 107 131 
Vertex 132 distance 13
0 287 22 54 237 132 
Vertex 133 distance 25
0 287 22 607 577 133 
Vertex 134 distance 16
0 287 22 543 101 134 
Vertex 135 distance 28
0 586 145 73 135 
Vertex 136 distance 21
0 586 30 136 
Vertex 137 distance 31
0 287 122 276 107 140 41 137 
Vertex 138 distance 32
0 287 122 276 107 152 389 361 15 470 138 
Vertex 139 distance 14
0 287 458 139 
Vertex 140 distance 17
0 287 122 276 107 140 
Vertex 141 distance 24
0 287 22 128 141 
Vertex 142 distance 42
0 287 22 543 554 70 24 43 142 
Vertex 143 distance 32
0 287 22 318 78 443 546 449 444 143 
Vertex 144 distance 21
0 287 122 276 107 152 573 144 
Vertex 145 distance 14
0 586 145 
Vertex 146 distance 28
0 287 178 146 
Vertex 147 distance 30
0 586 145 617 562 147 
Vertex 148 distance 27
0 287 122 9 40 448 388 148 
Vertex 149 distance 13
0 287 149 
Vertex 150 distance 20
0 287 122 9 40 150 
Vertex 151 distance 18
0 287 22 54 237 132 151 
Vertex 152 distance 12
0 287 122 276 107 152 
Vertex 153 distance 22
0 287 502 595 153 
Vertex 154 distance 36
0 287 122 276 107 44 89 154 
Vertex 155 distance 25
0 287 502 595 374 155 
Vertex 156 distance 27
0 228 119 505 156 
Vertex 157 distance 33
0 287 22 578 75 157 
Vertex 158 distance 33
0 287 22 578 533 120 158 
Vertex 159 distance 33
0 287 122 454 39 159 
Vertex 160 distance 29
0 287 22 128 589 411 420 160 
Vertex 161 distance 23
0 287 122 9 512 566 182 280 523 598 161 
Vertex 162 distance 25
0 287 22 543 279 605 162 
Vertex 163 distance 20
0 287 22 543 554 527 491 163 
Vertex 164 distance 34
0 287 122 276 107 347 402 164 
Vertex 165 distance 15
0 568 201 165 
Vertex 166 distance 31
0 568 534 244 166 
Vertex 167 distance 20
0 586 30 496 174 167 
Vertex 168 distance 17
0 287 178 168 
Vertex 169 distance 34
0 568 201 395 464 571 194 169 
Vertex 170 distance 29
0 287 22 543 554 342 170 
Vertex 171 distance 29
0 287 122 9 512 278 171 
Vertex 172 distance 32
0 287 149 433 635 96 172 
Vertex 173 distance 28
0 287 122 173 
Vertex 174 distance 16
0 586 30 496 174 
Vertex 175 distance 38
0 287 22 607 175 
Vertex 176 distance 30
0 586 30 496 174 176 
Vertex 177 distance 28
0 287 502 595 92 177 
Vertex 178 distance 16
0 287 178 
Vertex 179 distance 29
0 287 22 54 237 31 105 179 
Vertex 180 distance 20
0 287 22 54 237 132 151 180 
Vertex 181 distance 17
0 287 22 211 181 
Vertex 182 distance 16
0 287 122 9 512 566 182 
Vertex 183 distance 33
0 287 22 543 554 342 183 
Vertex 184 distance 34
0 287 22 128 57 503 184 
Vertex 185 distance 43
0 287 122 9 40 185 
Vertex 186 distance 25
0 287 122 9 416 186 
Vertex 187 distance 28
0 287 122 276 612 205 353 187 
Vertex 188 distance 31
0 287 22 318 221 325 188 
Vertex 189 distance 25
0 287 122 276 107 140 21 189 
Vertex 190 distance 27
0 287 502 190 
Vertex 191 distance 19
0 287 22 543 101 134 191 
Vertex 192 distance 19
0 586 30 192 
Vertex 193 distance 32
0 287 22 54 237 616 409 88 408 193 
Vertex 194 distance 31
0 568 201 395 464 571 194 
Vertex 195 distance 34
0 287 122 276 612 624 312 232 195 
Vertex 196 distance 22
0 287 22 54 237 616 409 484 196 
Vertex 197 distance 34
0 287 122 9 501 95 197 
Vertex 198 distance 30
0 287 149 198 
Vertex 199 distance 25
0 287 122 454 5 199 
Vertex 200 distance 32
0 287 22 578 75 242 200 
Vertex 201 distance 12
0 568 201 
Vertex 202 distance 23
0 287 122 9 512 566 202 
Vertex 203 distance 22
0 287 122 9 501 69 310 203 
Vertex 204 distance 22
0 287 22 543 279 204 
Vertex 205 distance 19
0 287 122 276 612 205 
Vertex 206 distance 31
0 586 145 617 34 206 
Vertex 207 distance 32
0 287 22 54 237 31 289 541 12 207 
Vertex 208 distance 36
0 116 438 208 
Vertex 209 distance 21
0 287 122 9 501 69 209 
Vertex 210 distance 25
0 287 122 9 512 614 532 210 
Vertex 211 distance 8
0 287 22 211 
Vertex 212 distance 23
0 287 122 276 612 205 353 212 
Vertex 213 distance 30
0 287 22 54 237 616 405 478 467 213 
Vertex 214 distance 25
0 287 22 543 554 342 91 214 
Vertex 215 distance 43
0 287 122 454 94 306 384 603 217 215 
Vertex 216 distance 41
0 287 122 9 512 614 532 210 391 216 
Vertex 217 distance 31
0 287 122 454 94 306 384 603 217 
Vertex 218 distance 22
0 287 122 9 40 596 218 
Vertex 219 distance 25
0 228 119 505 219 
Vertex 220 distance 38
0 287 122 276 329 539 220 
Vertex 221 distance 29
0 287 22 318 221 
Vertex 222 distance 26
0 287 122 9 40 448 222 
Vertex 223 distance 28
0 287 122 454 94 352 254 223 
Vertex 224 distance 29
0 287 22 578 533 10 224 
Vertex 225 distance 26
0 287 122 276 107 594 229 225 
Vertex 226 distance 33
0 287 22 326 516 226 
Vertex 227 distance 37
0 287 122 276 107 594 227 
Vertex 228 distance 14
0 228 
Vertex 229 distance 25
0 287 122 276 107 594 229 
Vertex 230 distance 24
0 287 22 543 101 401 580 230 
Vertex 231 distance 20
0 287 122 9 501 231 
Vertex 232 distance 27
0 287 122 276 612 624 312 232 
Vertex 233 distance 28
0 287 122 276 612 123 233 
Vertex 234 distance 21
0 287 22 54 237 616 234 
Vertex 235 distance 22
0 287 22 128 235 
Vertex 236 distance 30
0 287 122 9 40 596 520 413 236 
Vertex 237 distance 12
0 287 22 54 237 
Vertex 238 distance 31
0 287 22 543 554 342 91 214 604 238 
Vertex 239 distance 28
0 287 22 54 237 616 409 88 83 239 
Vertex 240 distance 27
0 287 502 319 18 240 
Vertex 241 distance 12
0 287 458 241 
Vertex 242 distance 31
0 287 22 578 75 242 
Vertex 243 distance 29
0 287 122 9 501 95 243 
Vertex 244 distance 23
0 568 534 244 
Vertex 245 distance 36
0 287 22 318 78 346 11 538 245 
Vertex 246 distance 29
0 287 122 454 5 256 246 
Vertex 247 distance 23
0 287 122 9 512 566 182 247 
Vertex 248 distance 31
0 586 145 617 562 248 
Vertex 249 distance 28
0 287 22 54 237 31 289 285 249 
Vertex 250 distance 30
0 287 122 454 332 540 250 
Vertex 251 distance 28
0 287 22 128 589 411 251 
Vertex 252 distance 31
0 287 122 9 512 614 532 210 252 
Vertex 253 distance 36
0 287 122 276 107 594 229 253 
Vertex 254 distance 24
0 287 122 454 94 352 254 
Vertex 255 distance 28
0 568 201 395 464 255 
Vertex 256 distance 24
0 287 122 454 5 256 
Vertex 257 distance 27
0 287 22 543 101 134 191 257 
Vertex 258 distance 41
0 287 122 9 40 596 121 258 
Vertex 259 distance 24
0 287 22 54 237 31 105 259 
Vertex 260 distance 53
0 287 122 9 40 448 222 260 
Vertex 261 distance 27
0 287 502 319 261 
Vertex 262 distance 32
0 586 30 136 262 
Vertex 263 distance 24
0 228 119 263 
Vertex 264 distance 18
0 287 122 9 501 71 264 
Vertex 265 distance 27
0 287 458 284 265 
Vertex 266 distance 26
0 287 22 318 78 346 266 
Vertex 267 distance 26
0 287 122 454 94 306 384 267 
Vertex 268 distance 32
0 287 22 543 101 401 558 268 
Vertex 269 distance 44
0 287 22 54 237 616 234 397 452 269 
Vertex 270 distance 27
0 287 122 315 68 270 
Vertex 271 distance 25
0 287 22 318 78 443 537 271 
Vertex 272 distance 27
0 287 22 54 237 616 409 88 408 272 
Vertex 273 distance 27
0 287 122 9 512 566 182 280 273 
Vertex 274 distance 43
0 568 201 551 111 274 
Vertex 275 distance 32
0 287 122 454 5 199 275 
Vertex 276 distance 8
0 287 122 276 
Vertex 277 distance 26
0 586 145 617 297 277 
Vertex 278 distance 20
0 287 122 9 512 278 
Vertex 279 distance 13
0 287 22 543 279 
Vertex 280 distance 17
0 287 122 9 512 566 182 280 
Vertex 281 distance 34
0 287 122 9 512 278 281 
Vertex 282 distance 28
0 287 22 543 101 134 282 
Vertex 283 distance 26
0 228 119 263 283 
Vertex 284 distance 25
0 287 458 284 
Vertex 285 distance 24
0 287 22 54 237 31 289 285 
Vertex 286 distance 32
0 287 502 319 18 240 286 
Vertex 287 distance 2
0 287 
Vertex 288 distance 42
0 287 122 9 501 95 288 
Vertex 289 distance 21
0 287 22 54 237 31 289 
Vertex 290 distance 35
0 287 22 543 554 342 91 636 290 
Vertex 291 distance 39
0 287 122 276 612 536 291 
Vertex 292 distance 28
0 287 122 9 40 448 388 426 294 130 292 
Vertex 293 distance 25
0 287 22 543 101 293 
Vertex 294 distance 24
0 287 122 9 40 448 388 426 294 
Vertex 295 distance 35
0 287 458 295 
Vertex 296 distance 27
0 287 122 276 107 152 573 296 
Vertex 297 distance 24
0 586 145 617 297 
Vertex 298 distance 21
0 287 22 318 298 
Vertex 299 distance 15
0 586 145 299 
Vertex 300 distance 25
0 586 145 617 300 
Vertex 301 distance 30
0 287 122 301 
Vertex 302 distance 36
0 287 22 318 221 325 440 302 
Vertex 303 distance 19
0 287 22 54 237 616 409 88 303 
Vertex 304 distance 28
0 287 122 9 501 71 264 304 
Vertex 305 distance 31
0 228 119 505 362 305 
Vertex 306 distance 19
0 287 122 454 94 306 
Vertex 307 distance 29
0 586 30 496 307 
Vertex 308 distance 23
0 287 22 543 554 342 308 
Vertex 309 distance 27
0 287 22 54 237 31 105 259 309 
Vertex 310 distance 20
0 287 122 9 501 69 310 
Vertex 311 distance 17
0 287 122 9 501 71 311 
Vertex 312 distance 23
0 287 122 276 612 624 312 
Vertex 313 distance 38
0 287 122 9 512 566 48 530 313 
Vertex 314 distance 28
0 287 22 54 237 490 314 
Vertex 315 distance 16
0 287 122 315 
Vertex 316 distance 23
0 287 22 128 235 316 
Vertex 317 distance 46
0 287 22 54 237 616 409 585 597 317 
Vertex 318 distance 13
0 287 22 318 
Vertex 319 distance 19
0 287 502 319 
Vertex 320 distance 27
0 287 22 543 320 
Vertex 321 distance 21
0 287 22 543 279 321 
Vertex 322 distance 34
0 287 122 454 5 199 275 322 
Vertex 323 distance 27
0 287 122 454 94 352 459 323 
Vertex 324 distance 24
0 287 122 9 40 450 324 
Vertex 325 distance 30
0 287 22 318 221 325 
Vertex 326 distance 23
0 287 22 326 
Vertex 327 distance 30
0 287 22 128 57 327 
Vertex 328 distance 23
0 287 22 128 328 
Vertex 329 distance 28
0 287 122 276 329 
Vertex 330 distance 29
0 287 22 54 237 31 105 439 330 
Vertex 331 distance 20
0 568 201 165 35 331 
Vertex 332 distance 19
0 287 122 454 332 
Vertex 333 distance 27
0 287 122 276 107 131 582 333 
Vertex 334 distance 30
0 586 145 617 34 334 
Vertex 335 distance 32
0 568 201 627 335 
Vertex 336 distance 31
0 287 122 9 416 13 336 
Vertex 337 distance 35
0 287 122 9 40 150 7 337 
Vertex 338 distance 22
0 287 22 318 298 338 
Vertex 339 distance 41
0 287 122 9 40 448 388 426 339 
Vertex 340 distance 45
0 287 122 315 68 421 340 
Vertex 341 distance 26
0 287 122 276 612 123 341 
Vertex 342 distance 18
0 287 22 543 554 342 
Vertex 343 distance 36
0 287 122 9 501 71 264 343 
Vertex 344 distance 31
0 287 122 9 40 498 344 
Vertex 345 distance 38
0 287 122 276 107 152 573 29 487 345 
Vertex 346 distance 21
0 287 22 318 78 346 
Vertex 347 distance 22
0 287 122 276 107 347 
Vertex 348 distance 18
0 287 178 348 
Vertex 349 distance 23
0 287 22 54 237 616 409 349 
Vertex 350 distance 32
0 287 122 315 68 421 350 
Vertex 351 distance 40
0 287 122 9 501 351 
Vertex 352 distance 22
0 287 122 454 94 352 
Vertex 353 distance 21
0 287 122 276 612 205 353 
Vertex 354 distance 28
0 287 149 433 354 
Vertex 355 distance 27
0 287 178 355 
Vertex 356 distance 34
0 287 122 9 40 448 388 426 294 548 356 
Vertex 357 distance 29
0 287 122 9 512 451 507 357 
Vertex 358 distance 30
0 586 145 617 34 365 358 
Vertex 359 distance 16
0 287 22 318 78 359 
Vertex 360 distance 27
0 287 22 128 328 360 
Vertex 361 distance 23
0 287 122 276 107 152 389 361 
Vertex 362 distance 27
0 228 119 505 362 
Vertex 363 distance 35
0 287 22 543 554 342 91 214 363 
Vertex 364 distance 20
0 586 145 364 
Vertex 365 distance 26
0 586 145 617 34 365 
Vertex 366 distance 36
0 586 145 366 
Vertex 367 distance 31
0 287 122 9 40 448 388 367 
Vertex 368 distance 22
0 287 122 9 501 69 398 368 
Vertex 369 distance 36
0 287 22 54 237 31 105 369 
Vertex 370 distance 26
0 287 22 54 117 370 
Vertex 371 distance 22
0 287 122 9 512 566 182 280 523 371 
Vertex 372 distance 29
0 287 22 128 57 503 372 
Vertex 373 distance 25
0 287 22 54 373 
Vertex 374 distance 23
0 287 502 595 374 
Vertex 375 distance 12
0 287 122 276 107 375 
Vertex 376 distance 27
0 287 122 9 40 150 7 376 
Vertex 377 distance 36
0 287 22 211 432 489 377 
Vertex 378 distance 36
0 287 458 241 631 378 
Vertex 379 distance 42
0 568 201 395 464 571 46 379 
Vertex 380 distance 24
0 287 22 578 380 
Vertex 381 distance 19
0 287 22 578 381 
Vertex 382 distance 24
0 287 22 607 382 
Vertex 383 distance 50
0 287 122 9 512 451 507 383 
Vertex 384 distance 20
0 287 122 454 94 306 384 
Vertex 385 distance 24
0 287 122 276 107 385 
Vertex 386 distance 30
0 287 122 9 40 386 
Vertex 387 distance 31
0 287 22 543 101 401 580 230 387 
Vertex 388 distance 19
0 287 122 9 40 448 388 
Vertex 389 distance 13
0 287 122 276 107 152 389 
Vertex 390 distance 29
0 287 122 276 329 390 
Vertex 391 distance 26
0 287 122 9 512 614 532 210 391 
Vertex 392 distance 34
0 287 122 276 107 152 389 361 15 470 392 
Vertex 393 distance 24
0 287 149 393 
Vertex 394 distance 32
0 287 122 9 40 596 121 394 
Vertex 395 distance 17
0 568 201 395 
Vertex 396 distance 30
0 287 122 9 512 566 182 280 523 371 396 
Vertex 397 distance 31
0 287 22 54 237 616 234 397 
Vertex 398 distance 18
0 287 122 9 501 69 398 
Vertex 399 distance 17
0 287 22 128 57 399 
Vertex 400 distance 33
0 287 122 454 332 540 400 
Vertex 401 distance 22
0 287 22 543 101 401 
Vertex 402 distance 27
0 287 122 276 107 347 402 
Vertex 403 distance 33
0 287 122 454 94 306 384 403 
Vertex 404 distance 33
0 287 22 54 237 616 405 404 
Vertex 405 distance 20
0 287 22 54 237 616 405 
Vertex 406 distance 40
0 287 22 54 237 132 406 
Vertex 407 distance 28
0 287 122 454 94 306 384 267 407 
Vertex 408 distance 25
0 287 22 54 237 616 409 88 408 
Vertex 409 distance 15
0 287 22 54 237 616 409 
Vertex 410 distance 32
0 287 502 319 261 410 
Vertex 411 distance 22
0 287 22 128 589 411 
Vertex 412 distance 24
0 287 122 276 107 152 389 466 412 
Vertex 413 distance 29
0 287 122 9 40 596 520 413 
Vertex 414 distance 26
0 287 122 276 612 624 312 414 
Vertex 415 distance 28
0 287 122 9 501 415 
Vertex 416 distance 13
0 287 122 9 416 
Vertex 417 distance 44
0 287 122 276 107 152 573 144 575 417 
Vertex 418 distance 32
0 287 22 54 237 616 409 484 196 418 
Vertex 419 distance 28
0 287 122 9 40 448 419 
Vertex 420 distance 25
0 287 22 128 589 411 420 
Vertex 421 distance 24
0 287 122 315 68 421 
Vertex 422 distance 27
0 287 22 54 237 132 151 180 422 
Vertex 423 distance 27
0 287 122 454 94 306 423 
Vertex 424 distance 25
0 287 122 276 107 152 573 424 
Vertex 425 distance 25
0 287 22 54 237 616 409 484 196 425 
Vertex 426 distance 23
0 287 122 9 40 448 388 426 
Vertex 427 distance 40
0 287 502 595 427 
Vertex 428 distance 29
0 287 22 543 554 527 428 
Vertex 429 distance 24
0 287 22 543 101 134 429 
Vertex 430 distance 29
0 287 22 543 279 25 430 
Vertex 431 distance 26
0 287 22 543 101 401 580 431 
Vertex 432 distance 32
0 287 22 211 432 
Vertex 433 distance 19
0 287 149 433 
Vertex 434 distance 30
0 287 122 454 94 352 254 434 
Vertex 435 distance 42
0 287 22 326 516 435 
Vertex 436 distance 35
0 568 534 244 436 
Vertex 437 distance 19
0 287 122 9 416 437 
Vertex 438 distance 27
0 116 438 
Vertex 439 distance 26
0 287 22 54 237 31 105 439 
Vertex 440 distance 32
0 287 22 318 221 325 440 
Vertex 441 distance 37
0 287 122 276 107 152 389 361 15 470 138 441 
Vertex 442 distance 29
0 287 122 9 40 448 388 426 294 442 
Vertex 443 distance 18
0 287 22 318 78 443 
Vertex 444 distance 28
0 287 22 318 78 443 546 449 444 
Vertex 445 distance 37
0 287 22 543 279 445 
Vertex 446 distance 27
0 287 22 543 101 401 580 230 446 
Vertex 447 distance 27
0 287 122 276 107 594 229 447 
Vertex 448 distance 16
0 287 122 9 40 448 
Vertex 449 distance 24
0 287 22 318 78 443 546 449 
Vertex 450 distance 17
0 287 122 9 40 450 
Vertex 451 distance 25
0 287 122 9 512 451 
Vertex 452 distance 34
0 287 22 54 237 616 234 397 452 
Vertex 453 distance 29
0 287 178 453 
Vertex 454 distance 14
0 287 122 454 
Vertex 455 distance 24
0 287 502 595 153 455 
Vertex 456 distance 35
0 287 502 595 153 455 456 
Vertex 457 distance 27
0 287 122 9 512 457 
Vertex 458 distance 10
0 287 458 
Vertex 459 distance 26
0 287 122 454 94 352 459 
Vertex 460 distance 22
0 287 149 433 460 
Vertex 461 distance 27
0 287 122 9 416 461 
Vertex 462 distance 36
0 287 122 276 107 347 402 462 
Vertex 463 distance 36
0 287 22 543 101 401 580 463 
Vertex 464 distance 18
0 568 201 395 464 
Vertex 465 distance 23
0 287 22 578 465 
Vertex 466 distance 20
0 287 122 276 107 152 389 466 
Vertex 467 distance 28
0 287 22 54 237 616 405 478 467 
Vertex 468 distance 30
0 586 145 617 297 468 
Vertex 469 distance 29
0 287 122 276 107 44 469 
Vertex 470 distance 29
0 287 122 276 107 152 389 361 15 470 
Vertex 471 distance 26
0 287 122 9 40 448 587 471 
Vertex 472 distance 33
0 287 22 128 589 411 420 472 
Vertex 473 distance 32
0 287 122 454 94 352 254 434 473 
Vertex 474 distance 26
0 568 201 551 111 474 
Vertex 475 distance 32
0 287 22 543 279 605 162 475 
Vertex 476 distance 30
0 287 22 54 237 490 314 476 
Vertex 477 distance 24
0 287 22 543 279 321 477 
Vertex 478 distance 25
0 287 22 54 237 616 405 478 
Vertex 479 distance 22
0 287 122 276 612 205 353 479 
Vertex 480 distance 36
0 287 122 276 612 624 574 480 
Vertex 481 distance 27
0 287 22 128 57 399 481 
Vertex 482 distance 28
0 287 122 276 628 482 
Vertex 483 distance 20
0 287 122 9 40 448 388 483 
Vertex 484 distance 21
0 287 22 54 237 616 409 484 
Vertex 485 distance 32
0 568 201 395 464 508 485 
Vertex 486 distance 31
0 568 201 551 111 486 
Vertex 487 distance 27
0 287 122 276 107 152 573 29 487 
Vertex 488 distance 31
0 287 22 543 279 204 488 
Vertex 489 distance 34
0 287 22 211 432 489 
Vertex 490 distance 25
0 287 22 54 237 490 
Vertex 491 distance 18
0 287 22 543 554 527 491 
Vertex 492 distance 32
0 287 122 276 107 131 550 524 492 
Vertex 493 distance 26
0 287 122 276 107 131 493 
Vertex 494 distance 33
0 287 122 276 612 536 494 
Vertex 495 distance 25
0 287 22 128 141 495 
Vertex 496 distance 14
0 586 30 496 
Vertex 497 distance 25
0 586 145 299 497 
Vertex 498 distance 22
0 287 122 9 40 498 
Vertex 499 distance 32
0 287 122 9 40 448 388 593 499 
Vertex 500 distance 30
0 287 178 500 
Vertex 501 distance 13
0 287 122 9 501 
Vertex 502 distance 16
0 287 502 
Vertex 503 distance 14
0 287 22 128 57 503 
Vertex 504 distance 32
0 287 22 54 117 370 504 
Vertex 505 distance 23
0 228 119 505 
Vertex 506 distance 37
0 287 122 276 107 140 41 137 506 
Vertex 507 distance 28
0 287 122 9 512 451 507 
Vertex 508 distance 25
0 568 201 395 464 508 
Vertex 509 distance 29
0 586 30 496 174 509 
Vertex 510 distance 32
0 287 22 54 237 616 405 478 467 213 510 
Vertex 511 distance 36
0 287 22 54 237 132 151 180 85 60 511 
Vertex 512 distance 11
0 287 122 9 512 
Vertex 513 distance 30
0 287 122 9 40 448 587 471 599 513 
Vertex 514 distance 19
0 287 22 514 
Vertex 515 distance 53
0 287 122 9 501 69 398 368 113 515 
Vertex 516 distance 26
0 287 22 326 516 
Vertex 517 distance 33
0 287 122 276 612 205 353 479 517 
Vertex 518 distance 42
0 568 201 165 518 
Vertex 519 distance 20
0 287 22 519 
Vertex 520 distance 28
0 287 122 9 40 596 520 
Vertex 521 distance 30
0 287 22 128 57 399 634 521 
Vertex 522 distance 40
0 287 122 9 512 278 281 522 
Vertex 523 distance 21
0 287 122 9 512 566 182 280 523 
Vertex 524 distance 29
0 287 122 276 107 131 550 524 
Vertex 525 distance 21
0 228 525 
Vertex 526 distance 34
0 287 122 9 512 566 182 280 523 371 396 526 
Vertex 527 distance 14
0 287 22 543 554 527 
Vertex 528 distance 23
0 287 22 578 528 
Vertex 529 distance 34
0 287 122 9 40 448 419 529 
Vertex 530 distance 34
0 287 122 9 512 566 48 530 
Vertex 531 distance 29
0 287 122 9 40 448 587 531 
Vertex 532 distance 24
0 287 122 9 512 614 532 
Vertex 533 distance 14
0 287 22 578 533 
Vertex 534 distance 22
0 568 534 
Vertex 535 distance 20
0 287 22 54 237 132 151 535 
Vertex 536 distance 26
0 287 122 276 612 536 
Vertex 537 distance 24
0 287 22 318 78 443 537 
Vertex 538 distance 33
0 287 22 318 78 346 11 538 
Vertex 539 distance 32
0 287 122 276 329 539 
Vertex 540 distance 20
0 287 122 454 332 540 
Vertex 541 distance 22
0 287 22 54 237 31 289 541 
Vertex 542 distance 35
0 287 122 9 512 614 532 210 252 542 
Vertex 543 distance 9
0 287 22 543 
Vertex 544 distance 33
0 287 22 318 221 325 544 
Vertex 545 distance 30
0 287 122 9 501 231 545 
Vertex 546 distance 21
0 287 22 318 78 443 546 
Vertex 547 distance 19
0 287 458 139 547 
Vertex 548 distance 26
0 287 122 9 40 448 388 426 294 548 
Vertex 549 distance 29
0 287 122 276 612 205 64 549 
Vertex 550 distance 20
0 287 122 276 107 131 550 
Vertex 551 distance 19
0 568 201 551 
Vertex 552 distance 29
0 287 122 276 612 536 552 
Vertex 553 distance 35
0 287 122 454 94 306 384 267 553 
Vertex 554 distance 13
0 287 22 543 554 
Vertex 555 distance 31
0 287 22 318 78 359 555 
Vertex 556 distance 29
0 287 22 54 556 
Vertex 557 distance 25
0 287 22 318 78 443 546 557 
Vertex 558 distance 25
0 287 22 543 101 401 558 
Vertex 559 distance 30
0 287 22 54 237 31 289 285 249 559 
Vertex 560 distance 31
0 287 122 9 501 71 264 304 560 
Vertex 561 distance 30
0 287 149 393 561 
Vertex 562 distance 29
0 586 145 617 562 
Vertex 563 distance 33
0 287 22 519 33 563 
Vertex 564 distance 26
0 586 145 299 497 564 
Vertex 565 distance 37
0 228 119 505 219 565 
Vertex 566 distance 12
0 287 122 9 512 566 
Vertex 567 distance 28
0 287 122 9 512 451 567 
Vertex 568 distance 10
0 568 
Vertex 569 distance 22
0 287 22 569 
Vertex 570 distance 29
0 287 22 128 589 411 110 570 
Vertex 571 distance 29
0 568 201 395 464 571 
Vertex 572 distance 39
0 287 178 572 
Vertex 573 distance 17
0 287 122 276 107 152 573 
Vertex 574 distance 35
0 287 122 276 612 624 574 
Vertex 575 distance 22
0 287 122 276 107 152 573 144 575 
Vertex 576 distance 38
0 287 22 128 57 327 576 
Vertex 577 distance 19
0 287 22 607 577 
Vertex 578 distance 11
0 287 22 578 
Vertex 579 distance 26
0 287 22 54 237 616 409 88 83 579 
Vertex 580 distance 23
0 287 22 543 101 401 580 
Vertex 581 distance 29
0 287 22 578 381 581 
Vertex 582 distance 23
0 287 122 276 107 131 582 
Vertex 583 distance 35
0 287 22 519 33 563 583 
Vertex 584 distance 27
0 287 122 276 612 123 52 584 
Vertex 585 distance 17
0 287 22 54 237 616 409 585 
Vertex 586 distance 5
0 586 
Vertex 587 distance 23
0 287 122 9 40 448 587 
Vertex 588 distance 29
0 287 22 54 237 132 151 180 588 
Vertex 589 distance 16
0 287 22 128 589 
Vertex 590 distance 19
0 287 22 578 533 590 
Vertex 591 distance 59
0 287 122 276 612 205 591 
Vertex 592 distance 20
0 287 22 578 533 592 
Vertex 593 distance 29
0 287 122 9 40 448 388 593 
Vertex 594 distance 18
0 287 122 276 107 594 
Vertex 595 distance 21
0 287 502 595 
Vertex 596 distance 20
0 287 122 9 40 596 
Vertex 597 distance 41
0 287 22 54 237 616 409 585 597 
Vertex 598 distance 22
0 287 122 9 512 566 182 280 523 598 
Vertex 599 distance 27
0 287 122 9 40 448 587 471 599 
Vertex 600 distance 25
0 287 22 211 600 
Vertex 601 distance 33
0 287 22 543 279 321 601 
Vertex 602 distance 29
0 287 122 9 416 602 
Vertex 603 distance 29
0 287 122 454 94 306 384 603 
Vertex 604 distance 27
0 287 22 543 554 342 91 214 604 
Vertex 605 distance 16
0 287 22 543 279 605 
Vertex 606 distance 19
0 586 30 606 
Vertex 607 distance 18
0 287 22 607 
Vertex 608 distance 32
0 287 122 9 40 448 419 608 
Vertex 609 distance 25
0 287 22 54 237 132 151 180 609 
Vertex 610 distance 32
0 287 122 276 612 123 90 610 
Vertex 611 distance 21
0 287 122 454 94 306 611 
Vertex 612 distance 15
0 287 122 276 612 
Vertex 613 distance 38
0 287 122 276 107 152 389 361 15 470 138 441 613 
Vertex 614 distance 21
0 287 122 9 512 614 
Vertex 615 distance 33
0 586 145 617 300 615 
Vertex 616 distance 13
0 287 22 54 237 616 
Vertex 617 distance 22
0 586 145 617 
Vertex 618 distance 19
0 287 458 618 
Vertex 619 distance 20
0 287 22 128 589 619 
Vertex 620 distance 34
0 586 145 617 300 615 620 
Vertex 621 distance 33
0 287 122 276 107 385 621 
Vertex 622 distance 32
0 287 122 9 40 448 622 
Vertex 623 distance 33
0 287 22 543 554 70 24 43 125 623 
Vertex 624 distance 21
0 287 122 276 612 624 
Vertex 625 distance 27
0 287 122 9 40 448 625 
Vertex 626 distance 31
0 287 122 9 512 566 182 280 523 37 626 
Vertex 627 distance 20
0 568 201 627 
Vertex 628 distance 19
0 287 122 276 628 
Vertex 629 distance 23
0 287 22 54 237 132 151 180 629 
Vertex 630 distance 37
0 287 502 595 153 630 
Vertex 631 distance 25
0 287 458 241 631 
Vertex 632 distance 27
0 287 122 276 107 385 632 
Vertex 633 distance 26
0 287 22 128 57 399 633 
Vertex 634 distance 28
0 287 22 128 57 399 634 
Vertex 635 distance 27
0 287 149 433 635 
Vertex 636 distance 29
0 287 22 543 554 342 91 636 
Vertex 637 distance 25
0 287 22 54 237 31 289 541 12 637 
Vertex 638 distance 32
0 586 145 617 34 334 638 
Vertex 639 distance 20
0 287 122 454 332 639 
