Vertex 0 distance 0
0 0 
Vertex 1 distance 16
0 221 556 1 
Vertex 2 distance 13
0 180 268 369 607 2 
Vertex 3 distance 20
0 460 530 416 87 3 
Vertex 4 distance 19
0 460 21 154 4 
Vertex 5 distance 19
0 180 613 186 432 5 
Vertex 6 distance 17
0 180 294 63 307 6 
Vertex 7 distance 14
0 633 386 269 66 259 472 346 7 
Vertex 8 distance 23
0 460 340 203 266 8 
Vertex 9 distance 16
0 633 386 269 66 259 472 428 9 
Vertex 10 distance 20
0 633 82 338 75 97 132 575 10 
Vertex 11 distance 17
0 180 613 597 11 
Vertex 12 distance 16
0 180 268 369 607 390 562 572 12 
Vertex 13 distance 18
0 180 225 627 106 143 13 
Vertex 14 distance 22
0 305 451 14 
Vertex 15 distance 16
0 221 556 15 
Vertex 16 distance 18
0 633 386 269 496 589 457 536 16 
Vertex 17 distance 24
0 180 268 523 17 
Vertex 18 distance 13
0 633 82 338 18 
Vertex 19 distance 20
0 180 268 42 148 459 465 201 19 
Vertex 20 distance 18
0 633 82 507 333 20 
Vertex 21 distance 9
0 460 21 
Vertex 22 distance 13
0 633 82 338 61 22 
Vertex 23 distance 16
0 633 386 269 66 259 472 346 7 23 
Vertex 24 distance 20
0 180 291 24 
Vertex 25 distance 21
0 460 21 154 605 25 
Vertex 26 distance 15
0 633 386 269 496 589 26 
Vertex 27 distance 17
0 180 514 27 
Vertex 28 distance 14
0 633 386 269 629 28 
Vertex 29 distance 17
0 180 268 42 232 29 
Vertex 30 distance 18
0 180 268 42 297 30 
Vertex 31 distance 18
0 633 82 338 61 22 520 609 31 
Vertex 32 distance 28
0 633 82 338 75 32 
Vertex 33 distance 17
0 460 159 293 33 
Vertex 34 distance 25
0 633 386 269 66 259 472 243 111 250 83 34 
Vertex 35 distance 17
0 633 372 466 344 35 
Vertex 36 distance 17
0 633 386 269 66 259 77 140 36 
Vertex 37 distance 18
0 180 294 356 281 59 229 37 
Vertex 38 distance 14
0 460 159 360 38 
Vertex 39 distance 22
0 633 386 269 66 259 472 243 111 250 83 39 
Vertex 40 distance 18
0 460 340 616 215 602 40 
Vertex 41 distance 17
0 460 21 154 605 481 41 
Vertex 42 distance 9
0 180 268 42 
Vertex 43 distance 33
0 305 467 43 
Vertex 44 distance 11
0 633 372 44 
Vertex 45 distance 17
0 633 386 269 66 397 486 45 
Vertex 46 distance 19
0 460 340 616 215 46 
Vertex 47 distance 21
0 633 386 269 496 207 47 
Vertex 48 distance 15
0 180 268 369 48 
Vertex 49 distance 18
0 180 268 42 148 459 167 49 
Vertex 50 distance 26
0 221 556 1 447 463 50 
Vertex 51 distance 24
0 633 386 269 66 259 77 90 51 
Vertex 52 distance 18
0 633 82 338 18 518 494 419 52 
Vertex 53 distance 25
0 633 82 338 75 97 171 525 53 
Vertex 54 distance 23
0 460 228 245 54 
Vertex 55 distance 19
0 633 386 269 66 259 472 243 111 250 55 
Vertex 56 distance 23
0 305 451 14 56 
Vertex 57 distance 22
0 633 386 269 496 286 218 57 
Vertex 58 distance 18
0 180 225 627 106 143 58 
Vertex 59 distance 16
0 180 294 356 281 59 
Vertex 60 distance 14
0 633 386 269 66 259 472 60 
Vertex 61 distance 12
0 633 82 338 61 
Vertex 62 distance 19
0 460 21 617 545 62 
Vertex 63 distance 12
0 180 294 63 
Vertex 64 distance 14
0 460 159 441 64 
Vertex 65 distance 22
0 460 340 623 139 65 
Vertex 66 distance 10
0 633 386 269 66 
Vertex 67 distance 14
0 460 159 67 
Vertex 68 distance 15
0 460 340 623 68 
Vertex 69 distance 17
0 180 268 369 607 534 69 
Vertex 70 distance 13
0 633 372 466 70 
Vertex 71 distance 15
0 633 386 269 629 28 71 
Vertex 72 distance 19
0 633 386 269 496 286 72 
Vertex 73 distance 27
0 633 166 239 73 
Vertex 74 distance 25
0 305 451 14 56 74 
Vertex 75 distance 14
0 633 82 338 75 
Vertex 76 distance 18
0 305 309 76 
Vertex 77 distance 13
0 633 386 269 66 259 77 
Vertex 78 distance 15
0 633 82 78 
Vertex 79 distance 27
0 124 128 79 
Vertex 80 distance 15
0 633 372 466 70 80 
Vertex 81 distance 20
0 180 268 42 198 559 387 81 
Vertex 82 distance 8
0 633 82 
Vertex 83 distance 18
0 633 386 269 66 259 472 243 111 250 83 
Vertex 84 distance 18
0 633 386 269 629 299 84 
Vertex 85 distance 13
0 633 372 466 344 85 
Vertex 86 distance 21
0 633 386 482 86 
Vertex 87 distance 18
0 460 530 416 87 
Vertex 88 distance 17
0 460 530 100 88 
Vertex 89 distance 21
0 460 159 293 33 89 
Vertex 90 distance 14
0 633 386 269 66 259 77 90 
Vertex 91 distance 19
0 633 386 269 496 589 457 536 16 91 
Vertex 92 distance 19
0 180 291 326 92 
Vertex 93 distance 14
0 180 93 
Vertex 94 distance 18
0 180 268 369 607 390 94 
Vertex 95 distance 25
0 633 82 338 101 95 
Vertex 96 distance 24
0 180 268 318 96 
Vertex 97 distance 15
0 633 82 338 75 97 
Vertex 98 distance 18
0 180 291 389 98 
Vertex 99 distance 20
0 633 82 338 61 289 635 99 
Vertex 100 distance 16
0 460 530 100 
Vertex 101 distance 12
0 633 82 338 101 
Vertex 102 distance 18
0 633 82 338 480 102 
Vertex 103 distance 14
0 633 372 466 244 103 
Vertex 104 distance 12
0 633 386 269 629 368 104 
Vertex 105 distance 19
0 633 372 466 344 85 470 105 
Vertex 106 distance 14
0 180 225 627 106 
Vertex 107 distance 16
0 460 159 441 107 
Vertex 108 distance 17
0 180 294 63 108 
Vertex 109 distance 16
0 633 386 269 66 259 472 60 109 
Vertex 110 distance 19
0 460 159 441 302 110 
Vertex 111 distance 14
0 633 386 269 66 259 472 243 111 
Vertex 112 distance 22
0 633 82 338 61 289 113 112 
Vertex 113 distance 18
0 633 82 338 61 289 113 
Vertex 114 distance 19
0 633 82 338 61 22 520 114 
Vertex 115 distance 23
0 460 159 441 115 
Vertex 116 distance 16
0 633 386 269 116 
Vertex 117 distance 21
0 633 82 338 18 133 495 117 
Vertex 118 distance 18
0 633 82 78 118 
Vertex 119 distance 15
0 180 225 627 106 119 
Vertex 120 distance 20
0 633 386 269 629 368 104 164 120 
Vertex 121 distance 16
0 460 340 616 215 121 
Vertex 122 distance 19
0 460 21 122 
Vertex 123 distance 18
0 460 530 416 443 123 
Vertex 124 distance 14
0 124 
Vertex 125 distance 21
0 180 291 389 98 125 
Vertex 126 distance 17
0 633 372 466 244 126 
Vertex 127 distance 17
0 460 340 616 215 121 127 
Vertex 128 distance 19
0 124 128 
Vertex 129 distance 18
0 180 268 369 607 390 424 129 
Vertex 130 distance 16
0 633 386 269 629 177 130 
Vertex 131 distance 21
0 633 386 269 496 286 634 131 
Vertex 132 distance 17
0 633 82 338 75 97 132 
Vertex 133 distance 14
0 633 82 338 18 133 
Vertex 134 distance 22
0 633 386 269 629 368 349 134 
Vertex 135 distance 17
0 180 268 369 135 
Vertex 136 distance 11
0 633 136 
Vertex 137 distance 17
0 633 386 269 66 259 472 60 511 137 
Vertex 138 distance 18
0 633 386 269 629 187 592 138 
Vertex 139 distance 16
0 460 340 623 139 
Vertex 140 distance 14
0 633 386 269 66 259 77 140 
Vertex 141 distance 18
0 633 386 269 629 187 592 141 
Vertex 142 distance 18
0 633 386 269 629 28 145 142 
Vertex 143 distance 15
0 180 225 627 106 143 
Vertex 144 distance 20
0 633 82 338 480 102 144 
Vertex 145 distance 15
0 633 386 269 629 28 145 
Vertex 146 distance 20
0 305 146 
Vertex 147 distance 23
0 180 268 42 148 234 370 147 
Vertex 148 distance 10
0 180 268 42 148 
Vertex 149 distance 12
0 633 386 269 629 368 149 
Vertex 150 distance 18
0 460 340 616 215 491 150 
Vertex 151 distance 17
0 180 268 42 151 
Vertex 152 distance 26
0 460 340 616 195 541 152 
Vertex 153 distance 19
0 633 386 269 629 474 274 153 
Vertex 154 distance 13
0 460 21 154 
Vertex 155 distance 16
0 633 386 269 66 397 155 
Vertex 156 distance 19
0 633 386 269 66 259 77 140 339 156 
Vertex 157 distance 17
0 633 82 338 157 
Vertex 158 distance 17
0 460 159 158 
Vertex 159 distance 12
0 460 159 
Vertex 160 distance 21
0 633 82 507 160 
Vertex 161 distance 21
0 633 386 269 66 397 567 161 
Vertex 162 distance 19
0 633 386 269 629 368 149 162 
Vertex 163 distance 21
0 180 268 369 607 390 336 163 
Vertex 164 distance 18
0 633 386 269 629 368 104 164 
Vertex 165 distance 22
0 633 82 338 61 22 165 
Vertex 166 distance 13
0 633 166 
Vertex 167 distance 16
0 180 268 42 148 459 167 
Vertex 168 distance 18
0 180 268 369 48 168 
Vertex 169 distance 18
0 180 613 597 408 169 
Vertex 170 distance 19
0 633 82 338 61 22 170 
Vertex 171 distance 18
0 633 82 338 75 97 171 
Vertex 172 distance 16
0 633 82 338 75 97 172 
Vertex 173 distance 20
0 180 291 351 173 
Vertex 174 distance 19
0 180 268 318 568 240 174 
Vertex 175 distance 25
0 180 268 523 452 175 
Vertex 176 distance 23
0 633 372 466 70 261 399 176 
Vertex 177 distance 14
0 633 386 269 629 177 
Vertex 178 distance 26
0 460 340 623 68 178 
Vertex 179 distance 22
0 180 268 42 198 559 387 81 179 
Vertex 180 distance 4
0 180 
Vertex 181 distance 11
0 633 82 181 
Vertex 182 distance 18
0 633 386 269 66 259 472 243 111 557 230 182 
Vertex 183 distance 18
0 460 21 617 183 
Vertex 184 distance 27
0 180 268 42 198 559 387 184 
Vertex 185 distance 18
0 180 268 523 185 
Vertex 186 distance 15
0 180 613 186 
Vertex 187 distance 9
0 633 386 269 629 187 
Vertex 188 distance 21
0 633 386 269 629 337 505 188 
Vertex 189 distance 19
0 180 268 369 607 390 562 572 12 189 
Vertex 190 distance 15
0 633 136 190 
Vertex 191 distance 20
0 633 386 269 66 397 155 353 191 
Vertex 192 distance 22
0 633 386 269 629 337 192 
Vertex 193 distance 17
0 460 340 193 
Vertex 194 distance 11
0 633 386 194 
Vertex 195 distance 14
0 460 340 616 195 
Vertex 196 distance 21
0 460 530 416 443 123 196 
Vertex 197 distance 14
0 180 225 197 
Vertex 198 distance 15
0 180 268 42 198 
Vertex 199 distance 14
0 180 294 199 
Vertex 200 distance 21
0 633 386 269 66 259 472 428 532 200 
Vertex 201 distance 19
0 180 268 42 148 459 465 201 
Vertex 202 distance 21
0 221 556 1 447 463 202 
Vertex 203 distance 16
0 460 340 203 
Vertex 204 distance 18
0 180 225 421 204 
Vertex 205 distance 18
0 633 386 269 629 368 104 205 
Vertex 206 distance 19
0 180 294 63 206 
Vertex 207 distance 13
0 633 386 269 496 207 
Vertex 208 distance 25
0 305 146 208 
Vertex 209 distance 16
0 180 268 523 452 209 
Vertex 210 distance 22
0 180 225 421 210 
Vertex 211 distance 23
0 460 159 211 
Vertex 212 distance 20
0 180 268 42 198 559 387 212 
Vertex 213 distance 15
0 460 340 616 213 
Vertex 214 distance 23
0 180 225 421 214 
Vertex 215 distance 14
0 460 340 616 215 
Vertex 216 distance 20
0 180 268 369 607 418 216 
Vertex 217 distance 24
0 180 268 369 607 390 424 413 217 
Vertex 218 distance 19
0 633 386 269 496 286 218 
Vertex 219 distance 16
0 633 386 194 219 
Vertex 220 distance 23
0 633 386 269 116 220 
Vertex 221 distance 10
0 221 
Vertex 222 distance 20
0 633 386 269 66 397 540 222 
Vertex 223 distance 18
0 180 268 42 409 223 
Vertex 224 distance 22
0 180 225 197 224 
Vertex 225 distance 9
0 180 225 
Vertex 226 distance 15
0 180 268 369 607 390 562 226 
Vertex 227 distance 17
0 460 21 154 605 227 
Vertex 228 distance 15
0 460 228 
Vertex 229 distance 17
0 180 294 356 281 59 229 
Vertex 230 distance 16
0 633 386 269 66 259 472 243 111 557 230 
Vertex 231 distance 22
0 221 556 1 447 463 231 
Vertex 232 distance 10
0 180 268 42 232 
Vertex 233 distance 17
0 633 372 466 70 80 233 
Vertex 234 distance 16
0 180 268 42 148 234 
Vertex 235 distance 18
0 633 372 466 308 610 235 
Vertex 236 distance 16
0 180 268 42 148 236 
Vertex 237 distance 15
0 633 386 269 66 397 486 237 
Vertex 238 distance 18
0 633 386 269 66 259 472 243 111 250 238 
Vertex 239 distance 17
0 633 166 239 
Vertex 240 distance 18
0 180 268 318 568 240 
Vertex 241 distance 23
0 460 21 154 605 227 241 
Vertex 242 distance 15
0 305 242 
Vertex 243 distance 13
0 633 386 269 66 259 472 243 
Vertex 244 distance 12
0 633 372 466 244 
Vertex 245 distance 19
0 460 228 245 
Vertex 246 distance 25
0 633 82 338 18 518 246 
Vertex 247 distance 18
0 633 82 338 61 22 247 
Vertex 248 distance 17
0 633 82 507 333 248 
Vertex 249 distance 20
0 633 386 269 66 259 472 346 7 249 
Vertex 250 distance 16
0 633 386 269 66 259 472 243 111 250 
Vertex 251 distance 18
0 180 225 197 251 
Vertex 252 distance 21
0 633 136 190 287 252 
Vertex 253 distance 19
0 633 386 269 66 259 77 90 253 
Vertex 254 distance 27
0 633 82 338 75 580 254 
Vertex 255 distance 17
0 460 340 616 195 255 
Vertex 256 distance 16
0 633 386 269 629 299 256 
Vertex 257 distance 14
0 633 82 338 61 22 257 
Vertex 258 distance 19
0 180 268 42 198 559 387 258 
Vertex 259 distance 11
0 633 386 269 66 259 
Vertex 260 distance 21
0 180 268 369 607 390 260 
Vertex 261 distance 17
0 633 372 466 70 261 
Vertex 262 distance 19
0 633 386 269 629 28 145 262 
Vertex 263 distance 17
0 633 82 338 18 518 494 263 
Vertex 264 distance 26
0 633 386 269 629 177 264 
Vertex 265 distance 20
0 633 386 269 66 259 472 243 111 250 55 265 
Vertex 266 distance 18
0 460 340 203 266 
Vertex 267 distance 28
0 180 613 597 267 
Vertex 268 distance 5
0 180 268 
Vertex 269 distance 7
0 633 386 269 
Vertex 270 distance 18
0 180 93 270 
Vertex 271 distance 19
0 460 228 271 
Vertex 272 distance 12
0 633 372 466 272 
Vertex 273 distance 23
0 633 386 269 629 28 145 142 273 
Vertex 274 distance 18
0 633 386 269 629 474 274 
Vertex 275 distance 22
0 460 530 100 275 
Vertex 276 distance 24
0 633 386 269 66 397 540 355 276 
Vertex 277 distance 22
0 460 530 100 573 277 
Vertex 278 distance 20
0 633 386 269 66 259 290 278 
Vertex 279 distance 15
0 460 340 623 279 
Vertex 280 distance 22
0 633 82 338 75 97 385 280 
Vertex 281 distance 15
0 180 294 356 281 
Vertex 282 distance 23
0 180 268 523 452 539 282 
Vertex 283 distance 17
0 180 225 627 106 143 283 
Vertex 284 distance 25
0 180 225 197 284 
Vertex 285 distance 14
0 285 
Vertex 286 distance 12
0 633 386 269 496 286 
Vertex 287 distance 17
0 633 136 190 287 
Vertex 288 distance 19
0 180 268 369 607 390 424 413 288 
Vertex 289 distance 14
0 633 82 338 61 289 
Vertex 290 distance 13
0 633 386 269 66 259 290 
Vertex 291 distance 13
0 180 291 
Vertex 292 distance 21
0 460 340 616 215 602 40 292 
Vertex 293 distance 15
0 460 159 293 
Vertex 294 distance 11
0 180 294 
Vertex 295 distance 16
0 180 268 42 409 295 
Vertex 296 distance 21
0 633 386 269 629 368 149 296 
Vertex 297 distance 12
0 180 268 42 297 
Vertex 298 distance 16
0 180 268 42 298 
Vertex 299 distance 10
0 633 386 269 629 299 
Vertex 300 distance 12
0 180 268 300 
Vertex 301 distance 19
0 633 386 269 496 589 457 301 
Vertex 302 distance 14
0 460 159 441 302 
Vertex 303 distance 17
0 180 268 42 148 236 303 
Vertex 304 distance 20
0 460 21 617 521 577 304 
Vertex 305 distance 6
0 305 
Vertex 306 distance 16
0 633 386 269 629 337 306 
Vertex 307 distance 14
0 180 294 63 307 
Vertex 308 distance 12
0 633 372 466 308 
Vertex 309 distance 17
0 305 309 
Vertex 310 distance 15
0 633 372 466 244 310 
Vertex 311 distance 20
0 460 21 154 436 311 
Vertex 312 distance 17
0 633 82 338 18 133 495 312 
Vertex 313 distance 20
0 633 82 338 18 313 
Vertex 314 distance 19
0 633 386 269 629 187 592 314 
Vertex 315 distance 18
0 180 268 523 452 539 626 315 
Vertex 316 distance 21
0 460 159 316 
Vertex 317 distance 19
0 180 268 369 607 2 317 
Vertex 318 distance 11
0 180 268 318 
Vertex 319 distance 15
0 633 386 269 66 259 77 140 319 
Vertex 320 distance 14
0 633 82 338 18 320 
Vertex 321 distance 22
0 633 372 44 321 
Vertex 322 distance 26
0 460 340 623 411 322 
Vertex 323 distance 18
0 180 613 597 323 
Vertex 324 distance 18
0 180 294 356 281 59 343 324 
Vertex 325 distance 18
0 633 386 269 361 325 
Vertex 326 distance 15
0 180 291 326 
Vertex 327 distance 19
0 180 268 42 409 327 
Vertex 328 distance 18
0 633 386 269 629 187 550 328 
Vertex 329 distance 18
0 460 340 623 329 
Vertex 330 distance 18
0 460 530 416 569 330 
Vertex 331 distance 16
0 460 340 616 331 
Vertex 332 distance 21
0 180 268 42 148 236 303 332 
Vertex 333 distance 15
0 633 82 507 333 
Vertex 334 distance 20
0 180 294 356 281 59 343 334 
Vertex 335 distance 17
0 460 530 416 443 335 
Vertex 336 distance 20
0 180 268 369 607 390 336 
Vertex 337 distance 15
0 633 386 269 629 337 
Vertex 338 distance 10
0 633 82 338 
Vertex 339 distance 18
0 633 386 269 66 259 77 140 339 
Vertex 340 distance 11
0 460 340 
Vertex 341 distance 17
0 180 613 341 
Vertex 342 distance 16
0 633 82 338 342 
Vertex 343 distance 17
0 180 294 356 281 59 343 
Vertex 344 distance 12
0 633 372 466 344 
Vertex 345 distance 19
0 639 345 
Vertex 346 distance 13
0 633 386 269 66 259 472 346 
Vertex 347 distance 25
0 633 386 269 629 177 130 347 
Vertex 348 distance 18
0 633 386 269 629 177 348 
Vertex 349 distance 18
0 633 386 269 629 368 349 
Vertex 350 distance 18
0 180 268 42 409 295 350 
Vertex 351 distance 18
0 180 291 351 
Vertex 352 distance 18
0 633 82 338 61 22 520 609 352 
Vertex 353 distance 18
0 633 386 269 66 397 155 353 
Vertex 354 distance 21
0 180 268 523 452 453 354 
Vertex 355 distance 18
0 633 386 269 66 397 540 355 
Vertex 356 distance 14
0 180 294 356 
Vertex 357 distance 18
0 633 372 466 244 357 
Vertex 358 distance 27
0 633 82 338 75 358 
Vertex 359 distance 26
0 180 268 523 452 175 359 
Vertex 360 distance 13
0 460 159 360 
Vertex 361 distance 11
0 633 386 269 361 
Vertex 362 distance 19
0 305 242 362 
Vertex 363 distance 16
0 633 82 338 18 133 363 
Vertex 364 distance 20
0 633 386 269 66 259 472 243 111 250 55 364 
Vertex 365 distance 27
0 180 514 27 583 365 
Vertex 366 distance 23
0 180 268 523 452 366 
Vertex 367 distance 29
0 633 386 269 629 28 145 381 404 367 
Vertex 368 distance 10
0 633 386 269 629 368 
Vertex 369 distance 11
0 180 268 369 
Vertex 370 distance 21
0 180 268 42 148 234 370 
Vertex 371 distance 19
0 633 82 338 75 97 132 371 
Vertex 372 distance 4
0 633 372 
Vertex 373 distance 25
0 180 268 42 373 
Vertex 374 distance 21
0 633 386 269 66 259 77 140 36 374 
Vertex 375 distance 18
0 633 386 269 66 397 155 375 
Vertex 376 distance 22
0 633 386 269 496 599 376 
Vertex 377 distance 15
0 633 386 269 66 259 77 140 377 
Vertex 378 distance 22
0 633 372 466 70 261 399 378 
Vertex 379 distance 17
0 633 386 269 66 259 379 
Vertex 380 distance 19
0 633 386 269 66 259 472 243 111 250 238 380 
Vertex 381 distance 20
0 633 386 269 629 28 145 381 
Vertex 382 distance 18
0 180 268 369 607 390 424 413 382 
Vertex 383 distance 23
0 460 159 293 33 89 383 
Vertex 384 distance 19
0 633 82 338 101 384 
Vertex 385 distance 19
0 633 82 338 75 97 385 
Vertex 386 distance 6
0 633 386 
Vertex 387 distance 18
0 180 268 42 198 559 387 
Vertex 388 distance 21
0 633 386 269 496 388 
Vertex 389 distance 16
0 180 291 389 
Vertex 390 distance 13
0 180 268 369 607 390 
Vertex 391 distance 24
0 633 82 338 18 133 391 
Vertex 392 distance 26
0 633 386 269 66 259 472 243 111 250 392 
Vertex 393 distance 24
0 180 613 186 630 393 
Vertex 394 distance 20
0 633 386 269 496 286 72 394 
Vertex 395 distance 17
0 180 268 318 395 
Vertex 396 distance 21
0 180 268 574 396 
Vertex 397 distance 12
0 633 386 269 66 397 
Vertex 398 distance 18
0 633 386 269 66 259 472 346 7 23 398 
Vertex 399 distance 18
0 633 372 466 70 261 399 
Vertex 400 distance 17
0 180 268 369 607 418 400 
Vertex 401 distance 19
0 633 386 269 66 259 77 140 377 401 
Vertex 402 distance 21
0 633 386 269 629 187 592 138 402 
Vertex 403 distance 19
0 633 372 466 70 80 403 
Vertex 404 distance 22
0 633 386 269 629 28 145 381 404 
Vertex 405 distance 24
0 460 340 616 215 46 405 
Vertex 406 distance 19
0 633 386 269 629 368 149 406 
Vertex 407 distance 21
0 633 386 269 629 187 592 314 407 
Vertex 408 distance 13
0 180 613 597 408 
Vertex 409 distance 13
0 180 268 42 409 
Vertex 410 distance 17
0 180 268 369 607 390 424 410 
Vertex 411 distance 19
0 460 340 623 411 
Vertex 412 distance 17
0 633 82 338 75 97 412 
Vertex 413 distance 17
0 180 268 369 607 390 424 413 
Vertex 414 distance 20
0 633 386 269 66 259 472 243 111 557 414 
Vertex 415 distance 25
0 460 228 415 
Vertex 416 distance 14
0 460 530 416 
Vertex 417 distance 18
0 633 82 507 503 417 
Vertex 418 distance 16
0 180 268 369 607 418 
Vertex 419 distance 17
0 633 82 338 18 518 494 419 
Vertex 420 distance 16
0 180 268 42 297 420 
Vertex 421 distance 13
0 180 225 421 
Vertex 422 distance 10
0 633 386 269 496 422 
Vertex 423 distance 20
0 180 268 369 607 390 424 423 
Vertex 424 distance 16
0 180 268 369 607 390 424 
Vertex 425 distance 20
0 639 345 425 
Vertex 426 distance 20
0 180 613 341 426 
Vertex 427 distance 16
0 633 372 466 427 
Vertex 428 distance 15
0 633 386 269 66 259 472 428 
Vertex 429 distance 22
0 633 386 269 429 
Vertex 430 distance 16
0 633 386 269 629 28 71 430 
Vertex 431 distance 22
0 460 340 616 195 255 516 431 
Vertex 432 distance 17
0 180 613 186 432 
Vertex 433 distance 19
0 180 225 627 106 433 
Vertex 434 distance 21
0 180 613 597 434 
Vertex 435 distance 23
0 633 386 269 66 259 472 60 511 442 435 
Vertex 436 distance 18
0 460 21 154 436 
Vertex 437 distance 18
0 180 613 597 408 437 
Vertex 438 distance 23
0 180 294 63 438 
Vertex 439 distance 18
0 460 159 441 107 439 
Vertex 440 distance 22
0 180 268 369 607 390 424 413 440 
Vertex 441 distance 13
0 460 159 441 
Vertex 442 distance 17
0 633 386 269 66 259 472 60 511 442 
Vertex 443 distance 16
0 460 530 416 443 
Vertex 444 distance 17
0 305 444 
Vertex 445 distance 16
0 460 530 416 445 
Vertex 446 distance 25
0 633 636 446 
Vertex 447 distance 17
0 221 556 1 447 
Vertex 448 distance 19
0 460 340 616 448 
Vertex 449 distance 21
0 633 82 338 75 580 449 
Vertex 450 distance 27
0 633 372 466 344 85 470 450 
Vertex 451 distance 13
0 305 451 
Vertex 452 distance 14
0 180 268 523 452 
Vertex 453 distance 16
0 180 268 523 452 453 
Vertex 454 distance 21
0 633 82 338 480 102 454 
Vertex 455 distance 21
0 633 386 269 66 259 77 455 
Vertex 456 distance 20
0 633 82 507 333 248 456 
Vertex 457 distance 12
0 633 386 269 496 589 457 
Vertex 458 distance 17
0 633 82 338 61 289 458 
Vertex 459 distance 15
0 180 268 42 148 459 
Vertex 460 distance 6
0 460 
Vertex 461 distance 20
0 180 514 461 
Vertex 462 distance 19
0 460 340 623 139 618 462 
Vertex 463 distance 18
0 221 556 1 447 463 
Vertex 464 distance 18
0 460 530 100 573 464 
Vertex 465 distance 17
0 180 268 42 148 459 465 
Vertex 466 distance 11
0 633 372 466 
Vertex 467 distance 18
0 305 467 
Vertex 468 distance 17
0 633 136 190 468 
Vertex 469 distance 25
0 180 294 63 553 469 
Vertex 470 distance 16
0 633 372 466 344 85 470 
Vertex 471 distance 15
0 633 82 338 18 320 471 
Vertex 472 distance 12
0 633 386 269 66 259 472 
Vertex 473 distance 20
0 633 386 269 629 187 592 473 
Vertex 474 distance 15
0 633 386 269 629 474 
Vertex 475 distance 26
0 633 372 466 70 261 399 475 
Vertex 476 distance 17
0 633 386 269 66 259 472 60 109 476 
Vertex 477 distance 24
0 633 82 338 18 320 471 477 
Vertex 478 distance 16
0 180 268 42 478 
Vertex 479 distance 22
0 180 268 42 479 
Vertex 480 distance 16
0 633 82 338 480 
Vertex 481 distance 16
0 460 21 154 605 481 
Vertex 482 distance 14
0 633 386 482 
Vertex 483 distance 21
0 639 483 
Vertex 484 distance 21
0 180 294 63 307 484 
Vertex 485 distance 19
0 633 372 466 70 80 485 
Vertex 486 distance 13
0 633 386 269 66 397 486 
Vertex 487 distance 20
0 180 613 597 408 437 487 
Vertex 488 distance 20
0 180 268 369 48 488 
Vertex 489 distance 17
0 180 268 42 298 489 
Vertex 490 distance 21
0 633 386 269 629 187 592 141 490 
Vertex 491 distance 16
0 460 340 616 215 491 
Vertex 492 distance 19
0 460 530 100 88 492 
Vertex 493 distance 15
0 124 493 
Vertex 494 distance 16
0 633 82 338 18 518 494 
Vertex 495 distance 16
0 633 82 338 18 133 495 
Vertex 496 distance 9
0 633 386 269 496 
Vertex 497 distance 25
0 460 159 441 107 497 
Vertex 498 distance 20
0 460 340 616 195 541 498 
Vertex 499 distance 20
0 633 386 269 496 589 457 536 499 
Vertex 500 distance 15
0 633 500 
Vertex 501 distance 18
0 180 268 523 452 501 
Vertex 502 distance 18
0 633 166 502 
Vertex 503 distance 17
0 633 82 507 503 
Vertex 504 distance 25
0 633 386 269 66 259 472 243 111 250 55 364 504 
Vertex 505 distance 19
0 633 386 269 629 337 505 
Vertex 506 distance 19
0 460 21 617 545 506 
Vertex 507 distance 12
0 633 82 507 
Vertex 508 distance 27
0 460 340 623 508 
Vertex 509 distance 18
0 460 530 416 443 335 509 
Vertex 510 distance 20
0 460 340 510 
Vertex 511 distance 15
0 633 386 269 66 259 472 60 511 
Vertex 512 distance 22
0 633 386 269 496 286 634 131 512 
Vertex 513 distance 19
0 460 340 616 195 255 513 
Vertex 514 distance 15
0 180 514 
Vertex 515 distance 16
0 633 386 269 629 187 550 515 
Vertex 516 distance 18
0 460 340 616 195 255 516 
Vertex 517 distance 19
0 633 386 269 496 207 517 
Vertex 518 distance 15
0 633 82 338 18 518 
Vertex 519 distance 19
0 633 82 507 333 248 519 
Vertex 520 distance 16
0 633 82 338 61 22 520 
Vertex 521 distance 16
0 460 21 617 521 
Vertex 522 distance 26
0 460 340 623 329 522 
Vertex 523 distance 11
0 180 268 523 
Vertex 524 distance 20
0 180 268 369 607 390 424 413 382 524 
Vertex 525 distance 20
0 633 82 338 75 97 171 525 
Vertex 526 distance 17
0 633 386 269 496 207 526 
Vertex 527 distance 21
0 633 386 269 629 527 
Vertex 528 distance 21
0 633 386 269 66 528 
Vertex 529 distance 15
0 180 294 63 529 
Vertex 530 distance 12
0 460 530 
Vertex 531 distance 22
0 180 225 421 204 603 531 
Vertex 532 distance 19
0 633 386 269 66 259 472 428 532 
Vertex 533 distance 20
0 180 294 533 
Vertex 534 distance 13
0 180 268 369 607 534 
Vertex 535 distance 22
0 633 166 535 
Vertex 536 distance 16
0 633 386 269 496 589 457 536 
Vertex 537 distance 18
0 180 613 597 537 
Vertex 538 distance 19
0 633 386 269 66 259 472 243 111 538 
Vertex 539 distance 15
0 180 268 523 452 539 
Vertex 540 distance 17
0 633 386 269 66 397 540 
Vertex 541 distance 16
0 460 340 616 195 541 
Vertex 542 distance 17
0 460 530 542 
Vertex 543 distance 22
0 633 386 269 66 397 540 543 
Vertex 544 distance 17
0 460 159 67 544 
Vertex 545 distance 16
0 460 21 617 545 
Vertex 546 distance 17
0 460 21 154 605 481 546 
Vertex 547 distance 21
0 633 386 269 629 299 547 
Vertex 548 distance 15
0 633 372 466 244 103 548 
Vertex 549 distance 15
0 460 530 416 549 
Vertex 550 distance 13
0 633 386 269 629 187 550 
Vertex 551 distance 20
0 460 21 617 521 551 
Vertex 552 distance 16
0 180 225 552 
Vertex 553 distance 17
0 180 294 63 553 
Vertex 554 distance 16
0 180 268 369 48 554 
Vertex 555 distance 17
0 633 386 269 66 259 472 243 111 557 555 
Vertex 556 distance 14
0 221 556 
Vertex 557 distance 15
0 633 386 269 66 259 472 243 111 557 
Vertex 558 distance 20
0 180 268 42 409 327 558 
Vertex 559 distance 16
0 180 268 42 198 559 
Vertex 560 distance 31
0 633 386 269 629 177 264 560 
Vertex 561 distance 18
0 180 268 523 452 209 561 
Vertex 562 distance 14
0 180 268 369 607 390 562 
Vertex 563 distance 17
0 633 386 269 66 259 472 346 7 23 563 
Vertex 564 distance 18
0 180 291 389 564 
Vertex 565 distance 21
0 460 340 623 411 565 
Vertex 566 distance 20
0 180 225 627 106 143 283 566 
Vertex 567 distance 19
0 633 386 269 66 397 567 
Vertex 568 distance 15
0 180 268 318 568 
Vertex 569 distance 16
0 460 530 416 569 
Vertex 570 distance 12
0 305 570 
Vertex 571 distance 18
0 633 386 269 66 397 486 571 
Vertex 572 distance 15
0 180 268 369 607 390 562 572 
Vertex 573 distance 17
0 460 530 100 573 
Vertex 574 distance 15
0 180 268 574 
Vertex 575 distance 18
0 633 82 338 75 97 132 575 
Vertex 576 distance 27
0 633 82 338 18 320 596 576 
Vertex 577 distance 17
0 460 21 617 521 577 
Vertex 578 distance 17
0 633 386 269 66 259 472 428 578 
Vertex 579 distance 23
0 633 386 269 496 579 
Vertex 580 distance 18
0 633 82 338 75 580 
Vertex 581 distance 11
0 633 386 269 496 589 581 
Vertex 582 distance 17
0 460 21 154 605 481 582 
Vertex 583 distance 25
0 180 514 27 583 
Vertex 584 distance 15
0 633 386 482 584 
Vertex 585 distance 18
0 633 372 466 344 85 585 
Vertex 586 distance 19
0 633 82 338 342 586 
Vertex 587 distance 21
0 633 386 269 66 259 472 243 111 587 
Vertex 588 distance 14
0 460 588 
Vertex 589 distance 10
0 633 386 269 496 589 
Vertex 590 distance 22
0 633 386 269 66 259 472 590 
Vertex 591 distance 16
0 180 268 369 607 390 562 591 
Vertex 592 distance 16
0 633 386 269 629 187 592 
Vertex 593 distance 22
0 633 386 269 629 368 104 205 593 
Vertex 594 distance 26
0 633 386 594 
Vertex 595 distance 21
0 180 268 42 297 595 
Vertex 596 distance 17
0 633 82 338 18 320 596 
Vertex 597 distance 12
0 180 613 597 
Vertex 598 distance 23
0 633 136 190 287 598 
Vertex 599 distance 20
0 633 386 269 496 599 
Vertex 600 distance 23
0 633 386 269 66 259 77 140 36 600 
Vertex 601 distance 18
0 633 386 269 66 259 290 601 
Vertex 602 distance 16
0 460 340 616 215 602 
Vertex 603 distance 21
0 180 225 421 204 603 
Vertex 604 distance 22
0 180 294 63 604 
Vertex 605 distance 15
0 460 21 154 605 
Vertex 606 distance 20
0 633 82 338 61 289 458 606 
Vertex 607 distance 12
0 180 268 369 607 
Vertex 608 distance 18
0 633 386 269 66 259 472 428 578 608 
Vertex 609 distance 17
0 633 82 338 61 22 520 609 
Vertex 610 distance 14
0 633 372 466 308 610 
Vertex 611 distance 21
0 305 570 611 
Vertex 612 distance 16
0 633 386 269 629 474 612 
Vertex 613 distance 10
0 180 613 
Vertex 614 distance 21
0 633 372 614 
Vertex 615 distance 16
0 180 225 627 615 
Vertex 616 distance 12
0 460 340 616 
Vertex 617 distance 11
0 460 21 617 
Vertex 618 distance 18
0 460 340 623 139 618 
Vertex 619 distance 20
0 180 268 369 607 390 619 
Vertex 620 distance 20
0 633 386 269 496 422 620 
Vertex 621 distance 17
0 633 82 338 101 621 
Vertex 622 distance 17
0 633 386 269 66 259 472 346 7 622 
Vertex 623 distance 14
0 460 340 623 
Vertex 624 distance 23
0 633 82 507 333 624 
Vertex 625 distance 19
0 633 386 269 66 259 472 428 578 608 625 
Vertex 626 distance 16
0 180 268 523 452 539 626 
Vertex 627 distance 13
0 180 225 627 
Vertex 628 distance 19
0 460 340 616 195 255 516 628 
Vertex 629 distance 8
0 633 386 269 629 
Vertex 630 distance 19
0 180 613 186 630 
Vertex 631 distance 19
0 180 268 42 409 295 350 631 
Vertex 632 distance 20
0 633 82 338 61 22 257 632 
Vertex 633 distance 1
0 633 
Vertex 634 distance 18
0 633 386 269 496 286 634 
Vertex 635 distance 19
0 633 82 338 61 289 635 
Vertex 636 distance 15
0 633 636 
Vertex 637 distance 19
0 633 386 269 629 187 550 328 637 
Vertex 638 distance 19
0 180 268 523 452 453 638 
Vertex 639 distance 15
0 639 
