Vertex 0 distance 0
0 0 
Vertex 1 distance 20
0 380 146 580 78 637 304 159 367 1 
Vertex 2 distance 14
0 380 146 580 578 155 28 2 
Vertex 3 distance 18
0 380 526 103 3 
Vertex 4 distance 15
0 380 146 44 404 319 4 
Vertex 5 distance 11
0 380 146 507 364 239 256 5 
Vertex 6 distance 14
0 380 146 44 93 113 445 277 6 
Vertex 7 distance 21
0 380 526 103 7 
Vertex 8 distance 21
0 380 146 507 602 122 527 8 
Vertex 9 distance 16
0 380 146 507 364 239 615 264 9 
Vertex 10 distance 11
0 380 146 507 364 239 615 10 
Vertex 11 distance 11
0 380 146 580 312 469 11 
Vertex 12 distance 19
0 22 250 245 12 
Vertex 13 distance 19
0 380 146 507 364 129 622 333 524 297 13 
Vertex 14 distance 22
0 380 146 580 578 605 37 14 
Vertex 15 distance 16
0 272 609 257 15 
Vertex 16 distance 19
0 380 146 507 364 239 256 284 538 16 
Vertex 17 distance 33
0 380 526 522 461 17 
Vertex 18 distance 17
0 380 146 435 140 412 18 
Vertex 19 distance 17
0 272 60 596 454 19 
Vertex 20 distance 14
0 380 146 435 127 77 20 
Vertex 21 distance 15
0 380 146 435 140 412 21 
Vertex 22 distance 8
0 22 
Vertex 23 distance 20
0 380 146 44 158 506 23 
Vertex 24 distance 18
0 380 146 580 312 469 11 311 562 24 
Vertex 25 distance 11
0 380 146 580 78 637 258 25 
Vertex 26 distance 13
0 380 146 580 78 444 26 
Vertex 27 distance 13
0 380 146 435 127 27 
Vertex 28 distance 13
0 380 146 580 578 155 28 
Vertex 29 distance 16
0 380 526 395 345 375 378 369 603 29 
Vertex 30 distance 17
0 380 146 84 282 30 
Vertex 31 distance 18
0 380 146 507 364 624 236 610 31 
Vertex 32 distance 10
0 380 146 44 32 
Vertex 33 distance 17
0 272 60 33 
Vertex 34 distance 12
0 380 146 507 364 239 34 
Vertex 35 distance 22
0 380 146 435 140 412 289 306 35 
Vertex 36 distance 22
0 22 392 534 36 
Vertex 37 distance 19
0 380 146 580 578 605 37 
Vertex 38 distance 16
0 380 146 507 364 624 236 153 38 
Vertex 39 distance 16
0 380 146 44 158 39 
Vertex 40 distance 16
0 380 146 435 127 77 332 342 40 
Vertex 41 distance 20
0 380 146 507 364 239 615 264 9 41 
Vertex 42 distance 23
0 380 146 447 350 269 422 42 
Vertex 43 distance 13
0 380 146 44 32 343 43 
Vertex 44 distance 6
0 380 146 44 
Vertex 45 distance 18
0 380 146 507 364 129 622 45 
Vertex 46 distance 25
0 380 146 580 312 469 494 442 46 
Vertex 47 distance 17
0 380 146 435 127 77 332 47 
Vertex 48 distance 21
0 56 48 
Vertex 49 distance 13
0 380 146 44 93 113 445 49 
Vertex 50 distance 22
0 380 526 395 345 171 50 
Vertex 51 distance 21
0 380 146 507 364 129 625 205 318 51 
Vertex 52 distance 12
0 380 146 580 578 52 
Vertex 53 distance 22
0 380 146 53 
Vertex 54 distance 15
0 380 146 507 364 239 615 264 54 
Vertex 55 distance 20
0 380 146 44 404 55 
Vertex 56 distance 12
0 56 
Vertex 57 distance 21
0 380 146 507 364 239 256 386 57 
Vertex 58 distance 18
0 380 146 44 404 298 397 577 58 
Vertex 59 distance 17
0 380 146 507 364 239 615 264 54 59 
Vertex 60 distance 13
0 272 60 
Vertex 61 distance 20
0 380 146 507 364 129 620 247 529 61 
Vertex 62 distance 19
0 380 146 507 364 624 379 62 
Vertex 63 distance 18
0 380 146 435 127 27 63 
Vertex 64 distance 20
0 380 146 507 602 122 527 354 65 64 
Vertex 65 distance 18
0 380 146 507 602 122 527 354 65 
Vertex 66 distance 19
0 380 146 507 364 129 625 550 439 66 
Vertex 67 distance 15
0 22 209 108 170 67 
Vertex 68 distance 18
0 380 146 507 364 239 256 352 518 521 68 
Vertex 69 distance 17
0 380 146 44 32 343 43 69 
Vertex 70 distance 17
0 380 146 447 76 70 
Vertex 71 distance 18
0 22 209 71 
Vertex 72 distance 25
0 380 146 507 364 129 625 550 72 
Vertex 73 distance 21
0 380 146 44 93 326 73 
Vertex 74 distance 21
0 380 146 507 364 129 625 421 74 
Vertex 75 distance 14
0 380 146 580 78 393 315 75 
Vertex 76 distance 13
0 380 146 447 76 
Vertex 77 distance 12
0 380 146 435 127 77 
Vertex 78 distance 7
0 380 146 580 78 
Vertex 79 distance 16
0 380 146 44 404 298 397 577 79 
Vertex 80 distance 20
0 380 146 507 364 239 256 284 80 
Vertex 81 distance 17
0 380 526 395 345 375 604 384 81 
Vertex 82 distance 11
0 380 146 44 93 113 82 
Vertex 83 distance 15
0 380 146 580 578 155 83 
Vertex 84 distance 10
0 380 146 84 
Vertex 85 distance 17
0 380 146 44 93 113 445 277 6 85 
Vertex 86 distance 17
0 380 146 507 364 239 256 86 
Vertex 87 distance 14
0 380 526 395 345 375 604 87 
Vertex 88 distance 19
0 380 146 435 140 412 289 88 
Vertex 89 distance 14
0 380 146 507 364 624 89 
Vertex 90 distance 16
0 380 526 395 345 375 378 369 603 90 
Vertex 91 distance 12
0 380 146 580 578 91 
Vertex 92 distance 18
0 272 60 477 92 
Vertex 93 distance 8
0 380 146 44 93 
Vertex 94 distance 22
0 380 146 507 602 281 509 94 
Vertex 95 distance 22
0 380 146 507 602 122 293 198 495 95 
Vertex 96 distance 19
0 380 146 507 364 129 625 205 318 96 
Vertex 97 distance 15
0 380 146 507 364 129 519 456 97 
Vertex 98 distance 17
0 380 146 435 127 77 20 98 
Vertex 99 distance 18
0 380 526 103 99 
Vertex 100 distance 18
0 22 392 203 100 
Vertex 101 distance 22
0 380 146 580 78 444 183 555 101 
Vertex 102 distance 18
0 317 408 473 102 
Vertex 103 distance 9
0 380 526 103 
Vertex 104 distance 18
0 380 146 580 78 393 173 104 
Vertex 105 distance 15
0 380 146 507 602 122 527 105 
Vertex 106 distance 15
0 380 146 580 78 393 427 106 
Vertex 107 distance 11
0 380 146 580 107 
Vertex 108 distance 12
0 22 209 108 
Vertex 109 distance 15
0 380 146 44 404 357 109 
Vertex 110 distance 18
0 380 146 507 364 129 625 550 453 110 
Vertex 111 distance 23
0 56 111 
Vertex 112 distance 16
0 380 146 435 127 77 332 112 
Vertex 113 distance 9
0 380 146 44 93 113 
Vertex 114 distance 22
0 272 544 114 
Vertex 115 distance 15
0 380 146 44 233 241 115 
Vertex 116 distance 20
0 380 146 507 364 239 615 10 167 116 
Vertex 117 distance 15
0 22 502 117 
Vertex 118 distance 24
0 380 146 507 364 129 620 118 
Vertex 119 distance 20
0 380 146 44 360 200 119 
Vertex 120 distance 17
0 380 146 507 364 129 625 202 586 120 
Vertex 121 distance 15
0 380 146 44 93 121 
Vertex 122 distance 8
0 380 146 507 602 122 
Vertex 123 distance 25
0 22 209 108 170 132 600 123 
Vertex 124 distance 18
0 380 146 447 124 
Vertex 125 distance 17
0 380 146 507 364 624 236 458 125 
Vertex 126 distance 14
0 380 146 84 126 
Vertex 127 distance 9
0 380 146 435 127 
Vertex 128 distance 21
0 380 146 507 364 239 615 264 54 635 128 
Vertex 129 distance 7
0 380 146 507 364 129 
Vertex 130 distance 18
0 380 146 507 364 239 256 352 573 639 130 
Vertex 131 distance 20
0 380 146 44 404 319 131 
Vertex 132 distance 17
0 22 209 108 170 132 
Vertex 133 distance 16
0 380 146 507 364 624 379 133 
Vertex 134 distance 19
0 380 526 522 461 134 
Vertex 135 distance 18
0 380 137 135 
Vertex 136 distance 21
0 380 146 507 364 624 236 308 136 
Vertex 137 distance 15
0 380 137 
Vertex 138 distance 23
0 380 146 435 140 138 
Vertex 139 distance 18
0 380 146 507 602 122 527 354 139 
Vertex 140 distance 11
0 380 146 435 140 
Vertex 141 distance 10
0 380 146 507 364 239 256 352 141 
Vertex 142 distance 20
0 22 502 117 142 
Vertex 143 distance 12
0 380 526 522 143 
Vertex 144 distance 21
0 380 146 507 364 239 615 10 167 144 
Vertex 145 distance 16
0 380 146 507 364 239 34 145 
Vertex 146 distance 4
0 380 146 
Vertex 147 distance 21
0 380 146 507 364 239 256 352 518 147 
Vertex 148 distance 18
0 380 146 435 156 266 148 
Vertex 149 distance 18
0 380 146 44 149 
Vertex 150 distance 18
0 380 146 44 233 341 175 150 
Vertex 151 distance 19
0 380 526 395 345 375 604 87 151 
Vertex 152 distance 16
0 380 146 507 364 129 622 333 524 297 152 
Vertex 153 distance 15
0 380 146 507 364 624 236 153 
Vertex 154 distance 19
0 380 146 435 127 77 332 342 154 
Vertex 155 distance 12
0 380 146 580 578 155 
Vertex 156 distance 10
0 380 146 435 156 
Vertex 157 distance 23
0 380 146 84 282 157 
Vertex 158 distance 11
0 380 146 44 158 
Vertex 159 distance 13
0 380 146 580 78 637 304 159 
Vertex 160 distance 19
0 272 60 596 454 575 160 
Vertex 161 distance 20
0 380 146 44 404 319 4 638 385 161 
Vertex 162 distance 16
0 380 146 580 78 637 304 159 162 
Vertex 163 distance 20
0 56 374 163 
Vertex 164 distance 24
0 380 146 580 312 469 440 592 164 
Vertex 165 distance 17
0 380 146 165 
Vertex 166 distance 16
0 380 146 507 364 239 166 
Vertex 167 distance 15
0 380 146 507 364 239 615 10 167 
Vertex 168 distance 17
0 380 146 507 364 129 625 313 168 
Vertex 169 distance 21
0 380 146 580 78 393 427 346 619 169 
Vertex 170 distance 14
0 22 209 108 170 
Vertex 171 distance 16
0 380 526 395 345 171 
Vertex 172 distance 17
0 172 
Vertex 173 distance 14
0 380 146 580 78 393 173 
Vertex 174 distance 19
0 380 526 103 296 627 174 
Vertex 175 distance 13
0 380 146 44 233 341 175 
Vertex 176 distance 19
0 380 526 395 345 171 176 
Vertex 177 distance 16
0 380 146 580 312 469 11 177 
Vertex 178 distance 17
0 380 146 580 78 393 427 106 334 178 
Vertex 179 distance 13
0 380 526 395 345 375 378 179 
Vertex 180 distance 18
0 380 146 44 404 298 397 180 
Vertex 181 distance 13
0 380 146 507 364 624 472 181 
Vertex 182 distance 25
0 22 217 355 572 182 
Vertex 183 distance 12
0 380 146 580 78 444 183 
Vertex 184 distance 15
0 380 146 44 404 298 397 184 
Vertex 185 distance 15
0 380 146 507 364 239 256 352 141 185 
Vertex 186 distance 14
0 380 186 
Vertex 187 distance 20
0 22 217 355 187 
Vertex 188 distance 14
0 380 146 507 364 624 188 
Vertex 189 distance 12
0 380 146 580 189 
Vertex 190 distance 19
0 380 146 507 364 129 625 202 377 190 
Vertex 191 distance 13
0 380 146 580 578 155 191 
Vertex 192 distance 19
0 380 146 44 93 214 613 192 
Vertex 193 distance 16
0 380 146 580 78 444 183 193 
Vertex 194 distance 12
0 380 526 395 345 375 194 
Vertex 195 distance 23
0 380 146 507 602 122 527 354 65 64 195 
Vertex 196 distance 18
0 380 146 580 312 469 11 311 562 196 
Vertex 197 distance 20
0 380 146 507 602 122 309 197 
Vertex 198 distance 16
0 380 146 507 602 122 293 198 
Vertex 199 distance 18
0 22 209 108 199 
Vertex 200 distance 18
0 380 146 44 360 200 
Vertex 201 distance 17
0 380 146 580 78 444 26 260 201 
Vertex 202 distance 14
0 380 146 507 364 129 625 202 
Vertex 203 distance 16
0 22 392 203 
Vertex 204 distance 17
0 380 526 576 204 
Vertex 205 distance 12
0 380 146 507 364 129 625 205 
Vertex 206 distance 17
0 56 374 206 
Vertex 207 distance 16
0 380 146 580 78 207 
Vertex 208 distance 18
0 380 146 507 208 
Vertex 209 distance 10
0 22 209 
Vertex 210 distance 18
0 380 146 507 602 122 527 105 210 
Vertex 211 distance 16
0 498 211 
Vertex 212 distance 15
0 380 146 435 127 77 332 342 212 
Vertex 213 distance 20
0 380 146 507 364 624 236 429 213 
Vertex 214 distance 12
0 380 146 44 93 214 
Vertex 215 distance 19
0 380 146 44 32 343 215 
Vertex 216 distance 19
0 380 146 580 312 469 494 500 216 
Vertex 217 distance 11
0 22 217 
Vertex 218 distance 18
0 380 146 44 32 343 43 69 218 
Vertex 219 distance 19
0 380 146 580 578 91 219 
Vertex 220 distance 20
0 380 146 507 364 129 625 202 220 
Vertex 221 distance 17
0 380 146 507 364 239 166 221 
Vertex 222 distance 15
0 380 146 44 93 113 445 277 6 222 
Vertex 223 distance 17
0 380 146 44 404 298 397 223 
Vertex 224 distance 19
0 22 209 433 551 224 
Vertex 225 distance 14
0 380 526 522 461 249 225 
Vertex 226 distance 19
0 22 392 226 
Vertex 227 distance 21
0 380 146 580 578 605 227 
Vertex 228 distance 17
0 380 146 580 78 444 26 228 
Vertex 229 distance 19
0 380 146 580 578 52 418 229 
Vertex 230 distance 23
0 380 146 580 78 444 26 260 201 230 
Vertex 231 distance 26
0 380 146 286 231 
Vertex 232 distance 14
0 22 209 232 
Vertex 233 distance 9
0 380 146 44 233 
Vertex 234 distance 19
0 22 209 108 199 234 
Vertex 235 distance 17
0 380 146 507 364 624 236 153 471 235 
Vertex 236 distance 12
0 380 146 507 364 624 236 
Vertex 237 distance 19
0 22 209 108 170 132 237 
Vertex 238 distance 17
0 380 146 44 32 238 
Vertex 239 distance 7
0 380 146 507 364 239 
Vertex 240 distance 15
0 380 146 507 364 129 519 456 240 
Vertex 241 distance 11
0 380 146 44 233 241 
Vertex 242 distance 20
0 380 146 44 158 506 475 242 
Vertex 243 distance 17
0 380 146 507 364 624 379 413 243 
Vertex 244 distance 16
0 22 392 244 
Vertex 245 distance 15
0 22 250 245 
Vertex 246 distance 19
0 272 60 596 454 246 
Vertex 247 distance 16
0 380 146 507 364 129 620 247 
Vertex 248 distance 17
0 380 146 507 364 624 472 181 248 
Vertex 249 distance 13
0 380 526 522 461 249 
Vertex 250 distance 11
0 22 250 
Vertex 251 distance 15
0 380 526 522 461 251 
Vertex 252 distance 18
0 380 146 580 78 637 258 252 
Vertex 253 distance 19
0 380 146 580 78 444 183 253 
Vertex 254 distance 16
0 380 146 580 78 393 173 254 
Vertex 255 distance 20
0 380 146 44 93 113 445 277 6 222 255 
Vertex 256 distance 8
0 380 146 507 364 239 256 
Vertex 257 distance 12
0 272 609 257 
Vertex 258 distance 9
0 380 146 580 78 637 258 
Vertex 259 distance 12
0 380 146 507 364 129 519 259 
Vertex 260 distance 16
0 380 146 580 78 444 26 260 
Vertex 261 distance 14
0 380 526 395 345 261 
Vertex 262 distance 21
0 380 146 580 78 393 315 262 
Vertex 263 distance 16
0 380 526 522 461 249 225 263 
Vertex 264 distance 14
0 380 146 507 364 239 615 264 
Vertex 265 distance 22
0 380 146 44 93 113 445 49 487 265 
Vertex 266 distance 14
0 380 146 435 156 266 
Vertex 267 distance 19
0 380 146 44 233 403 267 
Vertex 268 distance 20
0 380 146 507 364 129 625 202 377 268 
Vertex 269 distance 15
0 380 146 447 350 269 
Vertex 270 distance 18
0 380 146 435 481 270 
Vertex 271 distance 17
0 380 146 507 602 271 
Vertex 272 distance 3
0 272 
Vertex 273 distance 17
0 380 146 507 364 239 256 352 573 639 370 273 
Vertex 274 distance 17
0 380 146 447 366 274 
Vertex 275 distance 26
0 22 209 108 170 67 275 
Vertex 276 distance 14
0 380 146 507 276 
Vertex 277 distance 13
0 380 146 44 93 113 445 277 
Vertex 278 distance 24
0 380 146 507 602 122 293 278 
Vertex 279 distance 17
0 380 526 395 345 375 378 369 603 279 
Vertex 280 distance 15
0 380 146 507 364 239 615 10 280 
Vertex 281 distance 10
0 380 146 507 602 281 
Vertex 282 distance 16
0 380 146 84 282 
Vertex 283 distance 15
0 380 146 44 93 113 82 283 
Vertex 284 distance 14
0 380 146 507 364 239 256 284 
Vertex 285 distance 17
0 22 209 433 530 285 
Vertex 286 distance 18
0 380 146 286 
Vertex 287 distance 19
0 380 526 395 516 287 
Vertex 288 distance 22
0 380 146 507 364 239 479 535 288 
Vertex 289 distance 16
0 380 146 435 140 412 289 
Vertex 290 distance 22
0 380 526 395 345 375 523 290 
Vertex 291 distance 17
0 380 146 580 78 637 304 159 367 291 
Vertex 292 distance 17
0 380 146 84 282 292 
Vertex 293 distance 15
0 380 146 507 602 122 293 
Vertex 294 distance 19
0 380 146 507 364 239 615 264 54 635 294 
Vertex 295 distance 16
0 380 146 507 364 239 615 10 280 295 
Vertex 296 distance 12
0 380 526 103 296 
Vertex 297 distance 15
0 380 146 507 364 129 622 333 524 297 
Vertex 298 distance 13
0 380 146 44 404 298 
Vertex 299 distance 15
0 380 146 44 32 299 
Vertex 300 distance 19
0 380 146 447 124 300 
Vertex 301 distance 14
0 380 146 507 364 129 519 301 
Vertex 302 distance 28
0 22 209 232 302 
Vertex 303 distance 16
0 380 146 580 107 303 
Vertex 304 distance 11
0 380 146 580 78 637 304 
Vertex 305 distance 16
0 380 146 507 602 122 634 305 
Vertex 306 distance 19
0 380 146 435 140 412 289 306 
Vertex 307 distance 21
0 272 609 307 
Vertex 308 distance 17
0 380 146 507 364 624 236 308 
Vertex 309 distance 14
0 380 146 507 602 122 309 
Vertex 310 distance 17
0 380 146 580 78 207 310 
Vertex 311 distance 14
0 380 146 580 312 469 11 311 
Vertex 312 distance 9
0 380 146 580 312 
Vertex 313 distance 14
0 380 146 507 364 129 625 313 
Vertex 314 distance 16
0 380 146 580 78 637 304 581 314 
Vertex 315 distance 12
0 380 146 580 78 393 315 
Vertex 316 distance 16
0 380 146 435 127 77 20 316 
Vertex 317 distance 12
0 317 
Vertex 318 distance 15
0 380 146 507 364 129 625 205 318 
Vertex 319 distance 14
0 380 146 44 404 319 
Vertex 320 distance 15
0 380 146 44 93 113 320 
Vertex 321 distance 15
0 380 146 44 93 321 
Vertex 322 distance 14
0 380 146 580 78 393 427 322 
Vertex 323 distance 18
0 380 146 507 364 239 256 352 518 590 556 323 
Vertex 324 distance 20
0 380 526 522 143 324 
Vertex 325 distance 15
0 380 146 507 602 122 325 
Vertex 326 distance 16
0 380 146 44 93 326 
Vertex 327 distance 13
0 380 146 44 233 327 
Vertex 328 distance 17
0 380 146 580 78 637 258 25 328 
Vertex 329 distance 24
0 380 146 44 233 329 
Vertex 330 distance 18
0 380 330 
Vertex 331 distance 21
0 380 146 44 404 319 4 331 
Vertex 332 distance 13
0 380 146 435 127 77 332 
Vertex 333 distance 12
0 380 146 507 364 129 622 333 
Vertex 334 distance 16
0 380 146 580 78 393 427 106 334 
Vertex 335 distance 17
0 380 146 507 364 129 625 616 335 
Vertex 336 distance 21
0 380 526 395 345 375 604 87 336 
Vertex 337 distance 17
0 380 526 395 345 375 585 337 
Vertex 338 distance 11
0 22 338 
Vertex 339 distance 20
0 380 146 44 233 339 
Vertex 340 distance 16
0 380 146 84 126 340 
Vertex 341 distance 10
0 380 146 44 233 341 
Vertex 342 distance 14
0 380 146 435 127 77 332 342 
Vertex 343 distance 12
0 380 146 44 32 343 
Vertex 344 distance 18
0 380 146 507 364 239 256 352 573 639 344 
Vertex 345 distance 10
0 380 526 395 345 
Vertex 346 distance 16
0 380 146 580 78 393 427 346 
Vertex 347 distance 16
0 380 146 507 364 624 236 540 347 
Vertex 348 distance 18
0 380 146 580 78 393 427 106 348 
Vertex 349 distance 19
0 380 146 507 364 624 472 432 623 349 
Vertex 350 distance 13
0 380 146 447 350 
Vertex 351 distance 16
0 380 146 44 404 357 351 
Vertex 352 distance 9
0 380 146 507 364 239 256 352 
Vertex 353 distance 19
0 380 146 44 93 321 448 372 353 
Vertex 354 distance 15
0 380 146 507 602 122 527 354 
Vertex 355 distance 18
0 22 217 355 
Vertex 356 distance 16
0 272 356 
Vertex 357 distance 12
0 380 146 44 404 357 
Vertex 358 distance 20
0 380 146 507 364 129 625 202 586 120 358 
Vertex 359 distance 16
0 380 146 44 404 357 109 359 
Vertex 360 distance 16
0 380 146 44 360 
Vertex 361 distance 24
0 380 146 507 364 624 379 361 
Vertex 362 distance 17
0 22 209 108 362 
Vertex 363 distance 20
0 380 146 580 78 393 427 363 
Vertex 364 distance 6
0 380 146 507 364 
Vertex 365 distance 18
0 380 146 44 93 365 
Vertex 366 distance 15
0 380 146 447 366 
Vertex 367 distance 15
0 380 146 580 78 637 304 159 367 
Vertex 368 distance 21
0 380 146 44 158 506 368 
Vertex 369 distance 14
0 380 526 395 345 375 378 369 
Vertex 370 distance 15
0 380 146 507 364 239 256 352 573 639 370 
Vertex 371 distance 17
0 22 250 371 
Vertex 372 distance 17
0 380 146 44 93 321 448 372 
Vertex 373 distance 17
0 380 526 395 345 375 373 
Vertex 374 distance 14
0 56 374 
Vertex 375 distance 11
0 380 526 395 345 375 
Vertex 376 distance 22
0 380 146 44 93 214 613 376 
Vertex 377 distance 16
0 380 146 507 364 129 625 202 377 
Vertex 378 distance 12
0 380 526 395 345 375 378 
Vertex 379 distance 12
0 380 146 507 364 624 379 
Vertex 380 distance 2
0 380 
Vertex 381 distance 16
0 380 526 103 296 381 
Vertex 382 distance 16
0 380 146 44 32 299 382 
Vertex 383 distance 15
0 380 526 522 143 383 
Vertex 384 distance 14
0 380 526 395 345 375 604 384 
Vertex 385 distance 18
0 380 146 44 404 319 4 638 385 
Vertex 386 distance 13
0 380 146 507 364 239 256 386 
Vertex 387 distance 19
0 380 146 580 312 469 387 
Vertex 388 distance 15
0 380 146 580 578 388 
Vertex 389 distance 16
0 380 146 507 364 239 256 5 389 
Vertex 390 distance 15
0 380 526 395 345 261 390 
Vertex 391 distance 22
0 380 146 580 312 469 11 177 391 
Vertex 392 distance 15
0 22 392 
Vertex 393 distance 11
0 380 146 580 78 393 
Vertex 394 distance 17
0 380 146 507 364 239 256 352 573 459 394 
Vertex 395 distance 8
0 380 526 395 
Vertex 396 distance 16
0 380 146 507 602 122 309 396 
Vertex 397 distance 14
0 380 146 44 404 298 397 
Vertex 398 distance 19
0 380 146 507 602 122 398 
Vertex 399 distance 21
0 22 209 433 595 399 
Vertex 400 distance 15
0 22 338 409 400 
Vertex 401 distance 16
0 380 186 401 
Vertex 402 distance 21
0 272 60 596 454 402 
Vertex 403 distance 18
0 380 146 44 233 403 
Vertex 404 distance 9
0 380 146 44 404 
Vertex 405 distance 17
0 380 146 507 364 129 405 
Vertex 406 distance 17
0 380 146 44 93 214 613 406 
Vertex 407 distance 17
0 380 146 84 126 407 
Vertex 408 distance 13
0 317 408 
Vertex 409 distance 14
0 22 338 409 
Vertex 410 distance 21
0 380 526 522 461 134 410 
Vertex 411 distance 15
0 380 146 507 364 624 188 411 
Vertex 412 distance 14
0 380 146 435 140 412 
Vertex 413 distance 15
0 380 146 507 364 624 379 413 
Vertex 414 distance 21
0 380 146 507 364 129 519 259 414 
Vertex 415 distance 20
0 380 146 507 364 239 256 352 518 415 
Vertex 416 distance 28
0 380 146 44 93 214 613 192 416 
Vertex 417 distance 17
0 380 146 435 140 412 417 
Vertex 418 distance 13
0 380 146 580 578 52 418 
Vertex 419 distance 20
0 380 146 507 364 624 379 133 561 419 
Vertex 420 distance 21
0 380 146 507 364 129 625 616 420 
Vertex 421 distance 15
0 380 146 507 364 129 625 421 
Vertex 422 distance 17
0 380 146 447 350 269 422 
Vertex 423 distance 16
0 380 146 507 364 624 236 153 423 
Vertex 424 distance 19
0 272 60 477 92 424 
Vertex 425 distance 16
0 272 609 425 
Vertex 426 distance 15
0 380 146 507 364 624 236 532 426 
Vertex 427 distance 12
0 380 146 580 78 393 427 
Vertex 428 distance 24
0 380 146 580 312 469 494 500 428 
Vertex 429 distance 15
0 380 146 507 364 624 236 429 
Vertex 430 distance 15
0 380 146 44 93 113 82 430 
Vertex 431 distance 19
0 380 186 401 554 431 
Vertex 432 distance 15
0 380 146 507 364 624 472 432 
Vertex 433 distance 13
0 22 209 433 
Vertex 434 distance 12
0 380 146 507 364 239 615 10 434 
Vertex 435 distance 7
0 380 146 435 
Vertex 436 distance 21
0 380 146 580 78 207 436 
Vertex 437 distance 17
0 22 209 108 170 67 437 
Vertex 438 distance 16
0 380 146 507 602 122 325 438 
Vertex 439 distance 17
0 380 146 507 364 129 625 550 439 
Vertex 440 distance 16
0 380 146 580 312 469 440 
Vertex 441 distance 19
0 380 146 580 78 444 26 468 441 
Vertex 442 distance 19
0 380 146 580 312 469 494 442 
Vertex 443 distance 20
0 380 146 44 443 
Vertex 444 distance 11
0 380 146 580 78 444 
Vertex 445 distance 10
0 380 146 44 93 113 445 
Vertex 446 distance 24
0 446 
Vertex 447 distance 12
0 380 146 447 
Vertex 448 distance 16
0 380 146 44 93 321 448 
Vertex 449 distance 17
0 380 186 564 449 
Vertex 450 distance 19
0 380 146 507 364 239 34 450 
Vertex 451 distance 22
0 380 146 507 364 624 236 610 31 451 
Vertex 452 distance 27
0 380 146 507 364 624 236 153 452 
Vertex 453 distance 17
0 380 146 507 364 129 625 550 453 
Vertex 454 distance 15
0 272 60 596 454 
Vertex 455 distance 18
0 22 217 552 455 
Vertex 456 distance 14
0 380 146 507 364 129 519 456 
Vertex 457 distance 18
0 22 250 371 457 
Vertex 458 distance 14
0 380 146 507 364 624 236 458 
Vertex 459 distance 15
0 380 146 507 364 239 256 352 573 459 
Vertex 460 distance 14
0 380 146 435 127 460 
Vertex 461 distance 12
0 380 526 522 461 
Vertex 462 distance 21
0 380 146 435 127 77 332 342 462 
Vertex 463 distance 20
0 380 146 507 602 122 309 463 
Vertex 464 distance 17
0 380 146 507 602 464 
Vertex 465 distance 20
0 380 146 44 158 583 542 465 
Vertex 466 distance 16
0 466 
Vertex 467 distance 18
0 380 146 507 364 239 256 467 
Vertex 468 distance 15
0 380 146 580 78 444 26 468 
Vertex 469 distance 10
0 380 146 580 312 469 
Vertex 470 distance 19
0 380 146 507 364 129 625 202 586 120 470 
Vertex 471 distance 16
0 380 146 507 364 624 236 153 471 
Vertex 472 distance 12
0 380 146 507 364 624 472 
Vertex 473 distance 14
0 317 408 473 
Vertex 474 distance 16
0 380 146 44 404 298 474 
Vertex 475 distance 18
0 380 146 44 158 506 475 
Vertex 476 distance 16
0 272 476 
Vertex 477 distance 16
0 272 60 477 
Vertex 478 distance 22
0 380 146 44 93 326 73 478 
Vertex 479 distance 12
0 380 146 507 364 239 479 
Vertex 480 distance 21
0 380 146 507 364 129 625 202 586 120 470 480 
Vertex 481 distance 15
0 380 146 435 481 
Vertex 482 distance 17
0 380 146 507 364 239 256 482 
Vertex 483 distance 14
0 380 146 483 
Vertex 484 distance 18
0 380 146 44 404 298 397 577 79 484 
Vertex 485 distance 15
0 272 609 257 485 
Vertex 486 distance 15
0 380 146 44 93 113 445 49 486 
Vertex 487 distance 15
0 380 146 44 93 113 445 49 487 
Vertex 488 distance 21
0 380 526 522 143 383 488 
Vertex 489 distance 25
0 380 146 580 78 393 427 106 489 
Vertex 490 distance 15
0 380 146 507 364 239 256 386 490 
Vertex 491 distance 18
0 380 146 580 78 393 427 106 334 491 
Vertex 492 distance 22
0 380 146 580 578 52 418 229 492 
Vertex 493 distance 16
0 380 146 507 364 239 615 10 511 493 
Vertex 494 distance 14
0 380 146 580 312 469 494 
Vertex 495 distance 18
0 380 146 507 602 122 293 198 495 
Vertex 496 distance 21
0 380 146 507 364 129 405 496 
Vertex 497 distance 19
0 272 60 497 
Vertex 498 distance 14
0 498 
Vertex 499 distance 14
0 380 146 580 578 605 499 
Vertex 500 distance 17
0 380 146 580 312 469 494 500 
Vertex 501 distance 17
0 380 146 507 364 239 256 352 518 590 501 
Vertex 502 distance 14
0 22 502 
Vertex 503 distance 18
0 380 146 44 404 298 397 184 503 
Vertex 504 distance 19
0 380 146 507 364 129 625 616 335 504 
Vertex 505 distance 22
0 380 146 44 93 321 448 372 505 
Vertex 506 distance 13
0 380 146 44 158 506 
Vertex 507 distance 5
0 380 146 507 
Vertex 508 distance 21
0 380 146 507 364 239 615 508 
Vertex 509 distance 17
0 380 146 507 602 281 509 
Vertex 510 distance 23
0 22 392 226 510 
Vertex 511 distance 12
0 380 146 507 364 239 615 10 511 
Vertex 512 distance 16
0 380 146 507 364 239 256 352 573 512 
Vertex 513 distance 18
0 380 526 522 461 513 
Vertex 514 distance 16
0 380 146 507 364 624 236 429 514 
Vertex 515 distance 19
0 380 146 580 78 444 183 515 
Vertex 516 distance 14
0 380 526 395 516 
Vertex 517 distance 14
0 380 146 507 364 624 472 517 
Vertex 518 distance 13
0 380 146 507 364 239 256 352 518 
Vertex 519 distance 9
0 380 146 507 364 129 519 
Vertex 520 distance 18
0 380 146 507 364 239 34 145 520 
Vertex 521 distance 16
0 380 146 507 364 239 256 352 518 521 
Vertex 522 distance 11
0 380 526 522 
Vertex 523 distance 20
0 380 526 395 345 375 523 
Vertex 524 distance 13
0 380 146 507 364 129 622 333 524 
Vertex 525 distance 16
0 380 526 522 143 383 525 
Vertex 526 distance 5
0 380 526 
Vertex 527 distance 10
0 380 146 507 602 122 527 
Vertex 528 distance 17
0 380 146 580 578 528 
Vertex 529 distance 19
0 380 146 507 364 129 620 247 529 
Vertex 530 distance 16
0 22 209 433 530 
Vertex 531 distance 15
0 380 146 507 531 
Vertex 532 distance 13
0 380 146 507 364 624 236 532 
Vertex 533 distance 19
0 380 146 507 364 239 479 535 553 533 
Vertex 534 distance 17
0 22 392 534 
Vertex 535 distance 13
0 380 146 507 364 239 479 535 
Vertex 536 distance 18
0 380 146 580 312 469 536 
Vertex 537 distance 18
0 380 146 507 364 239 615 10 537 
Vertex 538 distance 17
0 380 146 507 364 239 256 284 538 
Vertex 539 distance 18
0 380 526 395 345 375 604 384 539 
Vertex 540 distance 14
0 380 146 507 364 624 236 540 
Vertex 541 distance 21
0 380 526 395 345 375 604 541 
Vertex 542 distance 19
0 380 146 44 158 583 542 
Vertex 543 distance 18
0 380 146 580 312 469 11 543 
Vertex 544 distance 18
0 272 544 
Vertex 545 distance 28
0 380 146 580 312 469 11 311 545 
Vertex 546 distance 16
0 22 502 546 
Vertex 547 distance 20
0 380 146 507 364 239 256 284 538 547 
Vertex 548 distance 15
0 380 146 507 602 122 527 548 
Vertex 549 distance 13
0 380 146 84 549 
Vertex 550 distance 16
0 380 146 507 364 129 625 550 
Vertex 551 distance 17
0 22 209 433 551 
Vertex 552 distance 15
0 22 217 552 
Vertex 553 distance 16
0 380 146 507 364 239 479 535 553 
Vertex 554 distance 17
0 380 186 401 554 
Vertex 555 distance 21
0 380 146 580 78 444 183 555 
Vertex 556 distance 17
0 380 146 507 364 239 256 352 518 590 556 
Vertex 557 distance 16
0 380 146 507 364 129 625 202 557 
Vertex 558 distance 17
0 22 209 433 558 
Vertex 559 distance 15
0 380 526 395 345 375 559 
Vertex 560 distance 23
0 380 146 44 32 560 
Vertex 561 distance 19
0 380 146 507 364 624 379 133 561 
Vertex 562 distance 15
0 380 146 580 312 469 11 311 562 
Vertex 563 distance 19
0 380 146 44 404 298 397 180 563 
Vertex 564 distance 15
0 380 186 564 
Vertex 565 distance 23
0 22 392 244 565 
Vertex 566 distance 18
0 380 526 395 345 375 604 87 566 
Vertex 567 distance 19
0 380 146 507 364 624 236 308 567 
Vertex 568 distance 28
0 272 60 33 568 
Vertex 569 distance 15
0 380 526 395 345 375 378 179 569 
Vertex 570 distance 13
0 380 146 580 78 444 183 570 
Vertex 571 distance 13
0 380 146 435 140 571 
Vertex 572 distance 19
0 22 217 355 572 
Vertex 573 distance 12
0 380 146 507 364 239 256 352 573 
Vertex 574 distance 23
0 22 209 108 170 67 574 
Vertex 575 distance 16
0 272 60 596 454 575 
Vertex 576 distance 16
0 380 526 576 
Vertex 577 distance 15
0 380 146 44 404 298 397 577 
Vertex 578 distance 11
0 380 146 580 578 
Vertex 579 distance 19
0 380 146 507 364 239 579 
Vertex 580 distance 6
0 380 146 580 
Vertex 581 distance 15
0 380 146 580 78 637 304 581 
Vertex 582 distance 14
0 380 146 507 364 129 622 333 582 
Vertex 583 distance 13
0 380 146 44 158 583 
Vertex 584 distance 14
0 380 146 580 312 469 11 584 
Vertex 585 distance 12
0 380 526 395 345 375 585 
Vertex 586 distance 16
0 380 146 507 364 129 625 202 586 
Vertex 587 distance 22
0 22 250 587 
Vertex 588 distance 20
0 380 137 588 
Vertex 589 distance 16
0 380 146 44 233 341 589 
Vertex 590 distance 16
0 380 146 507 364 239 256 352 518 590 
Vertex 591 distance 22
0 380 146 580 78 393 427 106 591 
Vertex 592 distance 18
0 380 146 580 312 469 440 592 
Vertex 593 distance 24
0 380 146 44 158 506 368 593 
Vertex 594 distance 13
0 380 526 522 594 
Vertex 595 distance 14
0 22 209 433 595 
Vertex 596 distance 14
0 272 60 596 
Vertex 597 distance 23
0 380 146 507 364 129 625 616 335 597 
Vertex 598 distance 19
0 380 146 507 364 624 236 153 38 598 
Vertex 599 distance 13
0 380 146 507 364 239 599 
Vertex 600 distance 19
0 22 209 108 170 132 600 
Vertex 601 distance 20
0 380 146 507 364 129 622 333 582 601 
Vertex 602 distance 6
0 380 146 507 602 
Vertex 603 distance 15
0 380 526 395 345 375 378 369 603 
Vertex 604 distance 13
0 380 526 395 345 375 604 
Vertex 605 distance 13
0 380 146 580 578 605 
Vertex 606 distance 15
0 380 526 395 345 375 604 87 606 
Vertex 607 distance 19
0 380 146 507 602 122 527 354 65 607 
Vertex 608 distance 18
0 380 526 395 345 375 378 369 603 29 608 
Vertex 609 distance 10
0 272 609 
Vertex 610 distance 15
0 380 146 507 364 624 236 610 
Vertex 611 distance 14
0 380 146 580 312 611 
Vertex 612 distance 13
0 272 609 257 612 
Vertex 613 distance 14
0 380 146 44 93 214 613 
Vertex 614 distance 22
0 380 146 507 364 624 188 614 
Vertex 615 distance 10
0 380 146 507 364 239 615 
Vertex 616 distance 15
0 380 146 507 364 129 625 616 
Vertex 617 distance 20
0 380 526 395 345 375 604 87 606 617 
Vertex 618 distance 16
0 380 146 507 364 129 519 259 618 
Vertex 619 distance 17
0 380 146 580 78 393 427 346 619 
Vertex 620 distance 14
0 380 146 507 364 129 620 
Vertex 621 distance 22
0 380 146 580 312 469 11 177 621 
Vertex 622 distance 10
0 380 146 507 364 129 622 
Vertex 623 distance 18
0 380 146 507 364 624 472 432 623 
Vertex 624 distance 11
0 380 146 507 364 624 
Vertex 625 distance 9
0 380 146 507 364 129 625 
Vertex 626 distance 23
0 22 502 117 142 626 
Vertex 627 distance 18
0 380 526 103 296 627 
Vertex 628 distance 19
0 380 146 507 364 129 625 205 318 628 
Vertex 629 distance 24
0 380 146 507 364 624 236 308 567 629 
Vertex 630 distance 21
0 380 146 580 312 469 440 630 
Vertex 631 distance 25
0 380 526 522 461 513 631 
Vertex 632 distance 14
0 380 146 580 632 
Vertex 633 distance 16
0 380 526 395 345 375 559 633 
Vertex 634 distance 12
0 380 146 507 602 122 634 
Vertex 635 distance 16
0 380 146 507 364 239 615 264 54 635 
Vertex 636 distance 19
0 380 146 580 78 444 636 
Vertex 637 distance 8
0 380 146 580 78 637 
Vertex 638 distance 17
0 380 146 44 404 319 4 638 
Vertex 639 distance 13
0 380 146 507 364 239 256 352 573 639 
