Vertex 0 distance 0
0 0 
Vertex 1 distance 23
0 320 603 402 355 1 
Vertex 2 distance 32
0 320 603 499 269 2 
Vertex 3 distance 25
0 320 603 435 553 375 547 3 
Vertex 4 distance 28
0 185 424 240 280 399 439 4 
Vertex 5 distance 23
0 185 424 240 280 490 5 
Vertex 6 distance 23
0 320 603 345 593 152 6 
Vertex 7 distance 21
0 320 603 402 21 7 
Vertex 8 distance 21
0 320 183 64 8 
Vertex 9 distance 25
0 320 603 402 21 342 305 9 
Vertex 10 distance 18
0 320 603 435 553 14 466 254 10 
Vertex 11 distance 33
0 155 575 33 290 298 11 
Vertex 12 distance 35
0 320 603 435 553 14 466 584 169 191 12 
Vertex 13 distance 27
0 320 183 82 94 63 13 
Vertex 14 distance 13
0 320 603 435 553 14 
Vertex 15 distance 34
0 320 603 333 495 193 15 
Vertex 16 distance 26
0 320 603 345 593 152 523 16 
Vertex 17 distance 30
0 320 603 402 21 342 305 110 17 
Vertex 18 distance 15
0 185 424 240 18 
Vertex 19 distance 26
0 155 575 147 19 
Vertex 20 distance 32
0 320 153 20 
Vertex 21 distance 16
0 320 603 402 21 
Vertex 22 distance 30
0 185 424 240 280 399 439 22 
Vertex 23 distance 28
0 320 183 546 595 262 23 
Vertex 24 distance 25
0 320 603 345 593 152 523 24 
Vertex 25 distance 31
0 185 424 240 280 490 567 122 25 
Vertex 26 distance 33
0 320 603 345 593 152 6 160 26 
Vertex 27 distance 33
0 320 603 435 553 14 466 254 299 219 27 
Vertex 28 distance 28
0 320 603 435 553 375 547 574 28 
Vertex 29 distance 30
0 320 603 434 68 29 
Vertex 30 distance 15
0 320 603 435 553 14 30 
Vertex 31 distance 29
0 155 563 31 
Vertex 32 distance 28
0 320 183 362 86 32 
Vertex 33 distance 17
0 155 575 33 
Vertex 34 distance 30
0 320 183 82 365 451 34 
Vertex 35 distance 25
0 320 603 345 593 35 
Vertex 36 distance 36
0 320 603 499 269 173 96 416 36 
Vertex 37 distance 29
0 320 603 434 68 612 536 37 
Vertex 38 distance 28
0 320 603 435 553 14 74 38 
Vertex 39 distance 37
0 185 424 240 280 490 371 61 404 39 
Vertex 40 distance 31
0 155 575 147 40 
Vertex 41 distance 20
0 320 183 568 41 
Vertex 42 distance 28
0 185 424 240 280 490 567 196 70 213 42 
Vertex 43 distance 30
0 320 183 568 527 441 43 
Vertex 44 distance 31
0 185 44 
Vertex 45 distance 37
0 320 603 434 68 612 536 37 45 
Vertex 46 distance 42
0 320 603 345 593 152 453 251 46 
Vertex 47 distance 23
0 320 322 326 165 47 
Vertex 48 distance 27
0 320 603 345 593 48 
Vertex 49 distance 26
0 185 424 240 280 399 422 373 49 
Vertex 50 distance 29
0 320 183 568 527 50 
Vertex 51 distance 33
0 245 51 
Vertex 52 distance 29
0 320 183 82 94 174 52 
Vertex 53 distance 31
0 320 603 402 634 158 53 
Vertex 54 distance 19
0 320 603 367 241 54 
Vertex 55 distance 27
0 320 603 345 593 152 453 639 55 
Vertex 56 distance 22
0 185 424 240 18 602 56 
Vertex 57 distance 37
0 320 183 362 86 57 
Vertex 58 distance 26
0 155 575 517 386 58 
Vertex 59 distance 46
0 320 603 345 593 152 453 473 59 
Vertex 60 distance 31
0 185 424 240 448 60 
Vertex 61 distance 26
0 185 424 240 280 490 371 61 
Vertex 62 distance 28
0 320 603 435 553 375 547 574 491 62 
Vertex 63 distance 20
0 320 183 82 94 63 
Vertex 64 distance 16
0 320 183 64 
Vertex 65 distance 26
0 320 603 435 553 14 466 65 
Vertex 66 distance 29
0 320 603 435 553 14 466 584 522 467 66 
Vertex 67 distance 33
0 320 183 362 86 32 166 133 67 
Vertex 68 distance 21
0 320 603 434 68 
Vertex 69 distance 27
0 185 424 240 18 294 69 
Vertex 70 distance 21
0 185 424 240 280 490 567 196 70 
Vertex 71 distance 28
0 320 603 367 339 71 
Vertex 72 distance 39
0 155 575 517 601 72 
Vertex 73 distance 28
0 185 424 240 18 602 73 
Vertex 74 distance 20
0 320 603 435 553 14 74 
Vertex 75 distance 31
0 320 603 402 21 7 75 
Vertex 76 distance 51
0 320 183 64 8 76 
Vertex 77 distance 27
0 185 424 240 18 294 77 
Vertex 78 distance 27
0 155 563 78 
Vertex 79 distance 30
0 320 322 326 118 456 465 79 
Vertex 80 distance 31
0 155 575 33 290 298 80 
Vertex 81 distance 35
0 320 603 402 21 7 624 222 380 81 
Vertex 82 distance 12
0 320 183 82 
Vertex 83 distance 28
0 155 563 83 
Vertex 84 distance 23
0 320 183 82 84 
Vertex 85 distance 35
0 320 183 546 595 112 388 296 297 85 
Vertex 86 distance 22
0 320 183 362 86 
Vertex 87 distance 30
0 320 603 435 553 14 466 87 
Vertex 88 distance 29
0 185 424 240 280 399 439 4 88 
Vertex 89 distance 39
0 320 183 568 527 441 43 89 
Vertex 90 distance 36
0 320 183 510 348 513 90 
Vertex 91 distance 36
0 320 183 546 401 447 91 
Vertex 92 distance 36
0 185 424 240 448 550 221 588 92 
Vertex 93 distance 29
0 155 575 147 93 
Vertex 94 distance 13
0 320 183 82 94 
Vertex 95 distance 18
0 320 603 435 553 14 466 254 95 
Vertex 96 distance 32
0 320 603 499 269 173 96 
Vertex 97 distance 28
0 185 424 240 280 399 422 488 97 
Vertex 98 distance 26
0 320 603 435 553 525 361 246 98 
Vertex 99 distance 34
0 320 603 402 634 129 99 
Vertex 100 distance 26
0 320 322 609 100 
Vertex 101 distance 20
0 320 603 435 553 525 101 
Vertex 102 distance 28
0 320 183 64 8 408 330 102 
Vertex 103 distance 43
0 320 183 546 401 463 103 
Vertex 104 distance 26
0 320 183 82 104 
Vertex 105 distance 38
0 185 424 240 280 470 105 
Vertex 106 distance 24
0 320 603 435 553 14 30 106 
Vertex 107 distance 17
0 185 424 240 280 490 107 
Vertex 108 distance 27
0 320 603 435 553 14 466 254 95 108 
Vertex 109 distance 33
0 320 603 435 553 14 466 584 412 109 
Vertex 110 distance 25
0 320 603 402 21 342 305 110 
Vertex 111 distance 35
0 320 183 546 595 112 426 610 508 111 
Vertex 112 distance 19
0 320 183 546 595 112 
Vertex 113 distance 30
0 320 603 435 553 145 113 
Vertex 114 distance 29
0 185 424 240 280 399 400 405 114 
Vertex 115 distance 31
0 320 322 115 
Vertex 116 distance 32
0 320 183 64 8 408 330 116 
Vertex 117 distance 30
0 320 183 64 117 
Vertex 118 distance 19
0 320 322 326 118 
Vertex 119 distance 30
0 320 603 435 553 14 466 254 10 126 493 119 
Vertex 120 distance 26
0 320 183 546 595 112 426 610 120 
Vertex 121 distance 30
0 320 183 546 595 112 398 121 
Vertex 122 distance 20
0 185 424 240 280 490 567 122 
Vertex 123 distance 29
0 320 322 326 165 293 123 
Vertex 124 distance 44
0 320 183 546 401 469 124 
Vertex 125 distance 29
0 155 563 83 125 
Vertex 126 distance 19
0 320 603 435 553 14 466 254 10 126 
Vertex 127 distance 32
0 320 603 435 553 375 547 574 491 414 278 127 
Vertex 128 distance 44
0 320 603 345 593 35 128 
Vertex 129 distance 28
0 320 603 402 634 129 
Vertex 130 distance 19
0 320 603 345 593 152 453 130 
Vertex 131 distance 27
0 185 424 240 576 131 
Vertex 132 distance 39
0 320 183 82 365 451 607 132 
Vertex 133 distance 32
0 320 183 362 86 32 166 133 
Vertex 134 distance 35
0 320 603 435 553 14 30 577 137 235 534 134 
Vertex 135 distance 31
0 320 603 435 553 14 74 38 135 
Vertex 136 distance 28
0 320 183 546 595 262 496 136 
Vertex 137 distance 25
0 320 603 435 553 14 30 577 137 
Vertex 138 distance 20
0 320 603 435 138 
Vertex 139 distance 40
0 185 424 240 280 399 422 373 49 139 
Vertex 140 distance 36
0 320 603 367 339 277 204 140 
Vertex 141 distance 27
0 320 322 326 141 
Vertex 142 distance 29
0 185 424 611 142 
Vertex 143 distance 32
0 185 424 240 576 131 143 
Vertex 144 distance 33
0 320 603 435 553 14 30 577 137 144 
Vertex 145 distance 21
0 320 603 435 553 145 
Vertex 146 distance 21
0 185 424 240 280 146 
Vertex 147 distance 19
0 155 575 147 
Vertex 148 distance 31
0 320 183 546 401 469 148 
Vertex 149 distance 29
0 320 183 546 401 469 529 176 443 149 
Vertex 150 distance 33
0 155 575 147 150 
Vertex 151 distance 33
0 320 322 326 165 561 151 
Vertex 152 distance 17
0 320 603 345 593 152 
Vertex 153 distance 24
0 320 153 
Vertex 154 distance 36
0 320 183 546 595 112 426 610 120 154 
Vertex 155 distance 15
0 155 
Vertex 156 distance 32
0 320 183 64 156 
Vertex 157 distance 34
0 320 603 434 438 157 
Vertex 158 distance 20
0 320 603 402 634 158 
Vertex 159 distance 29
0 185 424 240 280 399 159 
Vertex 160 distance 30
0 320 603 345 593 152 6 160 
Vertex 161 distance 30
0 320 322 609 100 161 
Vertex 162 distance 34
0 320 603 435 553 14 30 162 
Vertex 163 distance 34
0 320 322 326 165 501 163 
Vertex 164 distance 30
0 320 183 64 164 
Vertex 165 distance 18
0 320 322 326 165 
Vertex 166 distance 30
0 320 183 362 86 32 166 
Vertex 167 distance 18
0 320 183 546 167 
Vertex 168 distance 29
0 320 183 546 401 463 168 
Vertex 169 distance 26
0 320 603 435 553 14 466 584 169 
Vertex 170 distance 36
0 185 424 240 280 470 238 170 
Vertex 171 distance 33
0 320 603 435 553 525 101 621 505 171 
Vertex 172 distance 20
0 185 424 240 18 172 
Vertex 173 distance 28
0 320 603 499 269 173 
Vertex 174 distance 26
0 320 183 82 94 174 
Vertex 175 distance 38
0 320 603 345 593 152 453 639 175 
Vertex 176 distance 25
0 320 183 546 401 469 529 176 
Vertex 177 distance 37
0 320 183 362 86 32 177 
Vertex 178 distance 25
0 155 563 178 
Vertex 179 distance 18
0 185 424 240 280 490 567 179 
Vertex 180 distance 22
0 155 575 33 290 180 
Vertex 181 distance 31
0 320 603 367 339 181 
Vertex 182 distance 41
0 320 603 402 21 7 624 222 182 
Vertex 183 distance 6
0 320 183 
Vertex 184 distance 33
0 320 603 434 438 184 
Vertex 185 distance 2
0 185 
Vertex 186 distance 35
0 155 563 78 186 
Vertex 187 distance 33
0 320 603 434 68 236 187 
Vertex 188 distance 34
0 320 183 82 216 188 
Vertex 189 distance 35
0 320 603 435 553 375 547 500 189 
Vertex 190 distance 32
0 320 322 326 165 293 123 190 
Vertex 191 distance 27
0 320 603 435 553 14 466 584 169 191 
Vertex 192 distance 22
0 320 603 435 553 14 466 254 192 
Vertex 193 distance 32
0 320 603 333 495 193 
Vertex 194 distance 42
0 320 603 435 410 541 194 
Vertex 195 distance 24
0 155 195 
Vertex 196 distance 19
0 185 424 240 280 490 567 196 
Vertex 197 distance 29
0 320 603 435 553 14 30 577 480 528 197 
Vertex 198 distance 16
0 185 424 240 18 198 
Vertex 199 distance 36
0 320 183 82 216 252 199 
Vertex 200 distance 40
0 320 603 434 68 612 536 200 
Vertex 201 distance 29
0 320 603 435 553 14 74 38 201 
Vertex 202 distance 33
0 185 424 240 280 399 422 373 202 
Vertex 203 distance 30
0 185 424 240 18 602 73 203 
Vertex 204 distance 27
0 320 603 367 339 277 204 
Vertex 205 distance 40
0 320 205 
Vertex 206 distance 44
0 185 424 240 280 490 371 61 423 206 
Vertex 207 distance 22
0 320 603 345 593 152 453 130 207 
Vertex 208 distance 29
0 320 603 345 208 
Vertex 209 distance 35
0 185 424 240 280 146 209 
Vertex 210 distance 38
0 320 603 435 553 375 547 574 28 622 433 210 
Vertex 211 distance 24
0 320 322 211 
Vertex 212 distance 31
0 320 603 402 634 129 368 212 
Vertex 213 distance 23
0 185 424 240 280 490 567 196 70 213 
Vertex 214 distance 31
0 320 603 435 553 14 466 584 412 214 
Vertex 215 distance 28
0 320 603 345 593 152 453 639 286 583 215 
Vertex 216 distance 27
0 320 183 82 216 
Vertex 217 distance 34
0 320 603 434 598 217 
Vertex 218 distance 27
0 185 424 240 280 490 567 196 218 
Vertex 219 distance 30
0 320 603 435 553 14 466 254 299 219 
Vertex 220 distance 33
0 320 603 434 68 612 220 
Vertex 221 distance 27
0 185 424 240 448 550 221 
Vertex 222 distance 26
0 320 603 402 21 7 624 222 
Vertex 223 distance 33
0 185 424 240 280 490 567 122 25 223 
Vertex 224 distance 47
0 320 603 345 593 224 
Vertex 225 distance 23
0 320 603 435 553 14 74 225 
Vertex 226 distance 25
0 155 575 147 226 
Vertex 227 distance 35
0 320 603 435 553 14 30 106 227 
Vertex 228 distance 35
0 320 322 326 141 228 
Vertex 229 distance 38
0 320 425 229 
Vertex 230 distance 33
0 185 424 240 280 490 567 196 218 230 
Vertex 231 distance 34
0 320 603 435 553 14 74 225 231 
Vertex 232 distance 27
0 320 183 546 167 232 
Vertex 233 distance 29
0 320 603 367 339 233 
Vertex 234 distance 35
0 320 183 568 527 552 234 
Vertex 235 distance 27
0 320 603 435 553 14 30 577 137 235 
Vertex 236 distance 25
0 320 603 434 68 236 
Vertex 237 distance 36
0 320 322 211 237 
Vertex 238 distance 24
0 185 424 240 280 470 238 
Vertex 239 distance 34
0 320 603 435 553 14 30 239 
Vertex 240 distance 12
0 185 424 240 
Vertex 241 distance 16
0 320 603 367 241 
Vertex 242 distance 35
0 185 424 240 280 490 567 196 242 
Vertex 243 distance 36
0 320 603 367 339 243 
Vertex 244 distance 24
0 320 603 435 553 14 466 254 10 244 
Vertex 245 distance 20
0 245 
Vertex 246 distance 25
0 320 603 435 553 525 361 246 
Vertex 247 distance 32
0 155 575 147 19 247 
Vertex 248 distance 27
0 185 424 240 280 490 371 61 248 
Vertex 249 distance 36
0 320 603 434 438 157 249 
Vertex 250 distance 37
0 320 603 435 553 14 466 254 95 108 250 
Vertex 251 distance 32
0 320 603 345 593 152 453 251 
Vertex 252 distance 31
0 320 183 82 216 252 
Vertex 253 distance 27
0 320 603 435 553 253 
Vertex 254 distance 17
0 320 603 435 553 14 466 254 
Vertex 255 distance 28
0 320 603 435 553 14 466 254 192 255 
Vertex 256 distance 23
0 320 322 256 
Vertex 257 distance 28
0 320 183 546 595 112 388 296 297 257 
Vertex 258 distance 34
0 320 603 345 593 152 453 639 286 583 215 258 
Vertex 259 distance 31
0 185 424 240 280 399 422 488 259 
Vertex 260 distance 34
0 320 603 345 260 
Vertex 261 distance 34
0 185 424 240 280 490 567 196 70 213 42 393 261 
Vertex 262 distance 23
0 320 183 546 595 262 
Vertex 263 distance 30
0 320 183 546 595 262 263 
Vertex 264 distance 31
0 155 575 517 386 264 
Vertex 265 distance 15
0 185 265 
Vertex 266 distance 35
0 185 424 240 448 535 266 
Vertex 267 distance 23
0 185 424 240 18 602 56 267 
Vertex 268 distance 41
0 320 603 434 68 340 268 
Vertex 269 distance 26
0 320 603 499 269 
Vertex 270 distance 37
0 320 603 345 270 
Vertex 271 distance 34
0 320 603 434 68 612 536 37 271 
Vertex 272 distance 36
0 320 183 546 595 112 398 121 512 272 
Vertex 273 distance 29
0 185 424 240 280 490 371 468 378 304 273 
Vertex 274 distance 23
0 185 424 240 280 146 274 
Vertex 275 distance 34
0 185 424 240 280 399 439 4 88 275 
Vertex 276 distance 29
0 185 424 240 280 490 371 468 276 
Vertex 277 distance 25
0 320 603 367 339 277 
Vertex 278 distance 28
0 320 603 435 553 375 547 574 491 414 278 
Vertex 279 distance 31
0 320 603 434 68 612 536 279 
Vertex 280 distance 13
0 185 424 240 280 
Vertex 281 distance 27
0 320 603 435 553 14 30 577 480 281 
Vertex 282 distance 30
0 320 603 402 634 129 368 282 
Vertex 283 distance 38
0 185 424 240 280 490 567 196 218 283 
Vertex 284 distance 31
0 320 603 345 593 152 453 308 284 
Vertex 285 distance 32
0 320 603 434 598 483 285 
Vertex 286 distance 23
0 320 603 345 593 152 453 639 286 
Vertex 287 distance 26
0 320 183 546 167 287 
Vertex 288 distance 34
0 320 603 402 288 
Vertex 289 distance 36
0 320 183 546 595 112 426 610 120 289 
Vertex 290 distance 20
0 155 575 33 290 
Vertex 291 distance 32
0 320 603 435 553 14 30 291 
Vertex 292 distance 27
0 320 603 435 553 375 292 
Vertex 293 distance 22
0 320 322 326 165 293 
Vertex 294 distance 18
0 185 424 240 18 294 
Vertex 295 distance 31
0 320 183 510 348 295 
Vertex 296 distance 24
0 320 183 546 595 112 388 296 
Vertex 297 distance 27
0 320 183 546 595 112 388 296 297 
Vertex 298 distance 30
0 155 575 33 290 298 
Vertex 299 distance 25
0 320 603 435 553 14 466 254 299 
Vertex 300 distance 27
0 320 183 546 595 112 571 300 
Vertex 301 distance 26
0 320 322 211 301 
Vertex 302 distance 25
0 320 603 435 553 14 466 254 302 
Vertex 303 distance 30
0 185 424 240 280 490 567 122 303 
Vertex 304 distance 26
0 185 424 240 280 490 371 468 378 304 
Vertex 305 distance 23
0 320 603 402 21 342 305 
Vertex 306 distance 31
0 320 183 546 595 306 
Vertex 307 distance 30
0 320 183 307 
Vertex 308 distance 26
0 320 603 345 593 152 453 308 
Vertex 309 distance 26
0 320 183 64 309 
Vertex 310 distance 37
0 320 603 434 68 612 536 37 310 
Vertex 311 distance 27
0 320 183 311 
Vertex 312 distance 35
0 320 603 435 553 375 547 574 491 62 312 
Vertex 313 distance 31
0 320 603 435 553 14 74 519 313 
Vertex 314 distance 28
0 320 153 314 
Vertex 315 distance 29
0 320 603 367 339 71 315 
Vertex 316 distance 35
0 320 603 434 438 497 316 
Vertex 317 distance 25
0 320 603 435 553 145 317 
Vertex 318 distance 30
0 320 322 211 318 
Vertex 319 distance 34
0 320 603 402 634 158 319 
Vertex 320 distance 5
0 320 
Vertex 321 distance 25
0 320 603 345 593 152 6 321 
Vertex 322 distance 11
0 320 322 
Vertex 323 distance 25
0 320 603 435 553 14 466 254 192 323 
Vertex 324 distance 31
0 155 575 147 93 324 
Vertex 325 distance 30
0 155 563 83 325 
Vertex 326 distance 15
0 320 322 326 
Vertex 327 distance 37
0 320 183 546 167 327 
Vertex 328 distance 32
0 185 424 240 448 550 221 588 328 
Vertex 329 distance 30
0 320 603 402 21 342 305 110 329 
Vertex 330 distance 27
0 320 183 64 8 408 330 
Vertex 331 distance 29
0 320 603 434 68 612 536 331 
Vertex 332 distance 29
0 320 322 326 165 332 
Vertex 333 distance 16
0 320 603 333 
Vertex 334 distance 24
0 320 603 345 593 152 453 639 286 334 
Vertex 335 distance 46
0 320 603 435 553 14 74 38 335 
Vertex 336 distance 17
0 320 603 345 336 
Vertex 337 distance 33
0 320 603 435 553 14 30 577 480 337 
Vertex 338 distance 28
0 155 575 147 226 338 
Vertex 339 distance 22
0 320 603 367 339 
Vertex 340 distance 22
0 320 603 434 68 340 
Vertex 341 distance 28
0 185 424 240 280 490 567 196 70 341 
Vertex 342 distance 22
0 320 603 402 21 342 
Vertex 343 distance 26
0 320 183 82 94 63 343 
Vertex 344 distance 33
0 320 603 402 355 374 344 
Vertex 345 distance 10
0 320 603 345 
Vertex 346 distance 32
0 320 603 435 553 375 547 574 491 62 346 
Vertex 347 distance 46
0 320 603 434 598 483 618 347 
Vertex 348 distance 27
0 320 183 510 348 
Vertex 349 distance 36
0 320 603 402 288 349 
Vertex 350 distance 29
0 185 424 240 280 490 567 196 70 213 548 350 
Vertex 351 distance 32
0 320 322 326 118 456 351 
Vertex 352 distance 33
0 185 424 240 18 602 73 203 352 
Vertex 353 distance 29
0 155 575 353 
Vertex 354 distance 25
0 320 603 435 553 375 354 
Vertex 355 distance 17
0 320 603 402 355 
Vertex 356 distance 31
0 320 603 435 553 525 101 413 356 
Vertex 357 distance 37
0 320 603 402 21 7 624 222 380 357 
Vertex 358 distance 22
0 320 183 568 358 
Vertex 359 distance 43
0 320 603 435 553 253 359 
Vertex 360 distance 27
0 320 603 367 360 
Vertex 361 distance 23
0 320 603 435 553 525 361 
Vertex 362 distance 19
0 320 183 362 
Vertex 363 distance 29
0 320 183 546 363 
Vertex 364 distance 35
0 320 183 568 638 364 
Vertex 365 distance 21
0 320 183 82 365 
Vertex 366 distance 34
0 320 183 546 401 463 366 
Vertex 367 distance 13
0 320 603 367 
Vertex 368 distance 29
0 320 603 402 634 129 368 
Vertex 369 distance 43
0 320 183 546 595 112 426 610 120 154 369 
Vertex 370 distance 49
0 185 424 240 280 490 371 468 378 304 273 370 
Vertex 371 distance 16
0 185 424 240 280 490 371 
Vertex 372 distance 27
0 320 603 345 593 152 453 308 372 
Vertex 373 distance 20
0 185 424 240 280 399 422 373 
Vertex 374 distance 28
0 320 603 402 355 374 
Vertex 375 distance 18
0 320 603 435 553 375 
Vertex 376 distance 36
0 320 603 435 553 14 30 577 137 376 
Vertex 377 distance 31
0 185 424 240 280 490 371 61 248 377 
Vertex 378 distance 25
0 185 424 240 280 490 371 468 378 
Vertex 379 distance 28
0 320 603 435 553 525 361 379 
Vertex 380 distance 30
0 320 603 402 21 7 624 222 380 
Vertex 381 distance 41
0 320 603 435 553 14 30 106 381 
Vertex 382 distance 46
0 185 424 240 280 399 439 22 382 
Vertex 383 distance 23
0 320 603 345 593 152 453 383 
Vertex 384 distance 35
0 155 575 147 226 338 384 
Vertex 385 distance 27
0 320 603 367 241 385 
Vertex 386 distance 24
0 155 575 517 386 
Vertex 387 distance 32
0 320 322 609 100 387 
Vertex 388 distance 22
0 320 183 546 595 112 388 
Vertex 389 distance 54
0 320 183 546 167 590 389 
Vertex 390 distance 28
0 320 603 435 553 14 30 577 480 528 390 
Vertex 391 distance 31
0 320 603 333 391 
Vertex 392 distance 29
0 320 603 434 392 
Vertex 393 distance 30
0 185 424 240 280 490 567 196 70 213 42 393 
Vertex 394 distance 34
0 185 424 240 280 490 371 468 378 304 394 
Vertex 395 distance 33
0 320 183 82 94 174 582 395 
Vertex 396 distance 23
0 320 603 345 396 
Vertex 397 distance 43
0 320 322 211 397 
Vertex 398 distance 26
0 320 183 546 595 112 398 
Vertex 399 distance 17
0 185 424 240 280 399 
Vertex 400 distance 21
0 185 424 240 280 399 400 
Vertex 401 distance 12
0 320 183 546 401 
Vertex 402 distance 14
0 320 603 402 
Vertex 403 distance 36
0 320 183 546 167 403 
Vertex 404 distance 32
0 185 424 240 280 490 371 61 404 
Vertex 405 distance 24
0 185 424 240 280 399 400 405 
Vertex 406 distance 30
0 320 183 362 406 
Vertex 407 distance 25
0 320 183 568 358 407 
Vertex 408 distance 26
0 320 183 64 8 408 
Vertex 409 distance 31
0 450 409 
Vertex 410 distance 20
0 320 603 435 410 
Vertex 411 distance 44
0 320 603 435 553 375 547 500 411 
Vertex 412 distance 29
0 320 603 435 553 14 466 584 412 
Vertex 413 distance 25
0 320 603 435 553 525 101 413 
Vertex 414 distance 27
0 320 603 435 553 375 547 574 491 414 
Vertex 415 distance 46
0 320 603 499 269 173 415 
Vertex 416 distance 34
0 320 603 499 269 173 96 416 
Vertex 417 distance 23
0 320 603 435 553 14 466 254 10 126 417 
Vertex 418 distance 31
0 320 322 326 141 418 
Vertex 419 distance 32
0 185 424 240 280 146 274 419 
Vertex 420 distance 34
0 320 183 568 527 552 420 
Vertex 421 distance 26
0 185 424 240 280 490 567 179 421 
Vertex 422 distance 19
0 185 424 240 280 399 422 
Vertex 423 distance 31
0 185 424 240 280 490 371 61 423 
Vertex 424 distance 11
0 185 424 
Vertex 425 distance 34
0 320 425 
Vertex 426 distance 23
0 320 183 546 595 112 426 
Vertex 427 distance 25
0 320 183 568 358 427 
Vertex 428 distance 27
0 320 428 
Vertex 429 distance 44
0 320 603 345 593 152 453 308 284 429 
Vertex 430 distance 18
0 320 603 435 553 14 30 430 
Vertex 431 distance 23
0 185 424 240 280 490 371 468 431 
Vertex 432 distance 34
0 320 183 546 595 112 432 
Vertex 433 distance 33
0 320 603 435 553 375 547 574 28 622 433 
Vertex 434 distance 20
0 320 603 434 
Vertex 435 distance 11
0 320 603 435 
Vertex 436 distance 38
0 185 424 240 280 490 371 61 404 39 436 
Vertex 437 distance 30
0 185 424 240 280 490 567 437 
Vertex 438 distance 24
0 320 603 434 438 
Vertex 439 distance 18
0 185 424 240 280 399 439 
Vertex 440 distance 28
0 185 424 240 280 399 400 405 440 
Vertex 441 distance 28
0 320 183 568 527 441 
Vertex 442 distance 30
0 320 603 435 553 14 74 442 
Vertex 443 distance 28
0 320 183 546 401 469 529 176 443 
Vertex 444 distance 40
0 320 603 499 269 173 96 416 36 444 
Vertex 445 distance 33
0 320 603 435 553 14 466 584 522 467 66 445 
Vertex 446 distance 34
0 320 603 434 68 612 536 37 446 
Vertex 447 distance 29
0 320 183 546 401 447 
Vertex 448 distance 20
0 185 424 240 448 
Vertex 449 distance 18
0 320 603 435 553 14 466 254 449 
Vertex 450 distance 30
0 450 
Vertex 451 distance 22
0 320 183 82 365 451 
Vertex 452 distance 33
0 320 603 402 21 516 452 
Vertex 453 distance 18
0 320 603 345 593 152 453 
Vertex 454 distance 24
0 185 424 240 280 399 422 373 454 
Vertex 455 distance 41
0 155 455 
Vertex 456 distance 25
0 320 322 326 118 456 
Vertex 457 distance 32
0 320 603 435 553 525 101 621 457 
Vertex 458 distance 20
0 320 183 82 458 
Vertex 459 distance 43
0 320 603 345 593 152 453 308 459 
Vertex 460 distance 20
0 320 183 82 94 460 
Vertex 461 distance 36
0 320 603 345 336 461 
Vertex 462 distance 35
0 185 424 240 280 462 
Vertex 463 distance 25
0 320 183 546 401 463 
Vertex 464 distance 43
0 320 183 82 365 451 34 464 
Vertex 465 distance 28
0 320 322 326 118 456 465 
Vertex 466 distance 15
0 320 603 435 553 14 466 
Vertex 467 distance 25
0 320 603 435 553 14 466 584 522 467 
Vertex 468 distance 21
0 185 424 240 280 490 371 468 
Vertex 469 distance 20
0 320 183 546 401 469 
Vertex 470 distance 14
0 185 424 240 280 470 
Vertex 471 distance 34
0 320 603 499 269 173 96 471 
Vertex 472 distance 34
0 320 603 345 593 152 453 639 286 583 215 472 
Vertex 473 distance 25
0 320 603 345 593 152 453 473 
Vertex 474 distance 26
0 320 603 402 21 342 305 9 474 
Vertex 475 distance 26
0 320 603 435 553 14 466 584 475 
Vertex 476 distance 32
0 320 603 333 391 476 
Vertex 477 distance 29
0 185 424 240 448 477 
Vertex 478 distance 32
0 320 603 345 593 152 453 308 284 478 
Vertex 479 distance 34
0 320 603 345 593 152 453 130 479 
Vertex 480 distance 25
0 320 603 435 553 14 30 577 480 
Vertex 481 distance 33
0 320 183 546 595 112 571 515 481 
Vertex 482 distance 26
0 320 603 435 482 
Vertex 483 distance 25
0 320 603 434 598 483 
Vertex 484 distance 43
0 320 183 546 595 262 496 136 484 
Vertex 485 distance 30
0 320 603 435 553 375 485 
Vertex 486 distance 43
0 320 322 326 165 561 151 486 
Vertex 487 distance 36
0 320 322 326 165 47 487 
Vertex 488 distance 25
0 185 424 240 280 399 422 488 
Vertex 489 distance 63
0 320 603 402 634 158 608 489 
Vertex 490 distance 15
0 185 424 240 280 490 
Vertex 491 distance 25
0 320 603 435 553 375 547 574 491 
Vertex 492 distance 35
0 155 563 31 492 
Vertex 493 distance 29
0 320 603 435 553 14 466 254 10 126 493 
Vertex 494 distance 30
0 185 424 240 280 494 
Vertex 495 distance 23
0 320 603 333 495 
Vertex 496 distance 26
0 320 183 546 595 262 496 
Vertex 497 distance 31
0 320 603 434 438 497 
Vertex 498 distance 31
0 320 603 434 68 29 498 
Vertex 499 distance 18
0 320 603 499 
Vertex 500 distance 33
0 320 603 435 553 375 547 500 
Vertex 501 distance 26
0 320 322 326 165 501 
Vertex 502 distance 35
0 155 575 507 502 
Vertex 503 distance 29
0 320 183 546 595 262 496 136 503 
Vertex 504 distance 35
0 320 322 256 504 
Vertex 505 distance 30
0 320 603 435 553 525 101 621 505 
Vertex 506 distance 35
0 320 183 546 595 262 496 136 503 506 
Vertex 507 distance 26
0 155 575 507 
Vertex 508 distance 34
0 320 183 546 595 112 426 610 508 
Vertex 509 distance 34
0 320 322 326 118 509 
Vertex 510 distance 25
0 320 183 510 
Vertex 511 distance 27
0 320 183 546 595 112 388 511 
Vertex 512 distance 35
0 320 183 546 595 112 398 121 512 
Vertex 513 distance 34
0 320 183 510 348 513 
Vertex 514 distance 37
0 320 603 367 339 181 514 
Vertex 515 distance 26
0 320 183 546 595 112 571 515 
Vertex 516 distance 32
0 320 603 402 21 516 
Vertex 517 distance 22
0 155 575 517 
Vertex 518 distance 27
0 155 518 
Vertex 519 distance 25
0 320 603 435 553 14 74 519 
Vertex 520 distance 29
0 185 424 240 280 490 532 520 
Vertex 521 distance 30
0 185 424 521 
Vertex 522 distance 24
0 320 603 435 553 14 466 584 522 
Vertex 523 distance 18
0 320 603 345 593 152 523 
Vertex 524 distance 48
0 185 424 240 280 146 274 524 
Vertex 525 distance 18
0 320 603 435 553 525 
Vertex 526 distance 37
0 320 603 435 553 375 547 574 28 622 433 526 
Vertex 527 distance 24
0 320 183 568 527 
Vertex 528 distance 26
0 320 603 435 553 14 30 577 480 528 
Vertex 529 distance 21
0 320 183 546 401 469 529 
Vertex 530 distance 28
0 320 603 435 553 14 466 584 169 530 
Vertex 531 distance 61
0 185 424 240 280 490 371 61 248 377 531 
Vertex 532 distance 25
0 185 424 240 280 490 532 
Vertex 533 distance 28
0 320 183 510 348 533 
Vertex 534 distance 28
0 320 603 435 553 14 30 577 137 235 534 
Vertex 535 distance 23
0 185 424 240 448 535 
Vertex 536 distance 27
0 320 603 434 68 612 536 
Vertex 537 distance 29
0 320 603 435 553 14 30 577 537 
Vertex 538 distance 31
0 320 603 402 355 538 
Vertex 539 distance 30
0 320 603 435 553 14 30 577 537 539 
Vertex 540 distance 32
0 320 322 256 540 
Vertex 541 distance 40
0 320 603 435 410 541 
Vertex 542 distance 41
0 155 563 83 125 542 
Vertex 543 distance 20
0 320 603 345 543 
Vertex 544 distance 37
0 185 424 240 280 490 567 122 25 544 
Vertex 545 distance 32
0 320 183 510 348 533 545 
Vertex 546 distance 10
0 320 183 546 
Vertex 547 distance 23
0 320 603 435 553 375 547 
Vertex 548 distance 26
0 185 424 240 280 490 567 196 70 213 548 
Vertex 549 distance 36
0 320 183 546 595 112 426 610 508 549 
Vertex 550 distance 25
0 185 424 240 448 550 
Vertex 551 distance 49
0 320 183 546 595 112 426 610 508 549 551 
Vertex 552 distance 27
0 320 183 568 527 552 
Vertex 553 distance 12
0 320 603 435 553 
Vertex 554 distance 39
0 185 424 240 280 490 371 468 566 554 
Vertex 555 distance 33
0 320 153 555 
Vertex 556 distance 28
0 320 603 435 553 525 361 246 556 
Vertex 557 distance 30
0 320 603 367 241 557 
Vertex 558 distance 25
0 320 603 435 553 14 466 584 558 
Vertex 559 distance 28
0 320 183 362 559 
Vertex 560 distance 39
0 185 424 240 280 490 371 468 378 304 273 560 
Vertex 561 distance 28
0 320 322 326 165 561 
Vertex 562 distance 26
0 320 603 402 21 7 624 562 
Vertex 563 distance 24
0 155 563 
Vertex 564 distance 27
0 320 183 82 84 616 564 
Vertex 565 distance 37
0 320 603 333 495 193 565 
Vertex 566 distance 26
0 185 424 240 280 490 371 468 566 
Vertex 567 distance 16
0 185 424 240 280 490 567 
Vertex 568 distance 19
0 320 183 568 
Vertex 569 distance 38
0 185 424 240 280 470 569 
Vertex 570 distance 31
0 320 603 402 21 342 305 9 570 
Vertex 571 distance 24
0 320 183 546 595 112 571 
Vertex 572 distance 34
0 320 603 435 553 14 466 584 522 467 66 445 572 
Vertex 573 distance 36
0 185 424 240 18 172 573 
Vertex 574 distance 24
0 320 603 435 553 375 547 574 
Vertex 575 distance 16
0 155 575 
Vertex 576 distance 18
0 185 424 240 576 
Vertex 577 distance 16
0 320 603 435 553 14 30 577 
Vertex 578 distance 30
0 185 424 240 280 490 371 468 378 578 
Vertex 579 distance 33
0 320 603 435 553 14 30 577 480 579 
Vertex 580 distance 25
0 320 603 435 553 14 466 254 10 580 
Vertex 581 distance 36
0 320 603 435 553 14 466 254 10 126 493 581 
Vertex 582 distance 29
0 320 183 82 94 174 582 
Vertex 583 distance 27
0 320 603 345 593 152 453 639 286 583 
Vertex 584 distance 16
0 320 603 435 553 14 466 584 
Vertex 585 distance 37
0 320 603 367 241 557 626 585 
Vertex 586 distance 33
0 320 183 568 586 
Vertex 587 distance 17
0 320 322 326 587 
Vertex 588 distance 28
0 185 424 240 448 550 221 588 
Vertex 589 distance 30
0 320 603 435 553 14 466 254 449 589 
Vertex 590 distance 27
0 320 183 546 167 590 
Vertex 591 distance 28
0 320 183 546 167 232 591 
Vertex 592 distance 39
0 320 183 546 595 112 592 
Vertex 593 distance 16
0 320 603 345 593 
Vertex 594 distance 34
0 155 575 517 594 
Vertex 595 distance 18
0 320 183 546 595 
Vertex 596 distance 33
0 320 183 546 401 469 596 
Vertex 597 distance 27
0 185 424 597 
Vertex 598 distance 23
0 320 603 434 598 
Vertex 599 distance 30
0 320 603 435 553 14 466 254 192 323 599 
Vertex 600 distance 37
0 320 183 546 595 112 388 511 600 
Vertex 601 distance 25
0 155 575 517 601 
Vertex 602 distance 20
0 185 424 240 18 602 
Vertex 603 distance 6
0 320 603 
Vertex 604 distance 39
0 185 424 240 280 490 567 196 218 283 604 
Vertex 605 distance 26
0 320 603 435 553 14 466 584 522 467 605 
Vertex 606 distance 32
0 320 183 546 595 112 388 296 297 630 606 
Vertex 607 distance 24
0 320 183 82 365 451 607 
Vertex 608 distance 26
0 320 603 402 634 158 608 
Vertex 609 distance 22
0 320 322 609 
Vertex 610 distance 25
0 320 183 546 595 112 426 610 
Vertex 611 distance 24
0 185 424 611 
Vertex 612 distance 24
0 320 603 434 68 612 
Vertex 613 distance 32
0 185 424 240 280 490 371 61 613 
Vertex 614 distance 26
0 320 183 546 595 112 426 614 
Vertex 615 distance 28
0 185 424 240 280 490 567 196 218 615 
Vertex 616 distance 26
0 320 183 82 84 616 
Vertex 617 distance 26
0 320 322 617 
Vertex 618 distance 26
0 320 603 434 598 483 618 
Vertex 619 distance 26
0 320 603 402 21 342 305 620 619 
Vertex 620 distance 25
0 320 603 402 21 342 305 620 
Vertex 621 distance 28
0 320 603 435 553 525 101 621 
Vertex 622 distance 32
0 320 603 435 553 375 547 574 28 622 
Vertex 623 distance 27
0 320 603 367 339 623 
Vertex 624 distance 22
0 320 603 402 21 7 624 
Vertex 625 distance 51
0 320 603 435 553 253 359 625 
Vertex 626 distance 36
0 320 603 367 241 557 626 
Vertex 627 distance 39
0 320 603 402 21 342 305 9 474 627 
Vertex 628 distance 33
0 320 183 546 595 262 23 628 
Vertex 629 distance 28
0 320 603 435 553 14 466 584 629 
Vertex 630 distance 30
0 320 183 546 595 112 388 296 297 630 
Vertex 631 distance 27
0 185 424 240 280 399 439 631 
Vertex 632 distance 46
0 320 183 546 167 327 632 
Vertex 633 distance 34
0 185 424 240 280 490 567 122 25 223 633 
Vertex 634 distance 16
0 320 603 402 634 
Vertex 635 distance 34
0 185 424 240 280 399 439 22 635 
Vertex 636 distance 27
0 320 183 546 595 112 571 636 
Vertex 637 distance 25
0 185 424 240 637 
Vertex 638 distance 24
0 320 183 568 638 
Vertex 639 distance 20
0 320 603 345 593 152 453 639 
