Vertex 0 distance 0
0 0 
Vertex 1 distance 14
0 415 351 27 551 167 543 145 497 1 
Vertex 2 distance 17
0 552 516 2 
Vertex 3 distance 12
0 415 351 27 551 167 3 
Vertex 4 distance 22
0 552 533 90 509 322 185 4 
Vertex 5 distance 13
0 415 74 19 161 5 
Vertex 6 distance 13
0 415 351 27 625 405 6 
Vertex 7 distance 21
0 415 74 19 232 126 7 
Vertex 8 distance 14
0 614 8 
Vertex 9 distance 12
0 415 305 416 9 
Vertex 10 distance 19
0 552 516 474 10 
Vertex 11 distance 17
0 415 351 559 120 391 373 146 11 
Vertex 12 distance 15
0 415 351 27 256 177 12 
Vertex 13 distance 14
0 552 533 13 
Vertex 14 distance 15
0 415 351 559 306 484 14 
Vertex 15 distance 13
0 415 351 559 306 15 
Vertex 16 distance 20
0 415 351 27 625 52 16 
Vertex 17 distance 20
0 415 351 27 625 53 469 17 
Vertex 18 distance 20
0 415 351 27 551 167 158 239 18 
Vertex 19 distance 8
0 415 74 19 
Vertex 20 distance 17
0 552 386 593 144 449 20 
Vertex 21 distance 18
0 552 533 13 292 21 
Vertex 22 distance 10
0 415 74 115 22 
Vertex 23 distance 18
0 614 313 587 132 23 
Vertex 24 distance 18
0 415 351 27 551 167 543 24 
Vertex 25 distance 13
0 614 313 587 25 
Vertex 26 distance 17
0 415 351 27 551 518 135 26 
Vertex 27 distance 3
0 415 351 27 
Vertex 28 distance 18
0 552 533 90 509 322 185 390 291 28 
Vertex 29 distance 15
0 415 351 27 331 29 
Vertex 30 distance 26
0 552 533 565 450 30 
Vertex 31 distance 15
0 415 351 559 120 388 31 
Vertex 32 distance 14
0 552 533 90 509 58 32 
Vertex 33 distance 17
0 415 351 559 120 388 454 448 33 
Vertex 34 distance 11
0 415 480 180 98 290 34 
Vertex 35 distance 18
0 614 313 587 570 149 456 613 35 
Vertex 36 distance 23
0 552 516 424 36 
Vertex 37 distance 6
0 415 351 27 37 
Vertex 38 distance 16
0 415 351 559 120 38 
Vertex 39 distance 24
0 415 351 27 625 53 469 319 580 39 
Vertex 40 distance 17
0 415 351 27 551 167 543 145 624 40 
Vertex 41 distance 14
0 614 313 587 41 
Vertex 42 distance 19
0 415 351 559 245 42 
Vertex 43 distance 11
0 415 351 27 625 77 43 
Vertex 44 distance 12
0 415 351 27 625 44 
Vertex 45 distance 21
0 415 607 243 517 271 567 542 45 
Vertex 46 distance 12
0 415 351 27 625 77 81 46 
Vertex 47 distance 18
0 415 351 27 625 77 43 47 
Vertex 48 distance 17
0 552 533 90 509 322 170 463 48 
Vertex 49 distance 19
0 415 351 27 331 236 265 208 49 
Vertex 50 distance 9
0 415 351 27 551 167 602 268 50 
Vertex 51 distance 30
0 415 607 568 51 
Vertex 52 distance 10
0 415 351 27 625 52 
Vertex 53 distance 5
0 415 351 27 625 53 
Vertex 54 distance 15
0 415 607 273 54 
Vertex 55 distance 17
0 552 533 565 95 55 
Vertex 56 distance 17
0 415 397 244 56 
Vertex 57 distance 15
0 552 533 90 509 322 57 
Vertex 58 distance 10
0 552 533 90 509 58 
Vertex 59 distance 11
0 552 533 90 59 
Vertex 60 distance 21
0 415 480 276 108 60 
Vertex 61 distance 14
0 415 480 485 248 61 
Vertex 62 distance 15
0 415 351 27 551 167 543 145 497 1 62 
Vertex 63 distance 20
0 415 74 19 161 333 162 63 
Vertex 64 distance 16
0 415 480 180 98 64 
Vertex 65 distance 16
0 552 386 442 468 401 513 65 
Vertex 66 distance 19
0 614 313 587 132 476 584 511 223 66 
Vertex 67 distance 15
0 415 351 27 625 104 67 
Vertex 68 distance 21
0 415 607 243 517 271 567 68 
Vertex 69 distance 20
0 415 351 27 551 167 602 459 502 69 
Vertex 70 distance 16
0 415 74 19 161 333 70 
Vertex 71 distance 18
0 552 300 280 71 
Vertex 72 distance 13
0 415 351 27 551 167 438 72 
Vertex 73 distance 14
0 552 533 148 73 
Vertex 74 distance 4
0 415 74 
Vertex 75 distance 14
0 552 516 75 
Vertex 76 distance 11
0 415 351 76 
Vertex 77 distance 10
0 415 351 27 625 77 
Vertex 78 distance 13
0 415 480 485 431 78 
Vertex 79 distance 18
0 552 386 442 151 79 
Vertex 80 distance 17
0 415 607 243 184 188 80 
Vertex 81 distance 11
0 415 351 27 625 77 81 
Vertex 82 distance 19
0 415 607 379 82 
Vertex 83 distance 14
0 415 351 559 120 388 454 83 
Vertex 84 distance 18
0 415 607 243 517 271 84 
Vertex 85 distance 13
0 614 230 85 
Vertex 86 distance 15
0 415 480 253 524 369 564 86 
Vertex 87 distance 19
0 415 480 194 496 634 113 87 
Vertex 88 distance 14
0 415 351 27 625 77 81 88 
Vertex 89 distance 20
0 415 480 253 524 620 89 
Vertex 90 distance 6
0 552 533 90 
Vertex 91 distance 20
0 415 607 243 91 
Vertex 92 distance 15
0 552 516 474 92 
Vertex 93 distance 18
0 415 480 253 524 369 564 93 
Vertex 94 distance 13
0 415 74 19 226 94 
Vertex 95 distance 11
0 552 533 565 95 
Vertex 96 distance 22
0 614 313 587 132 476 584 511 223 96 
Vertex 97 distance 16
0 415 351 27 625 53 596 110 504 121 97 
Vertex 98 distance 9
0 415 480 180 98 
Vertex 99 distance 18
0 415 351 27 551 167 602 268 246 99 
Vertex 100 distance 15
0 415 351 27 551 167 549 100 
Vertex 101 distance 16
0 415 351 27 625 425 101 
Vertex 102 distance 12
0 415 351 27 102 
Vertex 103 distance 9
0 415 480 103 
Vertex 104 distance 13
0 415 351 27 625 104 
Vertex 105 distance 15
0 552 533 565 105 
Vertex 106 distance 16
0 415 351 27 551 201 106 
Vertex 107 distance 17
0 415 480 194 496 107 
Vertex 108 distance 18
0 415 480 276 108 
Vertex 109 distance 12
0 415 351 27 551 167 109 
Vertex 110 distance 8
0 415 351 27 625 53 596 110 
Vertex 111 distance 19
0 415 74 19 161 197 111 
Vertex 112 distance 18
0 415 480 194 408 427 531 112 
Vertex 113 distance 15
0 415 480 194 496 634 113 
Vertex 114 distance 21
0 552 533 90 509 322 185 231 558 114 
Vertex 115 distance 7
0 415 74 115 
Vertex 116 distance 17
0 415 351 27 551 167 602 268 116 
Vertex 117 distance 16
0 552 386 442 468 401 513 117 
Vertex 118 distance 13
0 415 74 118 
Vertex 119 distance 9
0 415 480 180 611 119 
Vertex 120 distance 7
0 415 351 559 120 
Vertex 121 distance 13
0 415 351 27 625 53 596 110 504 121 
Vertex 122 distance 16
0 552 533 148 73 122 
Vertex 123 distance 10
0 552 533 90 509 322 123 
Vertex 124 distance 20
0 415 607 243 184 575 124 
Vertex 125 distance 19
0 552 533 90 59 421 562 125 
Vertex 126 distance 16
0 415 74 19 232 126 
Vertex 127 distance 14
0 552 386 593 127 
Vertex 128 distance 19
0 415 480 194 254 128 
Vertex 129 distance 16
0 415 351 27 625 53 469 237 129 
Vertex 130 distance 17
0 415 480 180 611 344 130 
Vertex 131 distance 15
0 415 351 27 551 167 158 131 
Vertex 132 distance 8
0 614 313 587 132 
Vertex 133 distance 18
0 415 305 416 9 556 133 
Vertex 134 distance 15
0 415 351 27 551 167 430 134 
Vertex 135 distance 12
0 415 351 27 551 518 135 
Vertex 136 distance 20
0 415 351 27 625 278 136 
Vertex 137 distance 19
0 415 351 559 245 137 
Vertex 138 distance 11
0 415 351 27 138 
Vertex 139 distance 14
0 552 533 90 509 229 139 
Vertex 140 distance 13
0 415 351 27 551 167 602 459 140 
Vertex 141 distance 15
0 552 533 90 509 322 185 141 
Vertex 142 distance 13
0 415 74 439 142 
Vertex 143 distance 16
0 415 607 143 
Vertex 144 distance 12
0 552 386 593 144 
Vertex 145 distance 12
0 415 351 27 551 167 543 145 
Vertex 146 distance 14
0 415 351 559 120 391 373 146 
Vertex 147 distance 14
0 415 480 194 408 147 
Vertex 148 distance 11
0 552 533 148 
Vertex 149 distance 11
0 614 313 587 570 149 
Vertex 150 distance 10
0 552 533 565 150 
Vertex 151 distance 11
0 552 386 442 151 
Vertex 152 distance 15
0 552 300 280 152 
Vertex 153 distance 19
0 415 480 253 524 369 564 475 153 
Vertex 154 distance 20
0 415 351 27 551 518 135 154 
Vertex 155 distance 22
0 415 480 194 496 107 155 
Vertex 156 distance 16
0 415 480 485 248 156 
Vertex 157 distance 16
0 415 351 27 256 177 157 
Vertex 158 distance 9
0 415 351 27 551 167 158 
Vertex 159 distance 12
0 415 351 27 625 52 428 159 
Vertex 160 distance 16
0 552 300 280 152 160 
Vertex 161 distance 10
0 415 74 19 161 
Vertex 162 distance 14
0 415 74 19 161 333 162 
Vertex 163 distance 15
0 415 351 27 625 405 163 
Vertex 164 distance 23
0 415 480 180 98 290 164 
Vertex 165 distance 18
0 415 74 19 161 333 162 165 
Vertex 166 distance 11
0 415 351 27 625 53 596 110 166 
Vertex 167 distance 6
0 415 351 27 551 167 
Vertex 168 distance 16
0 415 351 27 551 498 168 
Vertex 169 distance 16
0 415 480 180 611 455 169 
Vertex 170 distance 11
0 552 533 90 509 322 170 
Vertex 171 distance 16
0 614 313 171 
Vertex 172 distance 18
0 415 480 194 496 107 172 
Vertex 173 distance 20
0 415 351 27 551 167 543 24 173 
Vertex 174 distance 16
0 415 74 118 174 
Vertex 175 distance 20
0 415 351 27 551 167 602 459 502 175 
Vertex 176 distance 14
0 415 351 27 551 167 543 145 176 
Vertex 177 distance 11
0 415 351 27 256 177 
Vertex 178 distance 22
0 415 607 243 364 526 288 178 
Vertex 179 distance 29
0 415 74 608 479 179 
Vertex 180 distance 6
0 415 480 180 
Vertex 181 distance 16
0 415 351 27 551 498 571 181 
Vertex 182 distance 18
0 415 351 27 551 167 430 134 182 
Vertex 183 distance 17
0 552 533 90 509 321 311 183 
Vertex 184 distance 13
0 415 607 243 184 
Vertex 185 distance 10
0 552 533 90 509 322 185 
Vertex 186 distance 13
0 415 397 186 
Vertex 187 distance 15
0 552 533 90 59 191 187 
Vertex 188 distance 16
0 415 607 243 184 188 
Vertex 189 distance 12
0 415 351 27 37 189 
Vertex 190 distance 13
0 415 397 190 
Vertex 191 distance 14
0 552 533 90 59 191 
Vertex 192 distance 18
0 552 533 90 509 322 185 414 192 
Vertex 193 distance 19
0 415 351 27 256 177 378 538 193 
Vertex 194 distance 9
0 415 480 194 
Vertex 195 distance 13
0 552 533 90 509 58 195 
Vertex 196 distance 19
0 415 351 27 551 518 135 196 
Vertex 197 distance 13
0 415 74 19 161 197 
Vertex 198 distance 16
0 552 516 474 198 
Vertex 199 distance 18
0 415 351 27 551 518 199 
Vertex 200 distance 13
0 415 351 559 306 510 200 
Vertex 201 distance 11
0 415 351 27 551 201 
Vertex 202 distance 17
0 415 351 27 256 177 378 202 
Vertex 203 distance 18
0 415 351 559 120 391 210 203 
Vertex 204 distance 17
0 552 533 90 509 58 195 204 
Vertex 205 distance 15
0 415 480 180 98 290 34 205 
Vertex 206 distance 15
0 415 351 27 625 53 469 237 206 
Vertex 207 distance 16
0 552 533 90 509 322 185 528 603 207 
Vertex 208 distance 18
0 415 351 27 331 236 265 208 
Vertex 209 distance 12
0 552 533 565 150 209 
Vertex 210 distance 16
0 415 351 559 120 391 210 
Vertex 211 distance 13
0 415 74 115 619 211 
Vertex 212 distance 10
0 415 74 19 212 
Vertex 213 distance 21
0 415 351 27 551 498 571 181 213 
Vertex 214 distance 20
0 415 351 27 256 177 378 538 214 
Vertex 215 distance 19
0 614 8 215 
Vertex 216 distance 17
0 552 533 565 105 216 
Vertex 217 distance 17
0 415 351 559 306 484 14 217 
Vertex 218 distance 17
0 415 351 27 625 53 596 110 504 337 444 218 
Vertex 219 distance 19
0 415 351 27 625 53 469 237 219 
Vertex 220 distance 9
0 415 351 27 625 405 220 
Vertex 221 distance 18
0 415 480 253 524 620 221 
Vertex 222 distance 16
0 415 351 559 120 391 373 146 222 
Vertex 223 distance 18
0 614 313 587 132 476 584 511 223 
Vertex 224 distance 13
0 415 351 27 625 52 428 224 
Vertex 225 distance 17
0 415 480 103 225 
Vertex 226 distance 12
0 415 74 19 226 
Vertex 227 distance 12
0 415 351 27 331 561 227 
Vertex 228 distance 17
0 552 533 90 509 322 185 228 
Vertex 229 distance 11
0 552 533 90 509 229 
Vertex 230 distance 12
0 614 230 
Vertex 231 distance 11
0 552 533 90 509 322 185 231 
Vertex 232 distance 13
0 415 74 19 232 
Vertex 233 distance 16
0 614 230 233 
Vertex 234 distance 17
0 552 533 148 73 122 234 
Vertex 235 distance 16
0 552 533 565 235 
Vertex 236 distance 15
0 415 351 27 331 236 
Vertex 237 distance 11
0 415 351 27 625 53 469 237 
Vertex 238 distance 16
0 415 351 27 625 52 428 159 238 
Vertex 239 distance 17
0 415 351 27 551 167 158 239 
Vertex 240 distance 15
0 415 351 27 240 
Vertex 241 distance 16
0 552 533 565 150 241 
Vertex 242 distance 28
0 415 74 439 410 242 
Vertex 243 distance 9
0 415 607 243 
Vertex 244 distance 16
0 415 397 244 
Vertex 245 distance 12
0 415 351 559 245 
Vertex 246 distance 15
0 415 351 27 551 167 602 268 246 
Vertex 247 distance 15
0 415 351 27 331 247 
Vertex 248 distance 12
0 415 480 485 248 
Vertex 249 distance 14
0 552 533 90 59 421 249 
Vertex 250 distance 18
0 415 74 19 226 94 250 
Vertex 251 distance 26
0 415 351 27 625 53 596 110 166 464 251 
Vertex 252 distance 21
0 415 480 180 377 252 
Vertex 253 distance 6
0 415 480 253 
Vertex 254 distance 12
0 415 480 194 254 
Vertex 255 distance 16
0 552 533 565 150 209 255 
Vertex 256 distance 10
0 415 351 27 256 
Vertex 257 distance 17
0 552 516 474 486 257 
Vertex 258 distance 22
0 552 386 442 468 258 
Vertex 259 distance 21
0 415 351 27 37 581 259 
Vertex 260 distance 17
0 415 351 27 551 167 543 145 497 1 62 260 
Vertex 261 distance 18
0 415 351 27 551 167 158 131 261 
Vertex 262 distance 18
0 415 351 27 331 561 262 
Vertex 263 distance 19
0 415 351 559 120 388 454 83 324 263 
Vertex 264 distance 16
0 264 
Vertex 265 distance 17
0 415 351 27 331 236 265 
Vertex 266 distance 16
0 415 351 266 
Vertex 267 distance 17
0 415 351 27 551 167 602 268 267 
Vertex 268 distance 8
0 415 351 27 551 167 602 268 
Vertex 269 distance 18
0 552 386 442 468 269 
Vertex 270 distance 16
0 415 480 253 524 270 
Vertex 271 distance 13
0 415 607 243 517 271 
Vertex 272 distance 13
0 552 533 90 509 322 123 272 
Vertex 273 distance 14
0 415 607 273 
Vertex 274 distance 16
0 552 533 90 274 
Vertex 275 distance 18
0 415 275 
Vertex 276 distance 13
0 415 480 276 
Vertex 277 distance 14
0 415 351 27 551 498 277 
Vertex 278 distance 17
0 415 351 27 625 278 
Vertex 279 distance 14
0 415 480 276 279 
Vertex 280 distance 14
0 552 300 280 
Vertex 281 distance 18
0 415 480 194 408 293 281 
Vertex 282 distance 10
0 415 282 
Vertex 283 distance 11
0 415 351 27 283 
Vertex 284 distance 13
0 415 74 19 161 284 
Vertex 285 distance 18
0 552 533 565 105 285 
Vertex 286 distance 17
0 415 351 27 551 167 543 145 497 1 62 286 
Vertex 287 distance 18
0 415 351 27 331 561 227 287 
Vertex 288 distance 17
0 415 607 243 364 526 288 
Vertex 289 distance 17
0 415 74 115 22 298 437 289 
Vertex 290 distance 10
0 415 480 180 98 290 
Vertex 291 distance 16
0 552 533 90 509 322 185 390 291 
Vertex 292 distance 16
0 552 533 13 292 
Vertex 293 distance 13
0 415 480 194 408 293 
Vertex 294 distance 17
0 415 351 27 551 167 430 134 294 
Vertex 295 distance 23
0 415 480 485 431 295 
Vertex 296 distance 18
0 614 313 587 570 149 456 613 296 
Vertex 297 distance 23
0 415 351 27 256 297 
Vertex 298 distance 11
0 415 74 115 22 298 
Vertex 299 distance 24
0 415 351 27 331 561 262 299 
Vertex 300 distance 11
0 552 300 
Vertex 301 distance 13
0 301 
Vertex 302 distance 22
0 415 607 243 184 302 
Vertex 303 distance 21
0 415 607 273 303 
Vertex 304 distance 17
0 614 313 587 570 304 
Vertex 305 distance 5
0 415 305 
Vertex 306 distance 6
0 415 351 559 306 
Vertex 307 distance 14
0 415 351 27 625 52 428 224 307 
Vertex 308 distance 22
0 415 397 186 308 
Vertex 309 distance 16
0 415 480 253 524 369 564 86 309 
Vertex 310 distance 14
0 552 533 90 509 322 185 390 310 
Vertex 311 distance 16
0 552 533 90 509 321 311 
Vertex 312 distance 24
0 415 480 194 493 423 312 
Vertex 313 distance 6
0 614 313 
Vertex 314 distance 18
0 415 351 27 625 52 314 
Vertex 315 distance 12
0 552 386 593 315 
Vertex 316 distance 15
0 415 351 27 256 177 316 
Vertex 317 distance 17
0 415 480 253 524 369 564 86 317 
Vertex 318 distance 16
0 415 480 180 98 318 
Vertex 319 distance 8
0 415 351 27 625 53 469 319 
Vertex 320 distance 14
0 415 74 19 161 284 320 
Vertex 321 distance 15
0 552 533 90 509 321 
Vertex 322 distance 9
0 552 533 90 509 322 
Vertex 323 distance 17
0 415 480 180 98 318 323 
Vertex 324 distance 15
0 415 351 559 120 388 454 83 324 
Vertex 325 distance 16
0 415 480 485 470 325 
Vertex 326 distance 15
0 552 533 90 509 322 185 326 
Vertex 327 distance 13
0 552 533 90 509 327 
Vertex 328 distance 14
0 415 351 559 120 391 328 
Vertex 329 distance 14
0 415 74 608 385 329 
Vertex 330 distance 16
0 415 351 27 240 330 
Vertex 331 distance 10
0 415 351 27 331 
Vertex 332 distance 17
0 415 351 27 551 167 438 72 332 
Vertex 333 distance 11
0 415 74 19 161 333 
Vertex 334 distance 16
0 552 533 90 509 322 185 231 334 
Vertex 335 distance 13
0 415 351 27 625 405 220 335 
Vertex 336 distance 23
0 552 386 442 468 372 336 
Vertex 337 distance 12
0 415 351 27 625 53 596 110 504 337 
Vertex 338 distance 16
0 614 230 85 338 
Vertex 339 distance 9
0 339 
Vertex 340 distance 18
0 415 74 115 22 443 340 
Vertex 341 distance 22
0 415 351 27 551 341 
Vertex 342 distance 19
0 415 351 27 625 53 469 237 129 342 
Vertex 343 distance 19
0 415 397 244 343 
Vertex 344 distance 15
0 415 480 180 611 344 
Vertex 345 distance 21
0 415 351 27 331 561 345 
Vertex 346 distance 15
0 552 533 90 509 58 346 
Vertex 347 distance 13
0 415 74 115 619 347 
Vertex 348 distance 17
0 415 74 19 232 348 
Vertex 349 distance 20
0 415 74 608 349 
Vertex 350 distance 14
0 415 74 19 212 638 350 
Vertex 351 distance 2
0 415 351 
Vertex 352 distance 13
0 415 351 27 625 53 596 110 352 
Vertex 353 distance 20
0 415 351 27 551 201 106 353 
Vertex 354 distance 20
0 614 313 587 132 23 354 
Vertex 355 distance 12
0 415 480 485 355 
Vertex 356 distance 15
0 552 533 90 509 322 123 272 356 
Vertex 357 distance 17
0 552 300 399 357 
Vertex 358 distance 12
0 415 480 253 358 
Vertex 359 distance 13
0 415 351 27 551 167 602 268 50 359 
Vertex 360 distance 21
0 415 351 27 331 561 227 360 
Vertex 361 distance 22
0 415 480 194 496 107 172 361 
Vertex 362 distance 26
0 415 480 194 408 293 281 362 
Vertex 363 distance 14
0 415 74 19 161 5 363 
Vertex 364 distance 11
0 415 607 243 364 
Vertex 365 distance 18
0 415 351 27 551 167 602 268 246 365 
Vertex 366 distance 16
0 614 488 366 
Vertex 367 distance 21
0 415 351 559 120 388 454 83 367 
Vertex 368 distance 17
0 415 351 27 625 53 596 110 352 368 
Vertex 369 distance 9
0 415 480 253 524 369 
Vertex 370 distance 17
0 415 351 27 625 77 81 46 370 
Vertex 371 distance 17
0 415 351 559 306 484 478 618 371 
Vertex 372 distance 15
0 552 386 442 468 372 
Vertex 373 distance 13
0 415 351 559 120 391 373 
Vertex 374 distance 18
0 415 351 27 625 53 596 110 504 121 374 
Vertex 375 distance 18
0 614 313 587 570 149 456 434 375 
Vertex 376 distance 16
0 415 74 19 226 576 376 
Vertex 377 distance 15
0 415 480 180 377 
Vertex 378 distance 13
0 415 351 27 256 177 378 
Vertex 379 distance 15
0 415 607 379 
Vertex 380 distance 18
0 415 351 27 625 405 220 380 
Vertex 381 distance 19
0 614 313 587 132 476 584 632 381 
Vertex 382 distance 19
0 415 74 19 161 333 162 165 382 
Vertex 383 distance 18
0 415 480 194 408 427 383 
Vertex 384 distance 16
0 415 351 27 551 167 602 268 384 
Vertex 385 distance 10
0 415 74 608 385 
Vertex 386 distance 7
0 552 386 
Vertex 387 distance 18
0 415 480 485 387 
Vertex 388 distance 9
0 415 351 559 120 388 
Vertex 389 distance 21
0 415 607 243 184 389 
Vertex 390 distance 13
0 552 533 90 509 322 185 390 
Vertex 391 distance 11
0 415 351 559 120 391 
Vertex 392 distance 18
0 415 480 180 611 392 
Vertex 393 distance 20
0 552 386 593 144 578 393 
Vertex 394 distance 19
0 415 351 27 551 167 602 268 394 
Vertex 395 distance 16
0 415 74 19 395 
Vertex 396 distance 9
0 415 351 27 625 405 396 
Vertex 397 distance 6
0 415 397 
Vertex 398 distance 18
0 415 351 27 256 177 316 398 
Vertex 399 distance 14
0 552 300 399 
Vertex 400 distance 16
0 415 74 115 400 
Vertex 401 distance 11
0 552 386 442 468 401 
Vertex 402 distance 15
0 415 480 194 254 402 
Vertex 403 distance 21
0 415 351 27 37 451 403 
Vertex 404 distance 16
0 415 351 27 331 404 
Vertex 405 distance 8
0 415 351 27 625 405 
Vertex 406 distance 17
0 339 406 
Vertex 407 distance 19
0 415 351 27 551 167 602 459 140 626 407 
Vertex 408 distance 10
0 415 480 194 408 
Vertex 409 distance 21
0 415 607 243 184 188 80 409 
Vertex 410 distance 15
0 415 74 439 410 
Vertex 411 distance 17
0 415 480 194 254 413 411 
Vertex 412 distance 13
0 415 351 27 551 498 412 
Vertex 413 distance 14
0 415 480 194 254 413 
Vertex 414 distance 12
0 552 533 90 509 322 185 414 
Vertex 415 distance 1
0 415 
Vertex 416 distance 8
0 415 305 416 
Vertex 417 distance 21
0 552 533 90 509 321 311 417 
Vertex 418 distance 12
0 415 351 27 625 405 396 418 
Vertex 419 distance 21
0 614 313 587 41 419 
Vertex 420 distance 20
0 415 351 27 256 177 378 538 420 
Vertex 421 distance 12
0 552 533 90 59 421 
Vertex 422 distance 19
0 415 351 559 120 391 422 
Vertex 423 distance 14
0 415 480 194 493 423 
Vertex 424 distance 22
0 552 516 424 
Vertex 425 distance 12
0 415 351 27 625 425 
Vertex 426 distance 18
0 415 607 243 517 271 567 426 
Vertex 427 distance 15
0 415 480 194 408 427 
Vertex 428 distance 11
0 415 351 27 625 52 428 
Vertex 429 distance 16
0 415 351 27 551 167 602 268 50 429 
Vertex 430 distance 11
0 415 351 27 551 167 430 
Vertex 431 distance 12
0 415 480 485 431 
Vertex 432 distance 14
0 415 351 27 551 167 430 432 
Vertex 433 distance 19
0 415 351 27 551 518 199 433 
Vertex 434 distance 17
0 614 313 587 570 149 456 434 
Vertex 435 distance 18
0 415 351 435 
Vertex 436 distance 17
0 415 351 27 331 561 227 441 436 
Vertex 437 distance 12
0 415 74 115 22 298 437 
Vertex 438 distance 12
0 415 351 27 551 167 438 
Vertex 439 distance 10
0 415 74 439 
Vertex 440 distance 19
0 552 533 90 59 191 187 440 
Vertex 441 distance 14
0 415 351 27 331 561 227 441 
Vertex 442 distance 8
0 552 386 442 
Vertex 443 distance 15
0 415 74 115 22 443 
Vertex 444 distance 15
0 415 351 27 625 53 596 110 504 337 444 
Vertex 445 distance 14
0 415 351 27 551 167 549 445 
Vertex 446 distance 15
0 415 480 485 431 78 446 
Vertex 447 distance 21
0 415 351 27 625 53 596 110 504 121 97 447 
Vertex 448 distance 15
0 415 351 559 120 388 454 448 
Vertex 449 distance 14
0 552 386 593 144 449 
Vertex 450 distance 15
0 552 533 565 450 
Vertex 451 distance 16
0 415 351 27 37 451 
Vertex 452 distance 18
0 614 313 587 132 452 
Vertex 453 distance 13
0 415 480 253 453 
Vertex 454 distance 13
0 415 351 559 120 388 454 
Vertex 455 distance 15
0 415 480 180 611 455 
Vertex 456 distance 13
0 614 313 587 570 149 456 
Vertex 457 distance 16
0 415 351 559 120 388 454 448 457 
Vertex 458 distance 18
0 614 313 171 458 
Vertex 459 distance 9
0 415 351 27 551 167 602 459 
Vertex 460 distance 13
0 415 351 559 120 388 460 
Vertex 461 distance 14
0 614 313 587 461 
Vertex 462 distance 17
0 415 351 27 138 462 
Vertex 463 distance 12
0 552 533 90 509 322 170 463 
Vertex 464 distance 15
0 415 351 27 625 53 596 110 166 464 
Vertex 465 distance 16
0 552 533 565 95 465 
Vertex 466 distance 17
0 614 313 587 570 149 466 
Vertex 467 distance 15
0 415 305 416 9 586 467 
Vertex 468 distance 10
0 552 386 442 468 
Vertex 469 distance 7
0 415 351 27 625 53 469 
Vertex 470 distance 11
0 415 480 485 470 
Vertex 471 distance 22
0 415 607 273 54 471 
Vertex 472 distance 20
0 415 351 27 551 472 
Vertex 473 distance 20
0 415 74 115 619 347 473 
Vertex 474 distance 12
0 552 516 474 
Vertex 475 distance 16
0 415 480 253 524 369 564 475 
Vertex 476 distance 12
0 614 313 587 132 476 
Vertex 477 distance 17
0 415 351 27 551 167 543 477 
Vertex 478 distance 8
0 415 351 559 306 484 478 
Vertex 479 distance 17
0 415 74 608 479 
Vertex 480 distance 4
0 415 480 
Vertex 481 distance 16
0 415 74 608 385 481 
Vertex 482 distance 21
0 415 480 276 630 482 
Vertex 483 distance 16
0 415 351 27 625 405 6 483 
Vertex 484 distance 7
0 415 351 559 306 484 
Vertex 485 distance 8
0 415 480 485 
Vertex 486 distance 14
0 552 516 474 486 
Vertex 487 distance 15
0 415 480 180 98 290 34 487 
Vertex 488 distance 13
0 614 488 
Vertex 489 distance 19
0 415 305 489 
Vertex 490 distance 13
0 552 300 490 
Vertex 491 distance 15
0 552 300 490 491 
Vertex 492 distance 14
0 415 351 27 551 492 
Vertex 493 distance 12
0 415 480 194 493 
Vertex 494 distance 16
0 552 386 593 127 494 
Vertex 495 distance 21
0 552 300 399 495 
Vertex 496 distance 12
0 415 480 194 496 
Vertex 497 distance 13
0 415 351 27 551 167 543 145 497 
Vertex 498 distance 11
0 415 351 27 551 498 
Vertex 499 distance 19
0 415 351 27 551 167 602 499 
Vertex 500 distance 12
0 415 351 27 625 53 596 110 500 
Vertex 501 distance 10
0 415 305 501 
Vertex 502 distance 14
0 415 351 27 551 167 602 459 502 
Vertex 503 distance 22
0 415 74 19 161 197 503 
Vertex 504 distance 11
0 415 351 27 625 53 596 110 504 
Vertex 505 distance 23
0 415 351 27 625 53 596 110 504 121 505 
Vertex 506 distance 12
0 415 607 243 517 506 
Vertex 507 distance 18
0 415 351 27 551 167 543 145 497 1 507 
Vertex 508 distance 14
0 552 533 90 509 322 170 463 508 
Vertex 509 distance 7
0 552 533 90 509 
Vertex 510 distance 11
0 415 351 559 306 510 
Vertex 511 distance 17
0 614 313 587 132 476 584 511 
Vertex 512 distance 18
0 415 480 276 512 
Vertex 513 distance 13
0 552 386 442 468 401 513 
Vertex 514 distance 18
0 552 533 90 509 322 185 231 334 514 
Vertex 515 distance 16
0 415 351 27 551 167 543 145 176 515 
Vertex 516 distance 10
0 552 516 
Vertex 517 distance 10
0 415 607 243 517 
Vertex 518 distance 10
0 415 351 27 551 518 
Vertex 519 distance 13
0 415 607 519 
Vertex 520 distance 15
0 614 313 587 570 149 520 
Vertex 521 distance 19
0 415 351 27 551 167 158 131 261 521 
Vertex 522 distance 15
0 614 488 522 
Vertex 523 distance 16
0 415 480 180 611 455 523 
Vertex 524 distance 8
0 415 480 253 524 
Vertex 525 distance 17
0 415 480 253 358 525 
Vertex 526 distance 15
0 415 607 243 364 526 
Vertex 527 distance 22
0 415 480 180 98 290 34 487 527 
Vertex 528 distance 12
0 552 533 90 509 322 185 528 
Vertex 529 distance 14
0 415 351 76 529 
Vertex 530 distance 19
0 552 516 474 486 257 530 
Vertex 531 distance 17
0 415 480 194 408 427 531 
Vertex 532 distance 15
0 415 351 27 625 53 469 532 
Vertex 533 distance 5
0 552 533 
Vertex 534 distance 14
0 415 480 253 524 534 
Vertex 535 distance 22
0 552 533 90 509 322 185 231 535 
Vertex 536 distance 20
0 415 351 27 331 247 536 
Vertex 537 distance 19
0 552 533 90 509 322 123 537 
Vertex 538 distance 17
0 415 351 27 256 177 378 538 
Vertex 539 distance 16
0 415 351 27 138 539 
Vertex 540 distance 16
0 614 313 587 25 540 
Vertex 541 distance 17
0 415 351 76 541 
Vertex 542 distance 18
0 415 607 243 517 271 567 542 
Vertex 543 distance 11
0 415 351 27 551 167 543 
Vertex 544 distance 14
0 415 480 194 408 544 
Vertex 545 distance 18
0 415 351 27 331 561 545 
Vertex 546 distance 14
0 415 351 27 625 405 220 335 546 
Vertex 547 distance 14
0 415 397 547 
Vertex 548 distance 20
0 614 488 366 548 
Vertex 549 distance 8
0 415 351 27 551 167 549 
Vertex 550 distance 16
0 415 351 27 551 167 602 268 550 
Vertex 551 distance 5
0 415 351 27 551 
Vertex 552 distance 4
0 552 
Vertex 553 distance 16
0 415 351 559 120 391 553 
Vertex 554 distance 18
0 415 480 485 470 325 554 
Vertex 555 distance 21
0 415 282 555 
Vertex 556 distance 14
0 415 305 416 9 556 
Vertex 557 distance 18
0 415 305 572 557 
Vertex 558 distance 13
0 552 533 90 509 322 185 231 558 
Vertex 559 distance 4
0 415 351 559 
Vertex 560 distance 15
0 415 397 560 
Vertex 561 distance 11
0 415 351 27 331 561 
Vertex 562 distance 14
0 552 533 90 59 421 562 
Vertex 563 distance 19
0 415 351 27 625 53 596 110 500 563 
Vertex 564 distance 14
0 415 480 253 524 369 564 
Vertex 565 distance 8
0 552 533 565 
Vertex 566 distance 14
0 552 533 90 59 421 566 
Vertex 567 distance 16
0 415 607 243 517 271 567 
Vertex 568 distance 18
0 415 607 568 
Vertex 569 distance 14
0 415 351 559 306 510 200 569 
Vertex 570 distance 9
0 614 313 587 570 
Vertex 571 distance 15
0 415 351 27 551 498 571 
Vertex 572 distance 13
0 415 305 572 
Vertex 573 distance 17
0 415 351 27 551 498 277 573 
Vertex 574 distance 16
0 415 74 19 574 
Vertex 575 distance 18
0 415 607 243 184 575 
Vertex 576 distance 14
0 415 74 19 226 576 
Vertex 577 distance 18
0 552 533 577 
Vertex 578 distance 18
0 552 386 593 144 578 
Vertex 579 distance 14
0 415 607 243 517 506 579 
Vertex 580 distance 9
0 415 351 27 625 53 469 319 580 
Vertex 581 distance 9
0 415 351 27 37 581 
Vertex 582 distance 15
0 415 351 27 331 561 227 582 
Vertex 583 distance 16
0 415 351 27 625 52 428 583 
Vertex 584 distance 14
0 614 313 587 132 476 584 
Vertex 585 distance 9
0 415 305 416 585 
Vertex 586 distance 13
0 415 305 416 9 586 
Vertex 587 distance 7
0 614 313 587 
Vertex 588 distance 16
0 415 480 253 453 588 
Vertex 589 distance 19
0 415 480 194 408 427 531 112 589 
Vertex 590 distance 19
0 415 480 194 496 590 
Vertex 591 distance 17
0 415 351 27 551 167 602 591 
Vertex 592 distance 15
0 339 592 
Vertex 593 distance 11
0 552 386 593 
Vertex 594 distance 16
0 415 74 19 161 5 363 594 
Vertex 595 distance 19
0 415 397 244 595 
Vertex 596 distance 7
0 415 351 27 625 53 596 
Vertex 597 distance 16
0 415 607 597 
Vertex 598 distance 18
0 415 480 194 254 413 598 
Vertex 599 distance 16
0 415 74 439 410 599 
Vertex 600 distance 14
0 415 351 76 600 
Vertex 601 distance 19
0 415 351 559 306 601 
Vertex 602 distance 7
0 415 351 27 551 167 602 
Vertex 603 distance 13
0 552 533 90 509 322 185 528 603 
Vertex 604 distance 15
0 415 74 439 142 604 
Vertex 605 distance 17
0 415 351 559 120 391 328 605 
Vertex 606 distance 13
0 415 351 559 306 484 606 
Vertex 607 distance 5
0 415 607 
Vertex 608 distance 8
0 415 74 608 
Vertex 609 distance 17
0 415 305 416 609 
Vertex 610 distance 18
0 415 351 27 551 167 602 268 246 610 
Vertex 611 distance 7
0 415 480 180 611 
Vertex 612 distance 15
0 415 351 559 120 612 
Vertex 613 distance 16
0 614 313 587 570 149 456 613 
Vertex 614 distance 4
0 614 
Vertex 615 distance 21
0 415 351 27 625 405 6 615 
Vertex 616 distance 17
0 415 480 194 496 634 113 616 
Vertex 617 distance 19
0 614 313 587 461 617 
Vertex 618 distance 15
0 415 351 559 306 484 478 618 
Vertex 619 distance 10
0 415 74 115 619 
Vertex 620 distance 11
0 415 480 253 524 620 
Vertex 621 distance 15
0 614 313 587 132 621 
Vertex 622 distance 18
0 614 313 587 622 
Vertex 623 distance 15
0 415 480 180 611 623 
Vertex 624 distance 14
0 415 351 27 551 167 543 145 624 
Vertex 625 distance 4
0 415 351 27 625 
Vertex 626 distance 16
0 415 351 27 551 167 602 459 140 626 
Vertex 627 distance 14
0 415 607 243 517 271 627 
Vertex 628 distance 15
0 614 628 
Vertex 629 distance 20
0 415 351 559 306 484 14 629 
Vertex 630 distance 19
0 415 480 276 630 
Vertex 631 distance 15
0 415 74 19 631 
Vertex 632 distance 15
0 614 313 587 132 476 584 632 
Vertex 633 distance 17
0 415 351 27 625 425 101 633 
Vertex 634 distance 14
0 415 480 194 496 634 
Vertex 635 distance 16
0 415 74 118 635 
Vertex 636 distance 18
0 415 351 27 551 167 3 636 
Vertex 637 distance 18
0 552 533 90 59 191 637 
Vertex 638 distance 12
0 415 74 19 212 638 
Vertex 639 distance 16
0 415 351 27 551 201 639 
