Vertex 0 distance 0
0 0 
Vertex 1 distance 20
0 487 419 531 615 238 303 1 
Vertex 2 distance 24
0 487 43 342 162 497 127 221 365 2 
Vertex 3 distance 22
0 487 43 342 3 
Vertex 4 distance 16
0 487 43 342 162 600 467 4 
Vertex 5 distance 21
0 12 5 
Vertex 6 distance 20
0 487 43 342 30 6 
Vertex 7 distance 24
0 487 43 342 162 497 453 398 261 7 
Vertex 8 distance 24
0 487 296 128 49 109 8 
Vertex 9 distance 17
0 487 43 342 162 600 9 
Vertex 10 distance 22
0 487 419 60 639 501 10 
Vertex 11 distance 23
0 487 43 463 11 
Vertex 12 distance 11
0 12 
Vertex 13 distance 26
0 487 122 62 177 13 
Vertex 14 distance 24
0 487 43 342 162 437 528 114 361 321 14 
Vertex 15 distance 22
0 487 43 463 104 15 
Vertex 16 distance 22
0 487 419 113 564 16 
Vertex 17 distance 20
0 487 296 466 338 17 
Vertex 18 distance 24
0 487 419 60 639 501 18 
Vertex 19 distance 23
0 487 43 342 162 437 19 
Vertex 20 distance 24
0 487 43 342 162 497 127 193 20 
Vertex 21 distance 25
0 487 296 57 204 380 258 21 
Vertex 22 distance 26
0 487 419 249 22 
Vertex 23 distance 22
0 487 296 57 433 75 578 23 
Vertex 24 distance 25
0 487 122 62 635 24 
Vertex 25 distance 21
0 487 122 62 575 25 
Vertex 26 distance 27
0 222 318 26 
Vertex 27 distance 20
0 487 43 342 429 354 33 27 
Vertex 28 distance 21
0 487 515 266 253 28 
Vertex 29 distance 22
0 487 419 531 369 73 231 29 
Vertex 30 distance 16
0 487 43 342 30 
Vertex 31 distance 25
0 487 43 342 162 600 467 603 351 129 31 
Vertex 32 distance 24
0 487 296 328 32 
Vertex 33 distance 15
0 487 43 342 429 354 33 
Vertex 34 distance 23
0 487 122 62 575 254 34 
Vertex 35 distance 19
0 487 419 531 96 35 
Vertex 36 distance 26
0 487 43 342 162 437 528 114 361 154 36 
Vertex 37 distance 21
0 487 43 342 162 497 127 166 37 
Vertex 38 distance 20
0 487 43 342 162 437 549 269 38 
Vertex 39 distance 16
0 487 43 342 162 497 53 39 
Vertex 40 distance 21
0 487 419 113 40 
Vertex 41 distance 21
0 487 296 57 204 612 41 
Vertex 42 distance 22
0 487 296 128 49 109 42 
Vertex 43 distance 8
0 487 43 
Vertex 44 distance 24
0 487 419 531 615 238 44 
Vertex 45 distance 22
0 487 296 57 204 512 176 209 45 
Vertex 46 distance 21
0 12 167 46 
Vertex 47 distance 25
0 487 43 342 30 103 47 
Vertex 48 distance 22
0 487 43 342 162 497 127 166 602 48 
Vertex 49 distance 18
0 487 296 128 49 
Vertex 50 distance 18
0 487 419 531 256 50 
Vertex 51 distance 16
0 487 419 60 545 51 
Vertex 52 distance 23
0 487 43 342 162 497 127 159 52 
Vertex 53 distance 13
0 487 43 342 162 497 53 
Vertex 54 distance 26
0 487 419 60 619 493 461 54 
Vertex 55 distance 25
0 487 296 466 373 55 
Vertex 56 distance 23
0 487 419 60 639 501 589 56 
Vertex 57 distance 6
0 487 296 57 
Vertex 58 distance 21
0 487 43 188 58 
Vertex 59 distance 23
0 487 43 342 429 354 93 477 59 
Vertex 60 distance 14
0 487 419 60 
Vertex 61 distance 25
0 487 419 436 61 
Vertex 62 distance 13
0 487 122 62 
Vertex 63 distance 21
0 487 296 57 204 380 106 63 
Vertex 64 distance 19
0 487 122 62 575 64 
Vertex 65 distance 20
0 487 296 466 355 65 
Vertex 66 distance 17
0 487 419 531 66 
Vertex 67 distance 23
0 487 43 342 162 600 467 4 116 67 
Vertex 68 distance 23
0 487 43 342 162 600 467 360 68 
Vertex 69 distance 17
0 487 43 342 162 497 453 69 
Vertex 70 distance 21
0 487 43 342 162 497 53 39 70 
Vertex 71 distance 22
0 487 419 60 639 584 416 71 
Vertex 72 distance 18
0 487 43 342 162 600 467 4 72 
Vertex 73 distance 19
0 487 419 531 369 73 
Vertex 74 distance 36
0 487 43 342 162 437 528 114 361 321 14 74 
Vertex 75 distance 13
0 487 296 57 433 75 
Vertex 76 distance 22
0 487 296 306 581 76 
Vertex 77 distance 19
0 487 122 62 372 77 
Vertex 78 distance 22
0 487 296 466 338 425 391 78 
Vertex 79 distance 24
0 487 515 266 253 28 79 
Vertex 80 distance 22
0 487 296 306 581 80 
Vertex 81 distance 19
0 487 296 57 433 580 81 
Vertex 82 distance 26
0 487 419 113 196 627 325 82 
Vertex 83 distance 17
0 487 43 342 429 354 83 
Vertex 84 distance 23
0 487 296 57 204 612 447 84 
Vertex 85 distance 23
0 487 43 342 162 497 453 517 439 85 
Vertex 86 distance 23
0 12 527 359 86 
Vertex 87 distance 24
0 487 419 531 606 87 
Vertex 88 distance 22
0 487 43 342 162 100 156 229 88 
Vertex 89 distance 21
0 487 296 306 581 89 
Vertex 90 distance 18
0 487 43 342 429 354 33 90 
Vertex 91 distance 19
0 487 419 91 
Vertex 92 distance 21
0 487 43 342 162 437 549 269 92 
Vertex 93 distance 13
0 487 43 342 429 354 93 
Vertex 94 distance 23
0 487 419 531 615 238 94 
Vertex 95 distance 21
0 487 296 57 433 363 95 
Vertex 96 distance 18
0 487 419 531 96 
Vertex 97 distance 26
0 487 419 113 564 16 97 
Vertex 98 distance 20
0 487 515 579 98 
Vertex 99 distance 24
0 487 43 342 30 103 102 99 
Vertex 100 distance 15
0 487 43 342 162 100 
Vertex 101 distance 24
0 487 43 342 340 282 552 620 101 
Vertex 102 distance 20
0 487 43 342 30 103 102 
Vertex 103 distance 18
0 487 43 342 30 103 
Vertex 104 distance 20
0 487 43 463 104 
Vertex 105 distance 22
0 487 419 531 369 105 
Vertex 106 distance 20
0 487 296 57 204 380 106 
Vertex 107 distance 19
0 487 296 466 107 
Vertex 108 distance 21
0 487 419 249 108 
Vertex 109 distance 20
0 487 296 128 49 109 
Vertex 110 distance 26
0 487 419 60 639 584 591 420 555 110 
Vertex 111 distance 19
0 487 419 60 639 501 111 
Vertex 112 distance 21
0 222 563 112 
Vertex 113 distance 17
0 487 419 113 
Vertex 114 distance 19
0 487 43 342 162 437 528 114 
Vertex 115 distance 14
0 487 419 531 615 115 
Vertex 116 distance 19
0 487 43 342 162 600 467 4 116 
Vertex 117 distance 29
0 487 43 342 162 497 53 39 379 117 
Vertex 118 distance 21
0 487 43 342 118 
Vertex 119 distance 20
0 487 419 60 639 584 591 119 
Vertex 120 distance 19
0 487 43 451 583 120 
Vertex 121 distance 23
0 487 419 531 606 413 329 121 
Vertex 122 distance 12
0 487 122 
Vertex 123 distance 20
0 487 43 451 123 
Vertex 124 distance 20
0 487 43 342 162 600 281 124 
Vertex 125 distance 24
0 487 43 342 30 103 125 
Vertex 126 distance 18
0 487 296 128 186 126 
Vertex 127 distance 15
0 487 43 342 162 497 127 
Vertex 128 distance 10
0 487 296 128 
Vertex 129 distance 21
0 487 43 342 162 600 467 603 351 129 
Vertex 130 distance 25
0 487 296 57 433 75 452 471 130 
Vertex 131 distance 22
0 487 296 128 186 131 
Vertex 132 distance 23
0 487 419 531 66 397 240 132 
Vertex 133 distance 18
0 487 296 57 204 612 133 
Vertex 134 distance 18
0 487 43 342 429 134 
Vertex 135 distance 23
0 487 296 466 338 425 405 135 
Vertex 136 distance 23
0 487 43 342 162 437 549 333 136 
Vertex 137 distance 23
0 487 43 342 162 600 281 485 137 
Vertex 138 distance 19
0 487 43 342 162 497 53 138 
Vertex 139 distance 17
0 487 43 342 190 139 
Vertex 140 distance 26
0 487 43 342 162 600 281 274 140 
Vertex 141 distance 22
0 487 43 342 429 354 33 141 
Vertex 142 distance 20
0 487 43 342 162 600 281 485 142 
Vertex 143 distance 23
0 143 
Vertex 144 distance 22
0 487 43 451 583 183 144 
Vertex 145 distance 22
0 487 419 531 615 115 145 
Vertex 146 distance 20
0 487 419 531 615 146 
Vertex 147 distance 22
0 487 43 342 429 354 385 147 
Vertex 148 distance 25
0 487 296 466 355 509 148 
Vertex 149 distance 24
0 487 122 62 575 543 474 149 
Vertex 150 distance 21
0 487 122 286 150 
Vertex 151 distance 22
0 487 122 62 575 543 624 151 
Vertex 152 distance 18
0 487 43 152 
Vertex 153 distance 25
0 487 296 57 204 612 174 153 
Vertex 154 distance 21
0 487 43 342 162 437 528 114 361 154 
Vertex 155 distance 23
0 487 296 155 
Vertex 156 distance 19
0 487 43 342 162 100 156 
Vertex 157 distance 18
0 487 43 342 162 157 
Vertex 158 distance 22
0 487 43 342 162 497 127 166 158 
Vertex 159 distance 19
0 487 43 342 162 497 127 159 
Vertex 160 distance 26
0 487 296 466 338 425 160 
Vertex 161 distance 26
0 487 419 60 639 501 589 332 161 
Vertex 162 distance 10
0 487 43 342 162 
Vertex 163 distance 24
0 487 296 306 581 76 163 
Vertex 164 distance 16
0 487 419 164 
Vertex 165 distance 23
0 487 296 306 513 165 
Vertex 166 distance 17
0 487 43 342 162 497 127 166 
Vertex 167 distance 18
0 12 167 
Vertex 168 distance 18
0 487 296 466 338 425 168 
Vertex 169 distance 23
0 487 43 188 371 169 
Vertex 170 distance 24
0 487 43 451 583 183 559 170 
Vertex 171 distance 23
0 12 403 171 
Vertex 172 distance 22
0 487 43 342 162 600 467 603 172 
Vertex 173 distance 28
0 487 43 342 429 354 33 225 173 
Vertex 174 distance 24
0 487 296 57 204 612 174 
Vertex 175 distance 22
0 487 43 342 162 437 549 269 38 175 
Vertex 176 distance 18
0 487 296 57 204 512 176 
Vertex 177 distance 18
0 487 122 62 177 
Vertex 178 distance 23
0 487 419 60 545 570 346 178 
Vertex 179 distance 25
0 487 419 60 639 584 179 
Vertex 180 distance 18
0 487 43 342 162 437 528 180 
Vertex 181 distance 17
0 487 43 342 429 354 93 181 
Vertex 182 distance 23
0 487 43 342 340 282 552 620 182 
Vertex 183 distance 19
0 487 43 451 583 183 
Vertex 184 distance 21
0 487 419 249 184 
Vertex 185 distance 20
0 487 296 306 513 446 185 
Vertex 186 distance 17
0 487 296 128 186 
Vertex 187 distance 25
0 487 419 531 615 238 94 187 
Vertex 188 distance 15
0 487 43 188 
Vertex 189 distance 18
0 487 43 342 30 189 
Vertex 190 distance 13
0 487 43 342 190 
Vertex 191 distance 20
0 487 122 62 575 543 191 
Vertex 192 distance 21
0 487 43 342 162 600 467 603 351 192 
Vertex 193 distance 20
0 487 43 342 162 497 127 193 
Vertex 194 distance 24
0 487 296 466 338 425 391 308 194 
Vertex 195 distance 22
0 487 296 128 49 195 
Vertex 196 distance 18
0 487 419 113 196 
Vertex 197 distance 26
0 12 167 46 197 
Vertex 198 distance 25
0 487 122 506 599 198 
Vertex 199 distance 19
0 487 419 531 615 199 
Vertex 200 distance 21
0 487 419 531 66 397 200 
Vertex 201 distance 20
0 487 43 342 429 354 93 201 
Vertex 202 distance 14
0 487 419 531 615 202 
Vertex 203 distance 22
0 487 43 342 162 600 281 485 294 203 
Vertex 204 distance 13
0 487 296 57 204 
Vertex 205 distance 20
0 487 43 342 429 354 33 225 205 
Vertex 206 distance 18
0 487 296 466 206 
Vertex 207 distance 21
0 487 43 342 162 100 156 207 
Vertex 208 distance 17
0 487 296 57 433 208 
Vertex 209 distance 19
0 487 296 57 204 512 176 209 
Vertex 210 distance 27
0 487 43 342 162 210 
Vertex 211 distance 22
0 487 122 286 250 211 
Vertex 212 distance 20
0 487 419 60 545 51 352 212 
Vertex 213 distance 24
0 487 296 57 204 612 41 213 
Vertex 214 distance 28
0 487 43 342 162 600 467 4 214 
Vertex 215 distance 23
0 487 43 342 162 497 551 215 
Vertex 216 distance 17
0 487 43 342 162 600 467 216 
Vertex 217 distance 20
0 487 296 57 204 217 
Vertex 218 distance 19
0 487 419 531 218 
Vertex 219 distance 25
0 487 419 113 40 219 
Vertex 220 distance 22
0 487 43 342 162 497 53 39 220 
Vertex 221 distance 17
0 487 43 342 162 497 127 221 
Vertex 222 distance 9
0 222 
Vertex 223 distance 24
0 487 122 62 575 543 270 223 
Vertex 224 distance 23
0 487 43 342 162 497 127 193 224 
Vertex 225 distance 19
0 487 43 342 429 354 33 225 
Vertex 226 distance 21
0 487 419 531 66 226 
Vertex 227 distance 23
0 487 122 62 177 362 227 
Vertex 228 distance 22
0 487 296 57 204 554 228 
Vertex 229 distance 20
0 487 43 342 162 100 156 229 
Vertex 230 distance 21
0 487 43 342 162 600 281 124 230 
Vertex 231 distance 20
0 487 419 531 369 73 231 
Vertex 232 distance 25
0 487 43 342 429 354 83 257 232 
Vertex 233 distance 23
0 487 43 342 162 600 486 233 
Vertex 234 distance 19
0 487 122 62 575 234 
Vertex 235 distance 22
0 487 43 342 429 354 83 500 235 
Vertex 236 distance 23
0 487 43 342 162 497 127 236 
Vertex 237 distance 17
0 487 296 57 204 612 237 
Vertex 238 distance 16
0 487 419 531 615 238 
Vertex 239 distance 21
0 487 43 342 162 600 9 239 
Vertex 240 distance 21
0 487 419 531 66 397 240 
Vertex 241 distance 22
0 487 43 342 162 437 528 114 241 
Vertex 242 distance 21
0 487 296 466 107 558 242 
Vertex 243 distance 23
0 487 419 249 108 243 
Vertex 244 distance 23
0 487 43 342 429 354 454 244 
Vertex 245 distance 22
0 487 296 57 245 
Vertex 246 distance 22
0 487 122 62 372 246 
Vertex 247 distance 20
0 487 419 60 511 247 
Vertex 248 distance 21
0 487 296 306 513 248 
Vertex 249 distance 18
0 487 419 249 
Vertex 250 distance 20
0 487 122 286 250 
Vertex 251 distance 23
0 487 296 57 433 75 578 326 251 
Vertex 252 distance 21
0 487 43 342 162 600 467 216 252 
Vertex 253 distance 20
0 487 515 266 253 
Vertex 254 distance 22
0 487 122 62 575 254 
Vertex 255 distance 15
0 487 419 531 615 115 255 
Vertex 256 distance 16
0 487 419 531 256 
Vertex 257 distance 20
0 487 43 342 429 354 83 257 
Vertex 258 distance 22
0 487 296 57 204 380 258 
Vertex 259 distance 23
0 487 296 57 433 208 592 259 
Vertex 260 distance 22
0 487 43 342 429 354 83 260 
Vertex 261 distance 21
0 487 43 342 162 497 453 398 261 
Vertex 262 distance 16
0 487 43 188 262 
Vertex 263 distance 19
0 487 122 62 635 263 
Vertex 264 distance 21
0 487 296 466 355 509 264 
Vertex 265 distance 20
0 487 296 57 265 
Vertex 266 distance 17
0 487 515 266 
Vertex 267 distance 21
0 487 296 306 267 
Vertex 268 distance 18
0 487 43 342 162 437 528 268 
Vertex 269 distance 19
0 487 43 342 162 437 549 269 
Vertex 270 distance 20
0 487 122 62 575 543 270 
Vertex 271 distance 19
0 487 515 266 271 
Vertex 272 distance 24
0 487 296 57 433 363 95 272 
Vertex 273 distance 26
0 487 419 436 61 273 
Vertex 274 distance 19
0 487 43 342 162 600 281 274 
Vertex 275 distance 22
0 487 296 306 513 446 275 
Vertex 276 distance 25
0 487 122 62 575 254 276 
Vertex 277 distance 18
0 487 43 451 277 
Vertex 278 distance 23
0 487 296 128 186 278 
Vertex 279 distance 22
0 487 296 306 279 
Vertex 280 distance 25
0 487 43 342 162 437 528 280 
Vertex 281 distance 15
0 487 43 342 162 600 281 
Vertex 282 distance 19
0 487 43 342 340 282 
Vertex 283 distance 17
0 487 43 342 162 497 127 283 
Vertex 284 distance 20
0 487 43 342 162 600 467 629 284 
Vertex 285 distance 20
0 487 296 57 433 580 81 285 
Vertex 286 distance 14
0 487 122 286 
Vertex 287 distance 21
0 487 43 342 429 134 287 
Vertex 288 distance 24
0 487 43 503 616 288 
Vertex 289 distance 20
0 222 289 
Vertex 290 distance 25
0 487 122 62 177 364 290 
Vertex 291 distance 25
0 487 43 637 291 
Vertex 292 distance 24
0 487 496 292 
Vertex 293 distance 26
0 487 43 342 162 497 127 159 293 
Vertex 294 distance 20
0 487 43 342 162 600 281 485 294 
Vertex 295 distance 24
0 487 122 62 575 64 295 
Vertex 296 distance 5
0 487 296 
Vertex 297 distance 22
0 487 43 342 162 437 549 269 92 297 
Vertex 298 distance 29
0 487 419 249 108 243 298 
Vertex 299 distance 28
0 487 43 451 427 490 299 
Vertex 300 distance 28
0 487 43 342 162 497 453 69 336 300 
Vertex 301 distance 23
0 487 43 342 162 437 528 268 524 301 
Vertex 302 distance 21
0 487 43 342 162 497 127 283 302 
Vertex 303 distance 18
0 487 419 531 615 238 303 
Vertex 304 distance 27
0 487 515 266 304 
Vertex 305 distance 23
0 487 43 342 429 354 33 141 305 
Vertex 306 distance 14
0 487 296 306 
Vertex 307 distance 20
0 487 296 57 204 512 307 
Vertex 308 distance 19
0 487 296 466 338 425 391 308 
Vertex 309 distance 21
0 487 296 128 49 309 
Vertex 310 distance 25
0 487 43 342 162 497 310 
Vertex 311 distance 21
0 487 43 342 162 497 127 221 423 611 311 
Vertex 312 distance 25
0 487 43 342 162 600 467 360 312 
Vertex 313 distance 26
0 487 122 62 575 313 
Vertex 314 distance 24
0 487 419 60 639 584 548 314 
Vertex 315 distance 21
0 487 43 451 583 626 315 
Vertex 316 distance 25
0 487 296 466 338 425 391 308 194 316 
Vertex 317 distance 21
0 487 43 342 340 621 317 
Vertex 318 distance 17
0 222 318 
Vertex 319 distance 27
0 487 43 342 162 600 467 4 72 319 
Vertex 320 distance 18
0 487 43 342 429 320 
Vertex 321 distance 21
0 487 43 342 162 437 528 114 361 321 
Vertex 322 distance 29
0 487 43 342 162 497 127 159 293 322 
Vertex 323 distance 22
0 487 296 57 323 
Vertex 324 distance 18
0 487 43 342 190 324 
Vertex 325 distance 23
0 487 419 113 196 627 325 
Vertex 326 distance 21
0 487 296 57 433 75 578 326 
Vertex 327 distance 34
0 12 327 
Vertex 328 distance 19
0 487 296 328 
Vertex 329 distance 19
0 487 419 531 606 413 329 
Vertex 330 distance 20
0 487 43 152 330 
Vertex 331 distance 24
0 487 43 342 162 437 331 
Vertex 332 distance 24
0 487 419 60 639 501 589 332 
Vertex 333 distance 22
0 487 43 342 162 437 549 333 
Vertex 334 distance 25
0 487 43 342 340 621 317 334 
Vertex 335 distance 25
0 487 419 113 196 627 335 
Vertex 336 distance 22
0 487 43 342 162 497 453 69 336 
Vertex 337 distance 23
0 487 419 60 639 501 589 337 
Vertex 338 distance 14
0 487 296 466 338 
Vertex 339 distance 33
0 487 296 306 339 
Vertex 340 distance 12
0 487 43 342 340 
Vertex 341 distance 30
0 487 43 342 162 600 467 603 351 192 341 
Vertex 342 distance 9
0 487 43 342 
Vertex 343 distance 18
0 487 43 342 162 497 127 221 343 
Vertex 344 distance 23
0 487 419 531 615 115 145 344 
Vertex 345 distance 24
0 487 43 342 429 354 454 244 345 
Vertex 346 distance 21
0 487 419 60 545 570 346 
Vertex 347 distance 21
0 487 419 531 615 115 347 
Vertex 348 distance 20
0 487 122 62 372 77 348 
Vertex 349 distance 24
0 487 296 57 204 512 623 349 
Vertex 350 distance 22
0 222 318 573 424 350 
Vertex 351 distance 20
0 487 43 342 162 600 467 603 351 
Vertex 352 distance 18
0 487 419 60 545 51 352 
Vertex 353 distance 22
0 487 296 57 433 75 578 326 353 
Vertex 354 distance 12
0 487 43 342 429 354 
Vertex 355 distance 15
0 487 296 466 355 
Vertex 356 distance 20
0 487 43 342 429 354 33 225 356 
Vertex 357 distance 22
0 487 43 342 162 100 608 357 
Vertex 358 distance 23
0 487 419 60 639 501 358 
Vertex 359 distance 18
0 12 527 359 
Vertex 360 distance 20
0 487 43 342 162 600 467 360 
Vertex 361 distance 20
0 487 43 342 162 437 528 114 361 
Vertex 362 distance 20
0 487 122 62 177 362 
Vertex 363 distance 14
0 487 296 57 433 363 
Vertex 364 distance 21
0 487 122 62 177 364 
Vertex 365 distance 21
0 487 43 342 162 497 127 221 365 
Vertex 366 distance 29
0 487 43 342 429 354 83 500 235 366 
Vertex 367 distance 23
0 487 515 367 
Vertex 368 distance 14
0 487 43 342 162 600 368 
Vertex 369 distance 17
0 487 419 531 369 
Vertex 370 distance 21
0 487 43 463 104 370 
Vertex 371 distance 20
0 487 43 188 371 
Vertex 372 distance 16
0 487 122 62 372 
Vertex 373 distance 23
0 487 296 466 373 
Vertex 374 distance 19
0 487 43 342 162 600 9 374 
Vertex 375 distance 22
0 487 296 57 433 375 
Vertex 376 distance 21
0 487 122 62 575 376 
Vertex 377 distance 22
0 487 43 342 429 354 83 500 402 377 
Vertex 378 distance 24
0 487 296 466 338 17 538 378 
Vertex 379 distance 22
0 487 43 342 162 497 53 39 379 
Vertex 380 distance 17
0 487 296 57 204 380 
Vertex 381 distance 24
0 487 296 306 279 381 
Vertex 382 distance 27
0 487 296 466 338 425 391 308 194 316 382 
Vertex 383 distance 21
0 487 43 342 429 638 383 
Vertex 384 distance 26
0 487 122 62 575 543 474 384 
Vertex 385 distance 20
0 487 43 342 429 354 385 
Vertex 386 distance 23
0 487 419 60 639 386 
Vertex 387 distance 19
0 487 296 57 387 
Vertex 388 distance 26
0 487 122 62 575 543 270 388 
Vertex 389 distance 24
0 487 419 531 66 389 
Vertex 390 distance 22
0 487 419 113 196 390 
Vertex 391 distance 18
0 487 296 466 338 425 391 
Vertex 392 distance 23
0 487 43 342 429 354 93 477 392 
Vertex 393 distance 24
0 487 43 342 162 437 19 393 
Vertex 394 distance 19
0 394 
Vertex 395 distance 25
0 12 395 
Vertex 396 distance 18
0 487 419 60 545 396 
Vertex 397 distance 18
0 487 419 531 66 397 
Vertex 398 distance 20
0 487 43 342 162 497 453 398 
Vertex 399 distance 22
0 487 296 466 107 558 399 
Vertex 400 distance 22
0 222 289 400 
Vertex 401 distance 25
0 487 419 60 639 584 548 314 401 
Vertex 402 distance 21
0 487 43 342 429 354 83 500 402 
Vertex 403 distance 16
0 12 403 
Vertex 404 distance 22
0 487 296 466 355 509 417 404 
Vertex 405 distance 22
0 487 296 466 338 425 405 
Vertex 406 distance 18
0 487 296 466 355 406 
Vertex 407 distance 17
0 487 43 342 162 497 407 
Vertex 408 distance 23
0 487 43 342 162 100 156 229 408 
Vertex 409 distance 28
0 487 43 342 162 437 528 114 409 
Vertex 410 distance 22
0 12 167 410 
Vertex 411 distance 37
0 487 43 342 162 497 127 193 224 411 
Vertex 412 distance 22
0 487 296 530 412 
Vertex 413 distance 18
0 487 419 531 606 413 
Vertex 414 distance 20
0 487 419 91 414 
Vertex 415 distance 26
0 487 419 531 615 238 415 
Vertex 416 distance 21
0 487 419 60 639 584 416 
Vertex 417 distance 21
0 487 296 466 355 509 417 
Vertex 418 distance 23
0 487 43 342 162 497 453 398 418 
Vertex 419 distance 4
0 487 419 
Vertex 420 distance 20
0 487 419 60 639 584 591 420 
Vertex 421 distance 26
0 487 419 60 639 501 589 445 421 
Vertex 422 distance 22
0 487 43 342 162 600 443 422 
Vertex 423 distance 18
0 487 43 342 162 497 127 221 423 
Vertex 424 distance 21
0 222 318 573 424 
Vertex 425 distance 17
0 487 296 466 338 425 
Vertex 426 distance 22
0 487 296 57 433 75 578 326 426 
Vertex 427 distance 17
0 487 43 451 427 
Vertex 428 distance 23
0 487 515 266 428 
Vertex 429 distance 10
0 487 43 342 429 
Vertex 430 distance 20
0 487 419 60 430 
Vertex 431 distance 23
0 487 43 342 429 638 431 
Vertex 432 distance 17
0 487 43 188 262 432 
Vertex 433 distance 9
0 487 296 57 433 
Vertex 434 distance 18
0 487 43 342 429 354 83 434 
Vertex 435 distance 19
0 487 419 436 435 
Vertex 436 distance 18
0 487 419 436 
Vertex 437 distance 15
0 487 43 342 162 437 
Vertex 438 distance 21
0 487 296 466 355 509 438 
Vertex 439 distance 20
0 487 43 342 162 497 453 517 439 
Vertex 440 distance 23
0 487 296 128 49 109 440 
Vertex 441 distance 28
0 487 43 342 340 516 441 
Vertex 442 distance 27
0 487 419 60 619 493 461 54 442 
Vertex 443 distance 21
0 487 43 342 162 600 443 
Vertex 444 distance 21
0 222 563 507 444 
Vertex 445 distance 25
0 487 419 60 639 501 589 445 
Vertex 446 distance 19
0 487 296 306 513 446 
Vertex 447 distance 19
0 487 296 57 204 612 447 
Vertex 448 distance 23
0 487 419 60 639 584 448 
Vertex 449 distance 19
0 487 296 57 204 612 237 449 
Vertex 450 distance 23
0 487 43 188 262 432 450 
Vertex 451 distance 11
0 487 43 451 
Vertex 452 distance 18
0 487 296 57 433 75 452 
Vertex 453 distance 14
0 487 43 342 162 497 453 
Vertex 454 distance 21
0 487 43 342 429 354 454 
Vertex 455 distance 23
0 487 419 164 482 455 
Vertex 456 distance 20
0 487 43 342 162 497 407 456 
Vertex 457 distance 37
0 487 43 451 457 
Vertex 458 distance 21
0 487 296 306 513 458 
Vertex 459 distance 23
0 487 296 57 204 512 176 459 
Vertex 460 distance 22
0 487 43 342 162 497 453 398 460 
Vertex 461 distance 24
0 487 419 60 619 493 461 
Vertex 462 distance 25
0 487 43 342 162 600 467 603 351 192 462 
Vertex 463 distance 18
0 487 43 463 
Vertex 464 distance 24
0 487 43 342 162 497 127 221 464 
Vertex 465 distance 24
0 487 122 62 575 543 270 465 
Vertex 466 distance 12
0 487 296 466 
Vertex 467 distance 13
0 487 43 342 162 600 467 
Vertex 468 distance 25
0 487 43 342 429 354 93 468 
Vertex 469 distance 20
0 487 43 152 469 
Vertex 470 distance 23
0 487 43 463 104 15 470 
Vertex 471 distance 20
0 487 296 57 433 75 452 471 
Vertex 472 distance 21
0 487 296 306 513 446 472 
Vertex 473 distance 33
0 487 296 57 204 554 473 
Vertex 474 distance 22
0 487 122 62 575 543 474 
Vertex 475 distance 23
0 487 43 342 162 600 281 274 475 
Vertex 476 distance 24
0 487 122 62 177 476 
Vertex 477 distance 20
0 487 43 342 429 354 93 477 
Vertex 478 distance 24
0 487 43 342 340 282 552 478 
Vertex 479 distance 24
0 487 43 342 162 497 127 221 423 611 479 
Vertex 480 distance 28
0 487 43 342 340 621 317 480 
Vertex 481 distance 23
0 487 43 342 429 354 33 90 577 481 
Vertex 482 distance 18
0 487 419 164 482 
Vertex 483 distance 25
0 487 122 62 575 543 474 483 
Vertex 484 distance 19
0 487 296 57 204 612 237 484 
Vertex 485 distance 18
0 487 43 342 162 600 281 485 
Vertex 486 distance 22
0 487 43 342 162 600 486 
Vertex 487 distance 2
0 487 
Vertex 488 distance 27
0 487 296 466 338 425 405 135 488 
Vertex 489 distance 21
0 487 419 60 639 584 548 489 
Vertex 490 distance 22
0 487 43 451 427 490 
Vertex 491 distance 20
0 487 515 266 271 491 
Vertex 492 distance 21
0 487 43 342 429 354 93 492 
Vertex 493 distance 22
0 487 419 60 619 493 
Vertex 494 distance 33
0 487 43 342 162 437 331 494 
Vertex 495 distance 24
0 487 43 342 340 621 317 495 
Vertex 496 distance 21
0 487 496 
Vertex 497 distance 12
0 487 43 342 162 497 
Vertex 498 distance 22
0 487 419 531 498 
Vertex 499 distance 19
0 12 167 499 
Vertex 500 distance 20
0 487 43 342 429 354 83 500 
Vertex 501 distance 18
0 487 419 60 639 501 
Vertex 502 distance 25
0 487 43 342 162 437 528 180 502 
Vertex 503 distance 21
0 487 43 503 
Vertex 504 distance 29
0 487 43 342 118 504 
Vertex 505 distance 23
0 487 515 579 505 
Vertex 506 distance 18
0 487 122 506 
Vertex 507 distance 17
0 222 563 507 
Vertex 508 distance 21
0 487 43 342 190 324 508 
Vertex 509 distance 20
0 487 296 466 355 509 
Vertex 510 distance 22
0 487 296 57 433 580 81 285 510 
Vertex 511 distance 17
0 487 419 60 511 
Vertex 512 distance 17
0 487 296 57 204 512 
Vertex 513 distance 17
0 487 296 306 513 
Vertex 514 distance 21
0 487 43 342 162 497 53 39 514 
Vertex 515 distance 15
0 487 515 
Vertex 516 distance 27
0 487 43 342 340 516 
Vertex 517 distance 19
0 487 43 342 162 497 453 517 
Vertex 518 distance 22
0 487 296 128 49 518 
Vertex 519 distance 23
0 487 43 451 583 120 519 
Vertex 520 distance 27
0 12 167 520 
Vertex 521 distance 22
0 487 43 342 162 497 127 166 521 
Vertex 522 distance 20
0 487 43 342 162 157 522 
Vertex 523 distance 17
0 487 43 342 340 523 
Vertex 524 distance 19
0 487 43 342 162 437 528 268 524 
Vertex 525 distance 22
0 487 43 342 429 354 93 525 
Vertex 526 distance 30
0 487 122 62 177 364 290 526 
Vertex 527 distance 14
0 12 527 
Vertex 528 distance 16
0 487 43 342 162 437 528 
Vertex 529 distance 24
0 487 43 342 162 437 549 269 529 
Vertex 530 distance 21
0 487 296 530 
Vertex 531 distance 11
0 487 419 531 
Vertex 532 distance 30
0 487 43 152 330 532 
Vertex 533 distance 25
0 487 419 60 639 501 589 533 
Vertex 534 distance 18
0 12 534 
Vertex 535 distance 25
0 143 535 
Vertex 536 distance 23
0 487 43 536 
Vertex 537 distance 24
0 487 122 62 177 364 537 
Vertex 538 distance 22
0 487 296 466 338 17 538 
Vertex 539 distance 23
0 487 296 57 433 375 539 
Vertex 540 distance 31
0 487 296 57 433 580 540 
Vertex 541 distance 17
0 487 43 342 340 621 541 
Vertex 542 distance 19
0 487 43 451 427 542 
Vertex 543 distance 18
0 487 122 62 575 543 
Vertex 544 distance 22
0 487 419 60 545 51 544 
Vertex 545 distance 15
0 487 419 60 545 
Vertex 546 distance 26
0 12 167 46 546 
Vertex 547 distance 24
0 487 122 506 547 
Vertex 548 distance 19
0 487 419 60 639 584 548 
Vertex 549 distance 18
0 487 43 342 162 437 549 
Vertex 550 distance 24
0 487 43 342 162 600 467 603 351 129 550 
Vertex 551 distance 18
0 487 43 342 162 497 551 
Vertex 552 distance 20
0 487 43 342 340 282 552 
Vertex 553 distance 24
0 487 43 342 162 157 553 
Vertex 554 distance 17
0 487 296 57 204 554 
Vertex 555 distance 22
0 487 419 60 639 584 591 420 555 
Vertex 556 distance 22
0 487 43 342 340 621 541 556 
Vertex 557 distance 21
0 487 122 62 635 557 
Vertex 558 distance 20
0 487 296 466 107 558 
Vertex 559 distance 22
0 487 43 451 583 183 559 
Vertex 560 distance 28
0 487 43 342 162 437 528 114 560 
Vertex 561 distance 21
0 487 43 342 162 497 453 517 439 561 
Vertex 562 distance 24
0 487 43 463 104 562 
Vertex 563 distance 16
0 222 563 
Vertex 564 distance 20
0 487 419 113 564 
Vertex 565 distance 23
0 487 122 62 575 543 474 565 
Vertex 566 distance 21
0 487 419 60 545 570 566 
Vertex 567 distance 24
0 487 419 60 545 570 567 
Vertex 568 distance 21
0 487 43 342 162 600 467 603 351 568 
Vertex 569 distance 21
0 487 43 342 162 497 127 221 423 611 569 
Vertex 570 distance 20
0 487 419 60 545 570 
Vertex 571 distance 20
0 487 43 342 162 497 127 159 571 
Vertex 572 distance 22
0 487 296 572 
Vertex 573 distance 19
0 222 318 573 
Vertex 574 distance 22
0 487 43 342 162 497 127 574 
Vertex 575 distance 16
0 487 122 62 575 
Vertex 576 distance 19
0 487 296 57 433 208 576 
Vertex 577 distance 19
0 487 43 342 429 354 33 90 577 
Vertex 578 distance 17
0 487 296 57 433 75 578 
Vertex 579 distance 16
0 487 515 579 
Vertex 580 distance 18
0 487 296 57 433 580 
Vertex 581 distance 18
0 487 296 306 581 
Vertex 582 distance 22
0 487 43 342 162 497 453 69 582 
Vertex 583 distance 18
0 487 43 451 583 
Vertex 584 distance 18
0 487 419 60 639 584 
Vertex 585 distance 27
0 487 43 342 162 497 53 39 70 585 
Vertex 586 distance 27
0 487 296 466 355 509 586 
Vertex 587 distance 24
0 487 296 57 204 612 447 587 
Vertex 588 distance 25
0 487 43 342 162 437 19 588 
Vertex 589 distance 20
0 487 419 60 639 501 589 
Vertex 590 distance 25
0 487 296 306 513 590 
Vertex 591 distance 19
0 487 419 60 639 584 591 
Vertex 592 distance 22
0 487 296 57 433 208 592 
Vertex 593 distance 22
0 487 43 342 162 100 156 593 
Vertex 594 distance 25
0 487 43 342 162 497 127 283 302 594 
Vertex 595 distance 20
0 487 515 266 595 
Vertex 596 distance 22
0 487 419 531 615 202 596 
Vertex 597 distance 20
0 487 43 188 262 597 
Vertex 598 distance 19
0 487 43 342 162 437 549 598 
Vertex 599 distance 22
0 487 122 506 599 
Vertex 600 distance 12
0 487 43 342 162 600 
Vertex 601 distance 18
0 487 43 342 162 437 528 601 
Vertex 602 distance 21
0 487 43 342 162 497 127 166 602 
Vertex 603 distance 19
0 487 43 342 162 600 467 603 
Vertex 604 distance 22
0 487 419 60 430 604 
Vertex 605 distance 16
0 487 43 342 340 605 
Vertex 606 distance 13
0 487 419 531 606 
Vertex 607 distance 19
0 487 607 
Vertex 608 distance 20
0 487 43 342 162 100 608 
Vertex 609 distance 24
0 487 43 451 427 490 609 
Vertex 610 distance 22
0 487 419 60 639 610 
Vertex 611 distance 19
0 487 43 342 162 497 127 221 423 611 
Vertex 612 distance 16
0 487 296 57 204 612 
Vertex 613 distance 26
0 487 296 57 433 613 
Vertex 614 distance 23
0 487 43 342 429 354 33 141 614 
Vertex 615 distance 12
0 487 419 531 615 
Vertex 616 distance 22
0 487 43 503 616 
Vertex 617 distance 20
0 487 515 266 617 
Vertex 618 distance 21
0 487 43 342 429 638 618 
Vertex 619 distance 20
0 487 419 60 619 
Vertex 620 distance 21
0 487 43 342 340 282 552 620 
Vertex 621 distance 16
0 487 43 342 340 621 
Vertex 622 distance 21
0 487 43 152 622 
Vertex 623 distance 20
0 487 296 57 204 512 623 
Vertex 624 distance 19
0 487 122 62 575 543 624 
Vertex 625 distance 22
0 487 43 342 118 625 
Vertex 626 distance 20
0 487 43 451 583 626 
Vertex 627 distance 21
0 487 419 113 196 627 
Vertex 628 distance 24
0 487 296 57 204 554 228 628 
Vertex 629 distance 17
0 487 43 342 162 600 467 629 
Vertex 630 distance 19
0 487 43 342 162 497 53 630 
Vertex 631 distance 29
0 487 122 62 575 543 632 631 
Vertex 632 distance 23
0 487 122 62 575 543 632 
Vertex 633 distance 20
0 487 419 633 
Vertex 634 distance 25
0 487 296 57 433 580 81 285 634 
Vertex 635 distance 17
0 487 122 62 635 
Vertex 636 distance 25
0 487 43 342 429 134 636 
Vertex 637 distance 19
0 487 43 637 
Vertex 638 distance 18
0 487 43 342 429 638 
Vertex 639 distance 17
0 487 419 60 639 
