Vertex 0 distance 0
0 0 
Vertex 1 distance 36
0 229 346 611 324 1 
Vertex 2 distance 28
0 571 2 
Vertex 3 distance 20
0 121 64 245 628 3 
Vertex 4 distance 14
0 410 469 68 4 
Vertex 5 distance 20
0 122 5 
Vertex 6 distance 30
0 121 64 436 532 540 388 6 
Vertex 7 distance 27
0 121 64 245 628 389 246 7 
Vertex 8 distance 23
0 121 64 352 525 275 16 319 8 
Vertex 9 distance 33
0 410 234 108 455 424 9 
Vertex 10 distance 28
0 410 629 124 10 
Vertex 11 distance 28
0 121 64 436 357 617 497 11 
Vertex 12 distance 50
0 121 64 436 602 44 342 12 
Vertex 13 distance 29
0 121 64 436 602 639 467 13 
Vertex 14 distance 23
0 121 64 436 532 233 14 
Vertex 15 distance 13
0 410 15 
Vertex 16 distance 16
0 121 64 352 525 275 16 
Vertex 17 distance 19
0 121 64 436 602 44 17 
Vertex 18 distance 33
0 229 626 100 18 
Vertex 19 distance 46
0 121 64 436 357 617 262 19 
Vertex 20 distance 28
0 121 64 352 525 275 16 319 374 204 26 20 
Vertex 21 distance 27
0 410 469 21 
Vertex 22 distance 29
0 121 64 352 525 275 16 319 118 453 22 
Vertex 23 distance 24
0 410 15 23 
Vertex 24 distance 27
0 121 64 352 525 275 16 319 374 204 24 
Vertex 25 distance 29
0 571 107 498 25 
Vertex 26 distance 23
0 121 64 352 525 275 16 319 374 204 26 
Vertex 27 distance 17
0 410 567 120 72 345 27 
Vertex 28 distance 16
0 121 64 245 28 
Vertex 29 distance 35
0 410 629 606 562 29 
Vertex 30 distance 29
0 229 346 611 30 
Vertex 31 distance 24
0 410 629 124 31 
Vertex 32 distance 27
0 229 32 
Vertex 33 distance 27
0 229 626 100 33 
Vertex 34 distance 41
0 229 346 478 34 
Vertex 35 distance 30
0 410 567 120 566 271 35 
Vertex 36 distance 17
0 410 36 
Vertex 37 distance 25
0 410 567 207 110 37 
Vertex 38 distance 35
0 410 15 349 38 
Vertex 39 distance 38
0 229 346 478 39 
Vertex 40 distance 38
0 515 40 
Vertex 41 distance 42
0 410 234 108 384 637 41 
Vertex 42 distance 24
0 121 64 352 525 275 16 319 374 204 26 42 
Vertex 43 distance 39
0 121 64 245 96 326 364 192 106 369 43 
Vertex 44 distance 18
0 121 64 436 602 44 
Vertex 45 distance 30
0 121 64 352 313 45 
Vertex 46 distance 25
0 229 626 46 
Vertex 47 distance 30
0 121 64 436 419 180 198 47 
Vertex 48 distance 21
0 410 469 68 48 
Vertex 49 distance 27
0 121 64 352 383 49 
Vertex 50 distance 23
0 410 469 68 613 193 50 
Vertex 51 distance 25
0 121 64 436 532 51 
Vertex 52 distance 16
0 410 234 108 384 52 
Vertex 53 distance 25
0 122 5 53 
Vertex 54 distance 30
0 410 234 108 384 486 444 54 
Vertex 55 distance 26
0 571 152 55 
Vertex 56 distance 28
0 571 107 56 
Vertex 57 distance 34
0 410 234 108 384 486 320 57 
Vertex 58 distance 14
0 410 469 68 87 58 
Vertex 59 distance 35
0 122 209 317 133 59 
Vertex 60 distance 26
0 121 64 245 96 326 188 60 
Vertex 61 distance 20
0 410 567 120 72 345 27 454 61 
Vertex 62 distance 28
0 410 469 68 265 99 62 
Vertex 63 distance 22
0 229 626 63 
Vertex 64 distance 10
0 121 64 
Vertex 65 distance 31
0 410 567 120 90 65 
Vertex 66 distance 33
0 121 64 436 532 200 66 
Vertex 67 distance 27
0 121 64 245 96 326 188 339 510 67 
Vertex 68 distance 9
0 410 469 68 
Vertex 69 distance 16
0 410 567 120 72 69 
Vertex 70 distance 35
0 410 234 108 384 486 70 
Vertex 71 distance 35
0 121 64 245 628 389 246 255 71 
Vertex 72 distance 15
0 410 567 120 72 
Vertex 73 distance 24
0 121 64 245 628 3 73 
Vertex 74 distance 24
0 121 64 352 525 275 16 319 374 204 170 74 
Vertex 75 distance 29
0 122 209 75 
Vertex 76 distance 40
0 410 469 542 554 421 254 76 
Vertex 77 distance 28
0 121 64 436 419 180 294 316 77 
Vertex 78 distance 19
0 410 234 108 384 637 78 
Vertex 79 distance 24
0 121 79 
Vertex 80 distance 29
0 122 5 627 80 
Vertex 81 distance 29
0 410 567 120 72 69 572 159 81 
Vertex 82 distance 28
0 410 469 68 87 386 82 
Vertex 83 distance 21
0 121 64 352 525 275 16 319 83 
Vertex 84 distance 40
0 121 64 352 525 275 84 
Vertex 85 distance 39
0 121 64 352 525 275 16 319 374 204 26 85 
Vertex 86 distance 38
0 121 64 436 261 86 
Vertex 87 distance 12
0 410 469 68 87 
Vertex 88 distance 20
0 410 469 68 613 88 
Vertex 89 distance 32
0 410 469 68 48 210 301 501 203 89 
Vertex 90 distance 15
0 410 567 120 90 
Vertex 91 distance 23
0 121 64 245 28 336 91 
Vertex 92 distance 22
0 121 64 436 419 180 92 
Vertex 93 distance 31
0 121 64 352 525 275 16 319 374 204 93 
Vertex 94 distance 19
0 121 64 436 532 233 218 466 94 
Vertex 95 distance 26
0 121 64 245 628 389 246 157 95 
Vertex 96 distance 13
0 121 64 245 96 
Vertex 97 distance 39
0 410 234 108 384 486 447 97 
Vertex 98 distance 23
0 121 64 436 602 44 98 
Vertex 99 distance 21
0 410 469 68 265 99 
Vertex 100 distance 21
0 229 626 100 
Vertex 101 distance 18
0 410 469 68 87 101 
Vertex 102 distance 15
0 410 469 102 
Vertex 103 distance 27
0 121 64 436 602 639 103 
Vertex 104 distance 32
0 410 234 108 384 52 236 104 
Vertex 105 distance 31
0 410 629 124 105 
Vertex 106 distance 26
0 121 64 245 96 326 364 192 106 
Vertex 107 distance 21
0 571 107 
Vertex 108 distance 10
0 410 234 108 
Vertex 109 distance 32
0 410 567 120 72 190 434 109 
Vertex 110 distance 20
0 410 567 207 110 
Vertex 111 distance 23
0 410 469 542 554 586 111 
Vertex 112 distance 30
0 121 64 352 525 275 16 319 374 204 26 112 
Vertex 113 distance 28
0 121 64 245 28 336 382 113 
Vertex 114 distance 29
0 122 5 627 114 
Vertex 115 distance 21
0 410 567 120 72 69 572 430 115 
Vertex 116 distance 31
0 121 64 245 28 336 382 471 116 
Vertex 117 distance 31
0 410 629 124 520 117 
Vertex 118 distance 20
0 121 64 352 525 275 16 319 118 
Vertex 119 distance 22
0 410 234 108 384 637 78 288 119 
Vertex 120 distance 14
0 410 567 120 
Vertex 121 distance 9
0 121 
Vertex 122 distance 8
0 122 
Vertex 123 distance 32
0 121 264 438 588 123 
Vertex 124 distance 21
0 410 629 124 
Vertex 125 distance 43
0 410 567 207 251 376 506 484 125 
Vertex 126 distance 19
0 229 290 441 126 
Vertex 127 distance 23
0 410 567 120 72 69 572 430 115 338 127 
Vertex 128 distance 30
0 410 15 570 128 
Vertex 129 distance 24
0 121 64 436 357 129 
Vertex 130 distance 36
0 410 629 259 130 
Vertex 131 distance 35
0 121 64 436 602 639 131 
Vertex 132 distance 29
0 122 209 317 133 132 
Vertex 133 distance 28
0 122 209 317 133 
Vertex 134 distance 23
0 410 234 108 384 134 
Vertex 135 distance 28
0 121 64 352 525 275 16 319 8 135 
Vertex 136 distance 23
0 121 64 436 532 527 407 136 
Vertex 137 distance 30
0 121 64 436 602 44 17 137 
Vertex 138 distance 20
0 121 64 352 525 275 16 138 
Vertex 139 distance 27
0 121 64 245 28 336 139 
Vertex 140 distance 31
0 229 346 611 140 
Vertex 141 distance 24
0 121 64 352 525 275 359 141 
Vertex 142 distance 24
0 410 567 120 72 190 142 
Vertex 143 distance 27
0 121 64 436 602 44 98 143 
Vertex 144 distance 31
0 121 64 436 532 527 523 590 144 
Vertex 145 distance 33
0 121 64 436 602 639 467 13 145 
Vertex 146 distance 33
0 229 626 100 146 
Vertex 147 distance 25
0 410 469 68 265 614 147 
Vertex 148 distance 31
0 121 64 245 96 326 364 148 
Vertex 149 distance 24
0 410 15 334 149 
Vertex 150 distance 20
0 121 64 352 313 450 150 
Vertex 151 distance 29
0 121 64 352 525 559 621 356 151 
Vertex 152 distance 24
0 571 152 
Vertex 153 distance 32
0 121 64 352 525 275 16 319 374 204 26 42 153 
Vertex 154 distance 35
0 121 64 436 602 448 154 
Vertex 155 distance 26
0 410 234 108 455 424 155 
Vertex 156 distance 27
0 121 64 245 96 326 364 192 156 
Vertex 157 distance 25
0 121 64 245 628 389 246 157 
Vertex 158 distance 36
0 121 64 352 525 275 16 319 374 204 170 531 592 158 
Vertex 159 distance 23
0 410 567 120 72 69 572 159 
Vertex 160 distance 39
0 121 64 436 602 639 103 160 
Vertex 161 distance 32
0 410 469 68 265 161 
Vertex 162 distance 28
0 121 64 352 313 450 150 162 
Vertex 163 distance 39
0 410 567 207 251 376 163 
Vertex 164 distance 23
0 410 234 632 164 
Vertex 165 distance 34
0 121 64 245 96 326 364 192 577 165 
Vertex 166 distance 34
0 410 567 207 251 618 166 
Vertex 167 distance 26
0 229 626 63 167 
Vertex 168 distance 30
0 410 469 68 87 168 
Vertex 169 distance 28
0 121 64 245 96 326 364 192 577 169 
Vertex 170 distance 23
0 121 64 352 525 275 16 319 374 204 170 
Vertex 171 distance 34
0 121 64 352 322 171 
Vertex 172 distance 31
0 122 5 53 556 172 
Vertex 173 distance 28
0 229 173 
Vertex 174 distance 33
0 121 64 245 628 389 246 157 95 174 
Vertex 175 distance 30
0 410 567 120 72 345 27 454 61 175 
Vertex 176 distance 21
0 410 469 281 176 
Vertex 177 distance 20
0 410 234 108 384 637 78 177 
Vertex 178 distance 25
0 410 469 102 178 
Vertex 179 distance 30
0 410 567 207 251 179 
Vertex 180 distance 15
0 121 64 436 419 180 
Vertex 181 distance 28
0 229 626 100 214 610 181 
Vertex 182 distance 32
0 122 5 53 599 182 
Vertex 183 distance 24
0 121 64 352 383 183 
Vertex 184 distance 38
0 410 469 68 613 88 472 184 
Vertex 185 distance 26
0 121 64 436 318 185 
Vertex 186 distance 41
0 410 469 542 186 
Vertex 187 distance 25
0 229 626 100 187 
Vertex 188 distance 17
0 121 64 245 96 326 188 
Vertex 189 distance 45
0 121 64 352 413 189 
Vertex 190 distance 19
0 410 567 120 72 190 
Vertex 191 distance 27
0 410 234 191 
Vertex 192 distance 21
0 121 64 245 96 326 364 192 
Vertex 193 distance 19
0 410 469 68 613 193 
Vertex 194 distance 36
0 410 15 570 578 412 194 
Vertex 195 distance 26
0 410 234 108 384 52 236 195 
Vertex 196 distance 22
0 121 64 436 602 639 196 
Vertex 197 distance 27
0 410 567 120 90 594 354 197 
Vertex 198 distance 18
0 121 64 436 419 180 198 
Vertex 199 distance 22
0 410 234 108 384 637 78 288 199 
Vertex 200 distance 18
0 121 64 436 532 200 
Vertex 201 distance 29
0 121 264 438 201 
Vertex 202 distance 28
0 410 469 68 87 386 202 
Vertex 203 distance 28
0 410 469 68 48 210 301 501 203 
Vertex 204 distance 22
0 121 64 352 525 275 16 319 374 204 
Vertex 205 distance 44
0 410 234 108 384 486 447 97 205 
Vertex 206 distance 28
0 121 64 436 532 233 218 206 
Vertex 207 distance 14
0 410 567 207 
Vertex 208 distance 25
0 121 64 352 525 275 16 545 208 
Vertex 209 distance 17
0 122 209 
Vertex 210 distance 22
0 410 469 68 48 210 
Vertex 211 distance 31
0 410 211 
Vertex 212 distance 22
0 410 567 353 212 
Vertex 213 distance 28
0 410 234 108 384 298 213 
Vertex 214 distance 23
0 229 626 100 214 
Vertex 215 distance 37
0 410 15 216 215 
Vertex 216 distance 21
0 410 15 216 
Vertex 217 distance 27
0 121 64 436 318 217 
Vertex 218 distance 15
0 121 64 436 532 233 218 
Vertex 219 distance 26
0 121 64 352 525 275 359 141 548 219 
Vertex 220 distance 29
0 410 567 120 566 271 220 
Vertex 221 distance 34
0 121 64 436 602 639 103 423 221 
Vertex 222 distance 41
0 410 234 108 384 637 78 390 222 
Vertex 223 distance 49
0 410 15 487 429 223 
Vertex 224 distance 29
0 121 64 436 602 44 98 224 
Vertex 225 distance 32
0 571 225 
Vertex 226 distance 29
0 410 567 120 72 69 572 159 226 
Vertex 227 distance 20
0 410 469 68 265 408 227 
Vertex 228 distance 22
0 121 64 436 532 233 218 365 228 
Vertex 229 distance 8
0 229 
Vertex 230 distance 29
0 121 64 352 525 275 16 319 374 230 
Vertex 231 distance 15
0 121 64 352 313 231 
Vertex 232 distance 38
0 410 234 108 384 486 444 232 
Vertex 233 distance 13
0 121 64 436 532 233 
Vertex 234 distance 9
0 410 234 
Vertex 235 distance 15
0 121 64 245 628 389 235 
Vertex 236 distance 20
0 410 234 108 384 52 236 
Vertex 237 distance 25
0 121 64 352 525 275 16 319 83 237 
Vertex 238 distance 28
0 410 234 191 238 
Vertex 239 distance 30
0 410 234 108 384 52 236 239 
Vertex 240 distance 31
0 410 567 120 566 271 240 
Vertex 241 distance 26
0 410 567 353 363 241 
Vertex 242 distance 30
0 410 469 68 48 210 301 242 
Vertex 243 distance 31
0 410 469 68 265 614 147 243 
Vertex 244 distance 26
0 121 64 436 532 233 218 466 244 
Vertex 245 distance 11
0 121 64 245 
Vertex 246 distance 21
0 121 64 245 628 389 246 
Vertex 247 distance 23
0 121 64 436 532 527 491 247 
Vertex 248 distance 21
0 121 64 436 419 180 198 248 
Vertex 249 distance 30
0 410 469 68 48 210 301 249 
Vertex 250 distance 25
0 410 567 120 72 190 142 250 
Vertex 251 distance 19
0 410 567 207 251 
Vertex 252 distance 25
0 121 64 436 519 252 
Vertex 253 distance 31
0 121 64 436 532 527 407 136 253 
Vertex 254 distance 31
0 410 469 542 554 421 254 
Vertex 255 distance 28
0 121 64 245 628 389 246 255 
Vertex 256 distance 26
0 410 567 120 72 190 256 
Vertex 257 distance 31
0 121 64 352 525 275 16 319 374 257 
Vertex 258 distance 25
0 410 234 108 384 134 258 
Vertex 259 distance 23
0 410 629 259 
Vertex 260 distance 30
0 121 64 436 357 129 260 
Vertex 261 distance 28
0 121 64 436 261 
Vertex 262 distance 25
0 121 64 436 357 617 262 
Vertex 263 distance 25
0 410 469 68 87 58 561 263 
Vertex 264 distance 12
0 121 264 
Vertex 265 distance 10
0 410 469 68 265 
Vertex 266 distance 48
0 410 234 108 384 637 78 177 266 
Vertex 267 distance 29
0 121 64 436 532 527 267 
Vertex 268 distance 31
0 121 64 245 28 336 382 113 268 
Vertex 269 distance 26
0 121 64 352 313 269 
Vertex 270 distance 28
0 121 64 436 532 233 218 300 270 
Vertex 271 distance 22
0 410 567 120 566 271 
Vertex 272 distance 40
0 121 64 352 525 275 359 141 548 219 272 
Vertex 273 distance 30
0 410 567 120 72 69 273 
Vertex 274 distance 32
0 410 469 68 265 99 62 274 
Vertex 275 distance 15
0 121 64 352 525 275 
Vertex 276 distance 32
0 410 567 120 72 345 27 489 276 
Vertex 277 distance 23
0 410 15 367 277 
Vertex 278 distance 26
0 121 64 352 525 275 16 319 374 204 170 531 278 
Vertex 279 distance 31
0 121 64 436 532 233 218 300 279 
Vertex 280 distance 31
0 410 15 216 280 
Vertex 281 distance 18
0 410 469 281 
Vertex 282 distance 30
0 571 2 282 
Vertex 283 distance 33
0 121 64 352 525 275 16 319 374 283 
Vertex 284 distance 27
0 121 64 352 313 269 284 
Vertex 285 distance 33
0 121 64 352 383 285 
Vertex 286 distance 32
0 121 64 352 525 275 16 319 374 204 24 286 
Vertex 287 distance 30
0 121 64 436 532 233 218 287 
Vertex 288 distance 21
0 410 234 108 384 637 78 288 
Vertex 289 distance 28
0 410 567 207 251 376 506 289 
Vertex 290 distance 17
0 229 290 
Vertex 291 distance 32
0 121 64 352 525 275 16 545 291 
Vertex 292 distance 42
0 410 469 542 554 421 254 292 
Vertex 293 distance 29
0 410 567 207 251 376 293 
Vertex 294 distance 16
0 121 64 436 419 180 294 
Vertex 295 distance 41
0 121 64 436 602 44 342 295 
Vertex 296 distance 25
0 121 64 436 419 502 296 
Vertex 297 distance 27
0 410 567 120 72 190 256 297 
Vertex 298 distance 18
0 410 234 108 384 298 
Vertex 299 distance 28
0 229 626 328 299 
Vertex 300 distance 26
0 121 64 436 532 233 218 300 
Vertex 301 distance 23
0 410 469 68 48 210 301 
Vertex 302 distance 19
0 410 15 487 302 
Vertex 303 distance 31
0 410 36 303 
Vertex 304 distance 34
0 410 15 487 304 
Vertex 305 distance 27
0 410 567 207 251 305 
Vertex 306 distance 24
0 410 15 570 306 
Vertex 307 distance 37
0 121 64 436 602 448 307 
Vertex 308 distance 29
0 121 64 245 628 389 246 7 308 
Vertex 309 distance 23
0 410 469 68 87 101 309 
Vertex 310 distance 28
0 121 64 245 96 326 364 192 106 369 310 
Vertex 311 distance 28
0 410 15 367 277 311 
Vertex 312 distance 33
0 229 626 100 214 312 
Vertex 313 distance 12
0 121 64 352 313 
Vertex 314 distance 42
0 121 64 436 419 180 198 47 314 
Vertex 315 distance 30
0 121 64 245 96 315 
Vertex 316 distance 23
0 121 64 436 419 180 294 316 
Vertex 317 distance 25
0 122 209 317 
Vertex 318 distance 21
0 121 64 436 318 
Vertex 319 distance 17
0 121 64 352 525 275 16 319 
Vertex 320 distance 33
0 410 234 108 384 486 320 
Vertex 321 distance 47
0 410 567 120 566 271 240 321 
Vertex 322 distance 21
0 121 64 352 322 
Vertex 323 distance 31
0 122 5 53 395 323 
Vertex 324 distance 26
0 229 346 611 324 
Vertex 325 distance 26
0 410 469 68 613 88 472 325 
Vertex 326 distance 15
0 121 64 245 96 326 
Vertex 327 distance 23
0 410 469 68 265 408 327 
Vertex 328 distance 22
0 229 626 328 
Vertex 329 distance 34
0 410 469 68 265 99 62 274 329 
Vertex 330 distance 30
0 410 15 23 330 
Vertex 331 distance 28
0 410 469 68 87 58 561 331 
Vertex 332 distance 34
0 121 64 245 96 326 188 333 332 
Vertex 333 distance 25
0 121 64 245 96 326 188 333 
Vertex 334 distance 14
0 410 15 334 
Vertex 335 distance 29
0 410 15 570 578 335 
Vertex 336 distance 17
0 121 64 245 28 336 
Vertex 337 distance 37
0 410 469 102 178 337 
Vertex 338 distance 22
0 410 567 120 72 69 572 430 115 338 
Vertex 339 distance 19
0 121 64 245 96 326 188 339 
Vertex 340 distance 26
0 410 15 570 340 
Vertex 341 distance 34
0 410 567 120 72 190 633 378 341 
Vertex 342 distance 36
0 121 64 436 602 44 342 
Vertex 343 distance 25
0 121 64 352 525 559 343 
Vertex 344 distance 23
0 410 567 353 344 
Vertex 345 distance 16
0 410 567 120 72 345 
Vertex 346 distance 21
0 229 346 
Vertex 347 distance 32
0 410 469 281 521 387 432 347 
Vertex 348 distance 20
0 348 
Vertex 349 distance 19
0 410 15 349 
Vertex 350 distance 34
0 410 234 108 384 52 236 420 440 350 
Vertex 351 distance 23
0 410 234 108 384 52 236 351 
Vertex 352 distance 11
0 121 64 352 
Vertex 353 distance 12
0 410 567 353 
Vertex 354 distance 25
0 410 567 120 90 594 354 
Vertex 355 distance 36
0 121 64 436 419 180 294 355 
Vertex 356 distance 27
0 121 64 352 525 559 621 356 
Vertex 357 distance 18
0 121 64 436 357 
Vertex 358 distance 31
0 410 469 542 476 358 
Vertex 359 distance 23
0 121 64 352 525 275 359 
Vertex 360 distance 29
0 410 234 108 384 134 360 
Vertex 361 distance 25
0 410 234 108 384 134 361 
Vertex 362 distance 27
0 410 469 281 521 362 
Vertex 363 distance 24
0 410 567 353 363 
Vertex 364 distance 18
0 121 64 245 96 326 364 
Vertex 365 distance 20
0 121 64 436 532 233 218 365 
Vertex 366 distance 27
0 410 234 108 384 52 236 530 366 
Vertex 367 distance 21
0 410 15 367 
Vertex 368 distance 21
0 121 64 436 532 233 218 466 94 368 
Vertex 369 distance 27
0 121 64 245 96 326 364 192 106 369 
Vertex 370 distance 29
0 121 64 245 96 326 188 333 370 
Vertex 371 distance 29
0 410 469 68 87 58 561 513 371 
Vertex 372 distance 39
0 121 64 352 525 275 16 319 8 372 
Vertex 373 distance 39
0 121 64 436 602 44 98 143 526 373 
Vertex 374 distance 21
0 121 64 352 525 275 16 319 374 
Vertex 375 distance 26
0 410 567 120 72 190 142 375 
Vertex 376 distance 23
0 410 567 207 251 376 
Vertex 377 distance 28
0 121 64 245 96 377 
Vertex 378 distance 22
0 410 567 120 72 190 633 378 
Vertex 379 distance 29
0 410 567 120 72 69 572 379 
Vertex 380 distance 32
0 410 469 281 521 387 380 
Vertex 381 distance 27
0 121 64 352 525 275 16 319 374 204 170 514 381 
Vertex 382 distance 22
0 121 64 245 28 336 382 
Vertex 383 distance 22
0 121 64 352 383 
Vertex 384 distance 15
0 410 234 108 384 
Vertex 385 distance 24
0 121 64 352 525 275 16 319 83 385 
Vertex 386 distance 19
0 410 469 68 87 386 
Vertex 387 distance 23
0 410 469 281 521 387 
Vertex 388 distance 23
0 121 64 436 532 540 388 
Vertex 389 distance 14
0 121 64 245 628 389 
Vertex 390 distance 29
0 410 234 108 384 637 78 390 
Vertex 391 distance 39
0 121 64 436 532 233 218 466 94 391 
Vertex 392 distance 26
0 121 64 352 525 275 16 319 374 204 170 531 392 
Vertex 393 distance 33
0 410 234 108 384 52 236 239 393 
Vertex 394 distance 23
0 410 469 68 613 193 394 
Vertex 395 distance 29
0 122 5 53 395 
Vertex 396 distance 32
0 410 15 349 396 
Vertex 397 distance 25
0 121 64 436 532 527 491 247 397 
Vertex 398 distance 31
0 410 234 108 384 486 444 54 398 
Vertex 399 distance 41
0 410 234 108 384 52 236 530 366 399 
Vertex 400 distance 34
0 121 64 436 532 527 407 400 
Vertex 401 distance 24
0 121 64 245 628 389 235 435 401 
Vertex 402 distance 27
0 410 234 108 591 402 
Vertex 403 distance 34
0 410 234 108 384 134 360 403 
Vertex 404 distance 40
0 410 234 108 384 52 236 530 479 404 
Vertex 405 distance 23
0 121 64 436 532 527 407 405 
Vertex 406 distance 28
0 410 15 570 306 406 
Vertex 407 distance 19
0 121 64 436 532 527 407 
Vertex 408 distance 17
0 410 469 68 265 408 
Vertex 409 distance 31
0 121 64 245 628 389 235 409 
Vertex 410 distance 5
0 410 
Vertex 411 distance 31
0 410 469 68 613 193 394 411 
Vertex 412 distance 24
0 410 15 570 578 412 
Vertex 413 distance 19
0 121 64 352 413 
Vertex 414 distance 16
0 410 414 
Vertex 415 distance 35
0 410 567 120 72 345 27 454 61 415 
Vertex 416 distance 28
0 121 64 352 313 269 416 
Vertex 417 distance 31
0 410 15 417 
Vertex 418 distance 32
0 121 64 245 28 336 382 113 268 418 
Vertex 419 distance 14
0 121 64 436 419 
Vertex 420 distance 23
0 410 234 108 384 52 236 420 
Vertex 421 distance 23
0 410 469 542 554 421 
Vertex 422 distance 27
0 410 567 120 422 
Vertex 423 distance 30
0 121 64 436 602 639 103 423 
Vertex 424 distance 25
0 410 234 108 455 424 
Vertex 425 distance 28
0 229 346 611 425 
Vertex 426 distance 41
0 121 64 352 313 450 150 162 426 
Vertex 427 distance 34
0 410 567 120 72 69 572 159 427 
Vertex 428 distance 30
0 121 64 352 313 269 416 428 
Vertex 429 distance 27
0 410 15 487 429 
Vertex 430 distance 20
0 410 567 120 72 69 572 430 
Vertex 431 distance 41
0 121 64 431 
Vertex 432 distance 29
0 410 469 281 521 387 432 
Vertex 433 distance 29
0 410 469 102 583 433 
Vertex 434 distance 25
0 410 567 120 72 190 434 
Vertex 435 distance 23
0 121 64 245 628 389 235 435 
Vertex 436 distance 11
0 121 64 436 
Vertex 437 distance 22
0 121 64 436 602 639 437 
Vertex 438 distance 15
0 121 264 438 
Vertex 439 distance 13
0 410 469 68 439 
Vertex 440 distance 28
0 410 234 108 384 52 236 420 440 
Vertex 441 distance 18
0 229 290 441 
Vertex 442 distance 39
0 229 346 611 140 442 
Vertex 443 distance 32
0 410 567 120 566 271 449 443 
Vertex 444 distance 20
0 410 234 108 384 486 444 
Vertex 445 distance 39
0 121 64 436 602 448 587 445 
Vertex 446 distance 42
0 410 469 102 583 546 446 
Vertex 447 distance 27
0 410 234 108 384 486 447 
Vertex 448 distance 27
0 121 64 436 602 448 
Vertex 449 distance 31
0 410 567 120 566 271 449 
Vertex 450 distance 14
0 121 64 352 313 450 
Vertex 451 distance 33
0 410 567 120 580 461 451 
Vertex 452 distance 27
0 229 290 441 126 452 
Vertex 453 distance 26
0 121 64 352 525 275 16 319 118 453 
Vertex 454 distance 18
0 410 567 120 72 345 27 454 
Vertex 455 distance 24
0 410 234 108 455 
Vertex 456 distance 43
0 410 469 68 613 88 472 325 456 
Vertex 457 distance 27
0 121 64 352 525 275 16 319 374 457 
Vertex 458 distance 38
0 121 64 352 383 285 458 
Vertex 459 distance 37
0 410 469 68 48 459 
Vertex 460 distance 35
0 410 234 108 384 637 78 177 460 
Vertex 461 distance 27
0 410 567 120 580 461 
Vertex 462 distance 27
0 121 64 436 532 200 462 
Vertex 463 distance 28
0 571 463 
Vertex 464 distance 36
0 410 234 108 455 424 464 
Vertex 465 distance 26
0 121 64 245 96 326 188 339 510 465 
Vertex 466 distance 17
0 121 64 436 532 233 218 466 
Vertex 467 distance 23
0 121 64 436 602 639 467 
Vertex 468 distance 28
0 571 468 
Vertex 469 distance 8
0 410 469 
Vertex 470 distance 28
0 229 290 494 470 
Vertex 471 distance 25
0 121 64 245 28 336 382 471 
Vertex 472 distance 21
0 410 469 68 613 88 472 
Vertex 473 distance 32
0 121 64 436 532 233 218 488 576 473 
Vertex 474 distance 31
0 122 584 474 
Vertex 475 distance 26
0 121 64 475 
Vertex 476 distance 25
0 410 469 542 476 
Vertex 477 distance 33
0 121 64 245 96 326 364 192 477 
Vertex 478 distance 27
0 229 346 478 
Vertex 479 distance 31
0 410 234 108 384 52 236 530 479 
Vertex 480 distance 31
0 121 64 352 313 450 150 162 480 
Vertex 481 distance 36
0 121 64 436 419 481 
Vertex 482 distance 27
0 121 64 436 532 482 
Vertex 483 distance 23
0 410 15 349 483 
Vertex 484 distance 29
0 410 567 207 251 376 506 484 
Vertex 485 distance 43
0 410 469 68 613 485 
Vertex 486 distance 19
0 410 234 108 384 486 
Vertex 487 distance 18
0 410 15 487 
Vertex 488 distance 23
0 121 64 436 532 233 218 488 
Vertex 489 distance 27
0 410 567 120 72 345 27 489 
Vertex 490 distance 34
0 410 234 108 384 52 236 195 490 
Vertex 491 distance 19
0 121 64 436 532 527 491 
Vertex 492 distance 32
0 121 64 436 602 639 492 
Vertex 493 distance 38
0 121 64 352 525 275 359 141 548 636 493 
Vertex 494 distance 24
0 229 290 494 
Vertex 495 distance 26
0 121 64 436 602 44 495 
Vertex 496 distance 33
0 121 64 352 525 275 16 319 374 204 24 496 
Vertex 497 distance 25
0 121 64 436 357 617 497 
Vertex 498 distance 25
0 571 107 498 
Vertex 499 distance 56
0 410 234 108 384 637 78 499 
Vertex 500 distance 23
0 410 469 102 500 
Vertex 501 distance 27
0 410 469 68 48 210 301 501 
Vertex 502 distance 22
0 121 64 436 419 502 
Vertex 503 distance 24
0 121 64 436 532 233 218 503 
Vertex 504 distance 32
0 410 15 570 578 412 504 
Vertex 505 distance 18
0 410 414 505 
Vertex 506 distance 24
0 410 567 207 251 376 506 
Vertex 507 distance 22
0 121 64 352 525 275 16 319 83 507 
Vertex 508 distance 48
0 121 64 436 532 540 508 
Vertex 509 distance 30
0 121 64 245 96 509 
Vertex 510 distance 25
0 121 64 245 96 326 188 339 510 
Vertex 511 distance 28
0 410 567 120 72 190 633 573 511 
Vertex 512 distance 15
0 410 15 334 512 
Vertex 513 distance 28
0 410 469 68 87 58 561 513 
Vertex 514 distance 26
0 121 64 352 525 275 16 319 374 204 170 514 
Vertex 515 distance 23
0 515 
Vertex 516 distance 29
0 121 64 352 525 275 16 319 83 237 516 
Vertex 517 distance 29
0 410 567 120 72 190 256 297 517 
Vertex 518 distance 35
0 121 64 436 532 527 523 590 518 
Vertex 519 distance 16
0 121 64 436 519 
Vertex 520 distance 28
0 410 629 124 520 
Vertex 521 distance 21
0 410 469 281 521 
Vertex 522 distance 34
0 410 629 606 562 522 
Vertex 523 distance 21
0 121 64 436 532 527 523 
Vertex 524 distance 34
0 410 469 68 265 614 524 
Vertex 525 distance 12
0 121 64 352 525 
Vertex 526 distance 29
0 121 64 436 602 44 98 143 526 
Vertex 527 distance 17
0 121 64 436 532 527 
Vertex 528 distance 26
0 571 107 498 528 
Vertex 529 distance 32
0 229 290 529 
Vertex 530 distance 26
0 410 234 108 384 52 236 530 
Vertex 531 distance 24
0 121 64 352 525 275 16 319 374 204 170 531 
Vertex 532 distance 12
0 121 64 436 532 
Vertex 533 distance 32
0 410 414 533 
Vertex 534 distance 25
0 534 
Vertex 535 distance 24
0 121 64 245 535 
Vertex 536 distance 26
0 121 64 352 525 275 16 545 536 
Vertex 537 distance 30
0 121 64 352 525 275 16 319 374 457 537 
Vertex 538 distance 27
0 410 15 334 149 538 
Vertex 539 distance 26
0 410 469 68 265 539 
Vertex 540 distance 20
0 121 64 436 532 540 
Vertex 541 distance 28
0 534 541 
Vertex 542 distance 16
0 410 469 542 
Vertex 543 distance 34
0 121 64 436 602 44 17 137 543 
Vertex 544 distance 25
0 121 64 436 602 544 
Vertex 545 distance 24
0 121 64 352 525 275 16 545 
Vertex 546 distance 28
0 410 469 102 583 546 
Vertex 547 distance 35
0 410 234 108 384 298 213 547 
Vertex 548 distance 25
0 121 64 352 525 275 359 141 548 
Vertex 549 distance 28
0 410 234 108 591 402 549 
Vertex 550 distance 26
0 410 234 108 384 52 236 351 550 
Vertex 551 distance 24
0 121 64 436 532 527 491 247 551 
Vertex 552 distance 29
0 410 567 120 72 190 633 552 
Vertex 553 distance 34
0 410 469 102 583 553 
Vertex 554 distance 18
0 410 469 542 554 
Vertex 555 distance 27
0 229 626 100 214 555 
Vertex 556 distance 30
0 122 5 53 556 
Vertex 557 distance 29
0 410 15 570 578 557 
Vertex 558 distance 27
0 410 234 108 384 52 236 351 550 558 
Vertex 559 distance 18
0 121 64 352 525 559 
Vertex 560 distance 31
0 410 469 102 560 
Vertex 561 distance 17
0 410 469 68 87 58 561 
Vertex 562 distance 30
0 410 629 606 562 
Vertex 563 distance 32
0 410 469 68 87 58 563 
Vertex 564 distance 30
0 410 567 120 72 69 564 
Vertex 565 distance 28
0 410 567 120 90 594 565 
Vertex 566 distance 19
0 410 567 120 566 
Vertex 567 distance 11
0 410 567 
Vertex 568 distance 29
0 410 234 108 384 637 78 177 568 
Vertex 569 distance 40
0 121 64 436 419 180 569 
Vertex 570 distance 16
0 410 15 570 
Vertex 571 distance 17
0 571 
Vertex 572 distance 18
0 410 567 120 72 69 572 
Vertex 573 distance 27
0 410 567 120 72 190 633 573 
Vertex 574 distance 29
0 121 64 352 525 275 16 319 83 385 574 
Vertex 575 distance 28
0 121 64 245 28 575 
Vertex 576 distance 28
0 121 64 436 532 233 218 488 576 
Vertex 577 distance 23
0 121 64 245 96 326 364 192 577 
Vertex 578 distance 19
0 410 15 570 578 
Vertex 579 distance 28
0 410 469 68 613 579 
Vertex 580 distance 23
0 410 567 120 580 
Vertex 581 distance 36
0 410 469 68 265 161 581 
Vertex 582 distance 26
0 410 469 68 87 101 309 582 
Vertex 583 distance 21
0 410 469 102 583 
Vertex 584 distance 30
0 122 584 
Vertex 585 distance 38
0 410 15 570 585 
Vertex 586 distance 19
0 410 469 542 554 586 
Vertex 587 distance 31
0 121 64 436 602 448 587 
Vertex 588 distance 25
0 121 264 438 588 
Vertex 589 distance 26
0 410 469 619 589 
Vertex 590 distance 25
0 121 64 436 532 527 523 590 
Vertex 591 distance 25
0 410 234 108 591 
Vertex 592 distance 33
0 121 64 352 525 275 16 319 374 204 170 531 592 
Vertex 593 distance 34
0 410 234 108 384 52 236 351 593 
Vertex 594 distance 22
0 410 567 120 90 594 
Vertex 595 distance 39
0 410 469 281 521 387 380 595 
Vertex 596 distance 36
0 121 64 245 96 326 188 596 
Vertex 597 distance 35
0 410 469 68 48 210 301 501 203 89 597 
Vertex 598 distance 32
0 121 64 352 525 275 16 319 374 204 93 598 
Vertex 599 distance 26
0 122 5 53 599 
Vertex 600 distance 28
0 121 64 436 532 527 523 590 600 
Vertex 601 distance 33
0 121 64 352 525 275 359 141 601 
Vertex 602 distance 15
0 121 64 436 602 
Vertex 603 distance 35
0 410 567 120 90 594 603 
Vertex 604 distance 29
0 410 15 487 429 604 
Vertex 605 distance 30
0 229 626 328 299 605 
Vertex 606 distance 21
0 410 629 606 
Vertex 607 distance 22
0 410 234 108 384 637 78 288 607 
Vertex 608 distance 29
0 410 469 21 608 
Vertex 609 distance 32
0 229 626 100 214 610 609 
Vertex 610 distance 25
0 229 626 100 214 610 
Vertex 611 distance 25
0 229 346 611 
Vertex 612 distance 28
0 121 64 245 28 336 612 
Vertex 613 distance 14
0 410 469 68 613 
Vertex 614 distance 19
0 410 469 68 265 614 
Vertex 615 distance 34
0 410 234 108 384 134 360 615 
Vertex 616 distance 32
0 121 64 436 532 200 462 616 
Vertex 617 distance 23
0 121 64 436 357 617 
Vertex 618 distance 32
0 410 567 207 251 618 
Vertex 619 distance 23
0 410 469 619 
Vertex 620 distance 21
0 229 620 
Vertex 621 distance 24
0 121 64 352 525 559 621 
Vertex 622 distance 18
0 121 64 245 96 326 622 
Vertex 623 distance 30
0 121 64 436 532 482 623 
Vertex 624 distance 31
0 121 64 245 96 315 624 
Vertex 625 distance 34
0 410 469 68 48 210 301 242 625 
Vertex 626 distance 18
0 229 626 
Vertex 627 distance 26
0 122 5 627 
Vertex 628 distance 12
0 121 64 245 628 
Vertex 629 distance 11
0 410 629 
Vertex 630 distance 26
0 121 64 245 28 336 630 
Vertex 631 distance 30
0 121 64 352 525 275 16 319 374 204 26 42 631 
Vertex 632 distance 17
0 410 234 632 
Vertex 633 distance 21
0 410 567 120 72 190 633 
Vertex 634 distance 21
0 410 234 108 384 637 78 634 
Vertex 635 distance 27
0 410 567 120 72 190 635 
Vertex 636 distance 26
0 121 64 352 525 275 359 141 548 636 
Vertex 637 distance 17
0 410 234 108 384 637 
Vertex 638 distance 19
0 410 469 68 87 101 638 
Vertex 639 distance 18
0 121 64 436 602 639 
