Vertex 0 distance 0
0 0 
Vertex 1 distance 32
0 636 201 34 515 628 1 
Vertex 2 distance 37
0 636 415 292 2 
Vertex 3 distance 37
0 636 201 34 639 51 85 3 
Vertex 4 distance 37
0 636 201 253 103 164 4 
Vertex 5 distance 38
0 636 201 253 103 451 105 5 
Vertex 6 distance 29
0 42 500 173 241 6 
Vertex 7 distance 29
0 636 201 253 103 472 7 
Vertex 8 distance 35
0 636 409 629 449 8 
Vertex 9 distance 33
0 636 201 34 80 209 519 232 9 
Vertex 10 distance 38
0 636 201 34 639 67 569 10 
Vertex 11 distance 40
0 636 415 11 
Vertex 12 distance 27
0 636 409 533 12 
Vertex 13 distance 35
0 636 490 206 397 187 316 13 
Vertex 14 distance 32
0 636 409 155 401 406 339 312 544 14 
Vertex 15 distance 39
0 636 409 115 509 15 
Vertex 16 distance 36
0 636 201 34 515 45 16 
Vertex 17 distance 22
0 636 201 325 617 17 
Vertex 18 distance 36
0 636 415 528 112 332 18 
Vertex 19 distance 38
0 636 201 34 515 45 347 525 19 
Vertex 20 distance 26
0 636 201 325 535 599 459 20 
Vertex 21 distance 30
0 636 409 115 509 96 514 21 
Vertex 22 distance 33
0 636 409 155 408 175 22 
Vertex 23 distance 45
0 636 490 206 397 581 508 23 
Vertex 24 distance 24
0 636 201 556 24 
Vertex 25 distance 33
0 636 201 556 183 25 
Vertex 26 distance 45
0 42 351 510 26 
Vertex 27 distance 35
0 636 490 206 27 
Vertex 28 distance 21
0 28 
Vertex 29 distance 39
0 636 201 325 617 492 568 327 595 29 
Vertex 30 distance 24
0 636 409 30 
Vertex 31 distance 36
0 636 201 253 103 472 606 31 
Vertex 32 distance 33
0 636 409 155 401 625 32 
Vertex 33 distance 35
0 636 523 222 33 
Vertex 34 distance 14
0 636 201 34 
Vertex 35 distance 43
0 636 201 34 515 404 486 35 
Vertex 36 distance 48
0 636 409 483 36 
Vertex 37 distance 37
0 636 201 253 103 451 607 37 
Vertex 38 distance 30
0 42 500 366 38 
Vertex 39 distance 35
0 636 409 155 401 406 427 570 39 
Vertex 40 distance 29
0 636 409 130 40 
Vertex 41 distance 35
0 42 266 41 
Vertex 42 distance 15
0 42 
Vertex 43 distance 32
0 636 273 527 43 
Vertex 44 distance 35
0 636 409 30 44 
Vertex 45 distance 29
0 636 201 34 515 45 
Vertex 46 distance 22
0 636 409 155 401 46 
Vertex 47 distance 24
0 636 201 152 47 
Vertex 48 distance 41
0 636 201 34 80 209 519 48 
Vertex 49 distance 35
0 636 409 115 509 476 49 
Vertex 50 distance 31
0 636 409 155 50 
Vertex 51 distance 24
0 636 201 34 639 51 
Vertex 52 distance 45
0 636 201 556 296 208 555 52 
Vertex 53 distance 28
0 636 415 157 53 
Vertex 54 distance 41
0 636 409 155 401 625 73 285 54 
Vertex 55 distance 43
0 42 500 173 242 116 551 55 
Vertex 56 distance 35
0 636 409 155 401 625 353 205 56 
Vertex 57 distance 21
0 636 75 57 
Vertex 58 distance 32
0 636 201 325 387 59 58 
Vertex 59 distance 20
0 636 201 325 387 59 
Vertex 60 distance 42
0 42 351 510 60 
Vertex 61 distance 34
0 636 409 533 12 179 61 
Vertex 62 distance 39
0 636 415 418 585 530 62 
Vertex 63 distance 40
0 636 409 130 40 63 
Vertex 64 distance 36
0 636 201 34 515 575 81 468 64 
Vertex 65 distance 29
0 636 409 533 12 179 65 
Vertex 66 distance 36
0 636 409 115 509 96 514 93 66 
Vertex 67 distance 32
0 636 201 34 639 67 
Vertex 68 distance 34
0 636 409 155 401 625 73 609 330 68 
Vertex 69 distance 33
0 636 201 325 535 287 398 69 
Vertex 70 distance 37
0 636 201 325 617 492 568 70 
Vertex 71 distance 36
0 636 409 115 71 
Vertex 72 distance 27
0 42 72 
Vertex 73 distance 25
0 636 409 155 401 625 73 
Vertex 74 distance 33
0 636 409 155 401 625 353 205 74 
Vertex 75 distance 13
0 636 75 
Vertex 76 distance 32
0 636 201 325 617 620 76 
Vertex 77 distance 37
0 636 201 325 535 287 398 502 77 
Vertex 78 distance 28
0 636 409 533 359 225 78 
Vertex 79 distance 30
0 636 75 79 
Vertex 80 distance 24
0 636 201 34 80 
Vertex 81 distance 32
0 636 201 34 515 575 81 
Vertex 82 distance 37
0 636 201 325 535 287 398 502 306 82 
Vertex 83 distance 21
0 636 409 115 509 83 
Vertex 84 distance 30
0 636 201 34 80 209 519 84 
Vertex 85 distance 26
0 636 201 34 639 51 85 
Vertex 86 distance 36
0 636 409 155 401 406 427 570 39 86 
Vertex 87 distance 33
0 636 201 325 387 277 87 
Vertex 88 distance 22
0 636 415 418 88 
Vertex 89 distance 34
0 636 409 629 592 89 
Vertex 90 distance 30
0 636 201 152 90 
Vertex 91 distance 39
0 636 201 325 617 492 568 327 595 91 
Vertex 92 distance 29
0 636 201 253 103 472 92 
Vertex 93 distance 35
0 636 409 115 509 96 514 93 
Vertex 94 distance 46
0 636 201 253 103 164 516 94 
Vertex 95 distance 38
0 636 409 115 509 476 95 
Vertex 96 distance 25
0 636 409 115 509 96 
Vertex 97 distance 38
0 636 201 253 103 164 309 97 
Vertex 98 distance 42
0 636 201 325 617 492 568 327 595 460 357 98 
Vertex 99 distance 46
0 636 490 206 397 302 99 
Vertex 100 distance 31
0 636 415 418 585 530 100 
Vertex 101 distance 29
0 636 409 533 359 225 286 101 
Vertex 102 distance 37
0 636 415 418 88 113 177 102 
Vertex 103 distance 22
0 636 201 253 103 
Vertex 104 distance 36
0 636 409 533 359 225 78 104 
Vertex 105 distance 32
0 636 201 253 103 451 105 
Vertex 106 distance 32
0 636 409 520 580 106 
Vertex 107 distance 30
0 636 201 34 639 614 107 
Vertex 108 distance 32
0 636 415 418 88 113 177 108 
Vertex 109 distance 35
0 636 201 325 617 492 568 289 109 
Vertex 110 distance 35
0 636 409 30 125 110 
Vertex 111 distance 37
0 636 201 325 617 111 
Vertex 112 distance 27
0 636 415 528 112 
Vertex 113 distance 27
0 636 415 418 88 113 
Vertex 114 distance 34
0 636 409 629 592 499 114 
Vertex 115 distance 14
0 636 409 115 
Vertex 116 distance 36
0 42 500 173 242 116 
Vertex 117 distance 29
0 636 201 556 24 260 117 
Vertex 118 distance 31
0 636 201 325 617 492 512 118 
Vertex 119 distance 39
0 636 201 325 535 287 398 502 119 
Vertex 120 distance 36
0 636 409 115 216 423 120 
Vertex 121 distance 35
0 636 201 34 80 209 519 121 
Vertex 122 distance 40
0 636 201 325 617 492 568 327 595 460 122 
Vertex 123 distance 38
0 636 201 34 80 313 123 
Vertex 124 distance 35
0 636 201 556 296 165 124 
Vertex 125 distance 25
0 636 409 30 125 
Vertex 126 distance 33
0 636 201 325 617 17 126 
Vertex 127 distance 35
0 28 127 
Vertex 128 distance 38
0 42 500 320 128 
Vertex 129 distance 22
0 636 273 129 
Vertex 130 distance 22
0 636 409 130 
Vertex 131 distance 30
0 636 201 253 103 472 7 131 
Vertex 132 distance 46
0 636 409 155 401 625 348 374 132 
Vertex 133 distance 41
0 636 201 34 515 628 547 619 133 
Vertex 134 distance 37
0 636 409 115 216 134 
Vertex 135 distance 37
0 636 201 253 103 472 606 135 
Vertex 136 distance 43
0 636 415 418 88 113 177 343 457 136 
Vertex 137 distance 38
0 636 201 325 524 137 
Vertex 138 distance 42
0 636 201 325 535 599 459 138 
Vertex 139 distance 32
0 636 415 463 139 
Vertex 140 distance 37
0 636 304 238 140 
Vertex 141 distance 33
0 636 409 30 141 
Vertex 142 distance 26
0 28 142 
Vertex 143 distance 25
0 636 201 152 47 143 
Vertex 144 distance 40
0 636 201 556 296 208 555 144 
Vertex 145 distance 33
0 636 201 152 90 145 
Vertex 146 distance 33
0 636 409 533 12 179 65 146 
Vertex 147 distance 24
0 636 409 130 147 
Vertex 148 distance 41
0 636 490 206 397 581 508 148 
Vertex 149 distance 38
0 636 409 533 359 225 286 101 149 
Vertex 150 distance 39
0 636 523 221 407 150 
Vertex 151 distance 23
0 636 409 155 401 151 
Vertex 152 distance 21
0 636 201 152 
Vertex 153 distance 38
0 636 273 527 153 
Vertex 154 distance 35
0 636 201 34 639 614 107 265 154 
Vertex 155 distance 16
0 636 409 155 
Vertex 156 distance 35
0 636 273 129 305 365 604 237 156 
Vertex 157 distance 27
0 636 415 157 
Vertex 158 distance 38
0 636 201 34 515 575 81 468 64 158 
Vertex 159 distance 27
0 636 409 155 408 159 
Vertex 160 distance 26
0 636 409 629 592 160 
Vertex 161 distance 39
0 636 490 206 397 161 
Vertex 162 distance 35
0 636 201 34 80 209 162 
Vertex 163 distance 37
0 636 201 34 639 614 107 373 163 
Vertex 164 distance 30
0 636 201 253 103 164 
Vertex 165 distance 33
0 636 201 556 296 165 
Vertex 166 distance 49
0 636 409 533 359 225 286 101 166 
Vertex 167 distance 31
0 636 490 206 167 
Vertex 168 distance 33
0 636 201 325 617 17 417 632 168 
Vertex 169 distance 38
0 636 273 129 169 
Vertex 170 distance 29
0 636 409 155 401 406 339 170 
Vertex 171 distance 34
0 636 409 115 509 171 
Vertex 172 distance 41
0 636 201 253 103 379 172 
Vertex 173 distance 24
0 42 500 173 
Vertex 174 distance 35
0 42 500 366 538 174 
Vertex 175 distance 19
0 636 409 155 408 175 
Vertex 176 distance 44
0 636 409 629 449 8 176 
Vertex 177 distance 30
0 636 415 418 88 113 177 
Vertex 178 distance 30
0 636 273 178 
Vertex 179 distance 28
0 636 409 533 12 179 
Vertex 180 distance 37
0 636 409 30 235 180 
Vertex 181 distance 36
0 636 201 556 181 
Vertex 182 distance 35
0 636 409 629 182 
Vertex 183 distance 26
0 636 201 556 183 
Vertex 184 distance 38
0 636 201 253 103 164 184 
Vertex 185 distance 41
0 636 415 418 585 530 100 236 314 245 185 
Vertex 186 distance 35
0 636 75 186 
Vertex 187 distance 27
0 636 490 206 397 187 
Vertex 188 distance 42
0 636 201 34 515 45 347 525 605 588 188 
Vertex 189 distance 34
0 636 409 197 189 
Vertex 190 distance 38
0 636 409 155 401 406 339 312 544 14 190 
Vertex 191 distance 36
0 636 415 418 88 191 
Vertex 192 distance 40
0 636 201 34 515 404 486 321 192 
Vertex 193 distance 35
0 636 201 556 24 260 117 630 193 
Vertex 194 distance 35
0 636 409 197 189 194 
Vertex 195 distance 39
0 636 490 206 397 195 
Vertex 196 distance 42
0 636 409 155 401 151 196 
Vertex 197 distance 32
0 636 409 197 
Vertex 198 distance 44
0 636 201 325 387 59 58 198 
Vertex 199 distance 25
0 636 409 130 199 
Vertex 200 distance 37
0 636 304 238 200 
Vertex 201 distance 11
0 636 201 
Vertex 202 distance 24
0 636 415 418 202 
Vertex 203 distance 26
0 636 201 325 535 203 
Vertex 204 distance 32
0 636 511 204 
Vertex 205 distance 31
0 636 409 155 401 625 353 205 
Vertex 206 distance 19
0 636 490 206 
Vertex 207 distance 37
0 636 201 253 596 207 
Vertex 208 distance 32
0 636 201 556 296 208 
Vertex 209 distance 27
0 636 201 34 80 209 
Vertex 210 distance 37
0 636 409 155 210 
Vertex 211 distance 35
0 636 201 253 441 211 
Vertex 212 distance 33
0 636 201 325 387 220 212 
Vertex 213 distance 35
0 636 201 325 617 492 568 327 595 460 213 
Vertex 214 distance 40
0 636 201 556 296 165 214 
Vertex 215 distance 28
0 636 409 466 215 
Vertex 216 distance 24
0 636 409 115 216 
Vertex 217 distance 31
0 42 500 173 241 217 
Vertex 218 distance 30
0 636 415 292 218 
Vertex 219 distance 36
0 636 201 34 639 614 219 
Vertex 220 distance 24
0 636 201 325 387 220 
Vertex 221 distance 32
0 636 523 221 
Vertex 222 distance 24
0 636 523 222 
Vertex 223 distance 32
0 636 409 30 125 223 
Vertex 224 distance 43
0 636 409 155 401 406 427 570 39 224 
Vertex 225 distance 27
0 636 409 533 359 225 
Vertex 226 distance 47
0 636 409 155 401 406 339 170 326 494 226 
Vertex 227 distance 34
0 636 409 155 50 227 
Vertex 228 distance 45
0 636 201 34 515 628 547 619 228 
Vertex 229 distance 37
0 636 409 115 509 96 514 93 66 229 
Vertex 230 distance 38
0 636 201 253 103 472 7 419 230 
Vertex 231 distance 38
0 636 490 206 231 
Vertex 232 distance 31
0 636 201 34 80 209 519 232 
Vertex 233 distance 34
0 636 201 152 90 233 
Vertex 234 distance 34
0 636 201 325 617 17 126 234 
Vertex 235 distance 32
0 636 409 30 235 
Vertex 236 distance 33
0 636 415 418 585 530 100 236 
Vertex 237 distance 33
0 636 273 129 305 365 604 237 
Vertex 238 distance 34
0 636 304 238 
Vertex 239 distance 39
0 636 409 115 509 96 562 239 
Vertex 240 distance 47
0 636 201 325 617 492 568 327 595 460 213 240 
Vertex 241 distance 26
0 42 500 173 241 
Vertex 242 distance 33
0 42 500 173 242 
Vertex 243 distance 32
0 636 409 466 215 243 
Vertex 244 distance 41
0 636 415 418 88 113 439 454 244 
Vertex 245 distance 37
0 636 415 418 585 530 100 236 314 245 
Vertex 246 distance 37
0 636 201 253 441 246 
Vertex 247 distance 40
0 636 201 556 24 260 117 247 
Vertex 248 distance 36
0 636 201 325 340 248 
Vertex 249 distance 36
0 636 201 249 
Vertex 250 distance 37
0 636 201 34 639 614 250 
Vertex 251 distance 35
0 636 409 629 449 251 
Vertex 252 distance 40
0 636 409 155 401 406 339 312 507 252 
Vertex 253 distance 20
0 636 201 253 
Vertex 254 distance 41
0 636 201 325 340 269 254 
Vertex 255 distance 39
0 636 409 155 401 406 257 255 
Vertex 256 distance 33
0 636 201 325 617 492 568 327 256 
Vertex 257 distance 38
0 636 409 155 401 406 257 
Vertex 258 distance 24
0 636 201 34 639 614 258 
Vertex 259 distance 33
0 636 409 466 215 243 259 
Vertex 260 distance 26
0 636 201 556 24 260 
Vertex 261 distance 30
0 636 201 34 80 209 519 261 
Vertex 262 distance 39
0 636 201 253 103 451 105 262 
Vertex 263 distance 33
0 636 273 129 305 365 604 263 
Vertex 264 distance 51
0 636 201 325 535 599 264 
Vertex 265 distance 31
0 636 201 34 639 614 107 265 
Vertex 266 distance 20
0 42 266 
Vertex 267 distance 23
0 636 201 325 617 17 267 
Vertex 268 distance 36
0 636 75 57 268 
Vertex 269 distance 38
0 636 201 325 340 269 
Vertex 270 distance 35
0 636 409 155 401 406 339 312 544 14 270 
Vertex 271 distance 40
0 636 201 556 24 260 608 271 
Vertex 272 distance 31
0 636 201 556 24 272 
Vertex 273 distance 20
0 636 273 
Vertex 274 distance 41
0 636 201 34 515 575 81 468 64 274 
Vertex 275 distance 47
0 636 75 610 531 275 
Vertex 276 distance 27
0 636 201 253 103 276 
Vertex 277 distance 32
0 636 201 325 387 277 
Vertex 278 distance 37
0 636 201 556 24 260 278 
Vertex 279 distance 36
0 636 273 178 279 
Vertex 280 distance 35
0 636 201 253 103 276 280 
Vertex 281 distance 30
0 636 409 130 147 281 
Vertex 282 distance 35
0 636 409 115 509 96 586 282 
Vertex 283 distance 44
0 636 490 206 397 581 576 283 
Vertex 284 distance 32
0 636 201 325 617 284 
Vertex 285 distance 29
0 636 409 155 401 625 73 285 
Vertex 286 distance 28
0 636 409 533 359 225 286 
Vertex 287 distance 27
0 636 201 325 535 287 
Vertex 288 distance 40
0 636 415 292 218 288 
Vertex 289 distance 30
0 636 201 325 617 492 568 289 
Vertex 290 distance 34
0 636 201 34 515 45 290 
Vertex 291 distance 47
0 636 201 325 617 492 568 327 595 460 291 
Vertex 292 distance 29
0 636 415 292 
Vertex 293 distance 44
0 636 409 115 509 96 514 93 66 229 293 
Vertex 294 distance 26
0 636 409 155 294 
Vertex 295 distance 44
0 636 409 155 401 406 339 295 
Vertex 296 distance 17
0 636 201 556 296 
Vertex 297 distance 34
0 636 415 418 88 113 297 
Vertex 298 distance 41
0 636 415 418 88 113 177 108 298 
Vertex 299 distance 41
0 636 201 556 296 165 299 
Vertex 300 distance 23
0 636 201 34 515 300 
Vertex 301 distance 40
0 636 201 34 80 209 519 261 301 
Vertex 302 distance 34
0 636 490 206 397 302 
Vertex 303 distance 28
0 636 201 556 303 
Vertex 304 distance 17
0 636 304 
Vertex 305 distance 26
0 636 273 129 305 
Vertex 306 distance 32
0 636 201 325 535 287 398 502 306 
Vertex 307 distance 48
0 636 201 325 535 287 398 502 119 307 
Vertex 308 distance 42
0 636 201 253 103 164 309 97 308 
Vertex 309 distance 31
0 636 201 253 103 164 309 
Vertex 310 distance 31
0 636 490 206 310 
Vertex 311 distance 25
0 636 201 325 617 492 311 
Vertex 312 distance 29
0 636 409 155 401 406 339 312 
Vertex 313 distance 30
0 636 201 34 80 313 
Vertex 314 distance 34
0 636 415 418 585 530 100 236 314 
Vertex 315 distance 28
0 636 201 325 340 315 
Vertex 316 distance 33
0 636 490 206 397 187 316 
Vertex 317 distance 33
0 636 201 152 47 143 317 
Vertex 318 distance 31
0 42 351 318 
Vertex 319 distance 43
0 636 409 115 71 319 
Vertex 320 distance 33
0 42 500 320 
Vertex 321 distance 35
0 636 201 34 515 404 486 321 
Vertex 322 distance 37
0 636 201 253 441 440 322 
Vertex 323 distance 36
0 636 409 115 216 423 323 
Vertex 324 distance 31
0 636 201 253 103 472 92 324 
Vertex 325 distance 14
0 636 201 325 
Vertex 326 distance 34
0 636 409 155 401 406 339 170 326 
Vertex 327 distance 27
0 636 201 325 617 492 568 327 
Vertex 328 distance 40
0 636 201 253 441 328 
Vertex 329 distance 42
0 636 201 325 617 17 126 234 444 329 
Vertex 330 distance 27
0 636 409 155 401 625 73 609 330 
Vertex 331 distance 38
0 636 201 556 183 331 
Vertex 332 distance 30
0 636 415 528 112 332 
Vertex 333 distance 40
0 636 201 325 387 589 333 
Vertex 334 distance 33
0 636 409 155 401 406 471 334 
Vertex 335 distance 36
0 636 490 206 397 187 335 
Vertex 336 distance 36
0 636 201 325 535 287 398 69 336 
Vertex 337 distance 38
0 636 201 34 515 404 337 
Vertex 338 distance 47
0 636 409 533 12 368 338 
Vertex 339 distance 28
0 636 409 155 401 406 339 
Vertex 340 distance 25
0 636 201 325 340 
Vertex 341 distance 35
0 636 201 253 103 472 7 131 536 341 
Vertex 342 distance 41
0 636 201 253 103 472 7 131 536 342 
Vertex 343 distance 34
0 636 415 418 88 113 177 343 
Vertex 344 distance 35
0 636 409 155 401 151 344 
Vertex 345 distance 40
0 636 201 325 345 
Vertex 346 distance 41
0 636 201 253 103 472 7 419 230 346 
Vertex 347 distance 30
0 636 201 34 515 45 347 
Vertex 348 distance 30
0 636 409 155 401 625 348 
Vertex 349 distance 23
0 636 409 349 
Vertex 350 distance 37
0 28 127 350 
Vertex 351 distance 20
0 42 351 
Vertex 352 distance 47
0 636 409 155 401 625 73 609 330 352 
Vertex 353 distance 25
0 636 409 155 401 625 353 
Vertex 354 distance 33
0 42 500 173 241 217 354 
Vertex 355 distance 21
0 636 409 629 592 355 
Vertex 356 distance 32
0 636 409 155 401 406 339 312 356 
Vertex 357 distance 35
0 636 201 325 617 492 568 327 595 460 357 
Vertex 358 distance 37
0 636 201 34 639 67 358 
Vertex 359 distance 17
0 636 409 533 359 
Vertex 360 distance 33
0 636 415 418 88 113 360 
Vertex 361 distance 27
0 42 500 366 361 
Vertex 362 distance 36
0 636 201 325 617 620 76 362 
Vertex 363 distance 27
0 28 142 363 
Vertex 364 distance 38
0 636 409 115 71 364 
Vertex 365 distance 29
0 636 273 129 305 365 
Vertex 366 distance 26
0 42 500 366 
Vertex 367 distance 48
0 636 75 57 367 
Vertex 368 distance 39
0 636 409 533 12 368 
Vertex 369 distance 40
0 636 201 34 639 614 107 369 
Vertex 370 distance 41
0 636 415 418 585 530 435 370 
Vertex 371 distance 30
0 28 142 363 371 
Vertex 372 distance 41
0 636 201 325 617 492 568 327 595 460 357 372 
Vertex 373 distance 36
0 636 201 34 639 614 107 373 
Vertex 374 distance 42
0 636 409 155 401 625 348 374 
Vertex 375 distance 46
0 636 201 152 47 143 375 
Vertex 376 distance 32
0 636 75 610 376 
Vertex 377 distance 39
0 636 409 629 377 
Vertex 378 distance 33
0 636 409 130 40 378 
Vertex 379 distance 29
0 636 201 253 103 379 
Vertex 380 distance 39
0 636 201 556 296 208 380 
Vertex 381 distance 28
0 636 201 34 381 
Vertex 382 distance 29
0 42 351 382 
Vertex 383 distance 34
0 636 383 
Vertex 384 distance 33
0 636 201 325 617 492 568 289 384 
Vertex 385 distance 36
0 636 415 418 88 113 385 
Vertex 386 distance 33
0 636 201 34 80 209 519 232 386 
Vertex 387 distance 17
0 636 201 325 387 
Vertex 388 distance 29
0 636 201 325 617 17 417 425 388 
Vertex 389 distance 38
0 636 409 155 401 625 348 389 
Vertex 390 distance 40
0 636 201 253 103 472 92 324 390 
Vertex 391 distance 38
0 636 409 30 391 
Vertex 392 distance 31
0 636 409 130 474 392 
Vertex 393 distance 46
0 636 409 155 401 598 393 
Vertex 394 distance 32
0 636 490 206 397 187 394 
Vertex 395 distance 29
0 636 409 155 401 625 73 609 395 
Vertex 396 distance 32
0 636 409 155 401 625 396 
Vertex 397 distance 20
0 636 490 206 397 
Vertex 398 distance 29
0 636 201 325 535 287 398 
Vertex 399 distance 47
0 636 409 115 509 96 562 552 453 399 
Vertex 400 distance 37
0 636 201 325 617 492 400 
Vertex 401 distance 18
0 636 409 155 401 
Vertex 402 distance 33
0 636 490 206 167 402 
Vertex 403 distance 40
0 636 75 501 429 403 
Vertex 404 distance 25
0 636 201 34 515 404 
Vertex 405 distance 35
0 636 273 129 305 365 604 263 405 
Vertex 406 distance 25
0 636 409 155 401 406 
Vertex 407 distance 33
0 636 523 221 407 
Vertex 408 distance 18
0 636 409 155 408 
Vertex 409 distance 12
0 636 409 
Vertex 410 distance 24
0 636 201 556 410 
Vertex 411 distance 43
0 636 201 325 617 284 411 
Vertex 412 distance 43
0 636 415 418 88 113 439 454 244 412 
Vertex 413 distance 25
0 636 415 418 202 413 
Vertex 414 distance 33
0 636 201 253 103 472 7 131 414 
Vertex 415 distance 19
0 636 415 
Vertex 416 distance 39
0 636 201 325 535 287 398 502 77 416 
Vertex 417 distance 24
0 636 201 325 617 17 417 
Vertex 418 distance 21
0 636 415 418 
Vertex 419 distance 35
0 636 201 253 103 472 7 419 
Vertex 420 distance 42
0 636 409 155 294 420 
Vertex 421 distance 29
0 636 201 325 535 203 421 
Vertex 422 distance 42
0 636 201 34 515 404 486 422 
Vertex 423 distance 34
0 636 409 115 216 423 
Vertex 424 distance 36
0 636 409 533 448 424 
Vertex 425 distance 26
0 636 201 325 617 17 417 425 
Vertex 426 distance 41
0 42 500 173 241 217 354 566 426 
Vertex 427 distance 32
0 636 409 155 401 406 427 
Vertex 428 distance 40
0 636 273 129 305 365 428 
Vertex 429 distance 33
0 636 75 501 429 
Vertex 430 distance 42
0 636 201 34 639 614 107 369 430 
Vertex 431 distance 52
0 636 409 130 474 392 431 
Vertex 432 distance 37
0 636 273 129 591 432 
Vertex 433 distance 58
0 42 500 173 242 116 433 
Vertex 434 distance 28
0 636 409 155 401 46 434 
Vertex 435 distance 34
0 636 415 418 585 530 435 
Vertex 436 distance 24
0 636 201 34 436 
Vertex 437 distance 39
0 636 409 155 408 159 437 
Vertex 438 distance 39
0 636 201 34 515 300 438 
Vertex 439 distance 34
0 636 415 418 88 113 439 
Vertex 440 distance 35
0 636 201 253 441 440 
Vertex 441 distance 26
0 636 201 253 441 
Vertex 442 distance 34
0 636 201 253 596 442 
Vertex 443 distance 42
0 636 415 418 585 530 100 236 314 443 
Vertex 444 distance 40
0 636 201 325 617 17 126 234 444 
Vertex 445 distance 41
0 636 201 325 617 492 568 327 256 485 445 
Vertex 446 distance 34
0 636 409 155 401 406 427 570 446 
Vertex 447 distance 33
0 636 201 34 639 51 85 447 
Vertex 448 distance 35
0 636 409 533 448 
Vertex 449 distance 29
0 636 409 629 449 
Vertex 450 distance 39
0 636 201 325 617 492 568 327 450 
Vertex 451 distance 23
0 636 201 253 103 451 
Vertex 452 distance 40
0 636 409 115 509 476 95 452 
Vertex 453 distance 44
0 636 409 115 509 96 562 552 453 
Vertex 454 distance 39
0 636 415 418 88 113 439 454 
Vertex 455 distance 34
0 636 201 325 535 553 455 
Vertex 456 distance 35
0 636 304 456 
Vertex 457 distance 36
0 636 415 418 88 113 177 343 457 
Vertex 458 distance 43
0 636 409 533 359 225 286 101 458 
Vertex 459 distance 25
0 636 201 325 535 599 459 
Vertex 460 distance 34
0 636 201 325 617 492 568 327 595 460 
Vertex 461 distance 45
0 636 409 155 401 625 73 609 461 
Vertex 462 distance 41
0 636 201 34 639 579 462 
Vertex 463 distance 22
0 636 415 463 
Vertex 464 distance 27
0 636 409 155 401 625 464 
Vertex 465 distance 43
0 636 201 253 103 164 184 465 
Vertex 466 distance 22
0 636 409 466 
Vertex 467 distance 33
0 636 409 155 401 625 467 
Vertex 468 distance 34
0 636 201 34 515 575 81 468 
Vertex 469 distance 33
0 636 409 155 401 406 471 469 
Vertex 470 distance 32
0 636 201 34 80 313 470 
Vertex 471 distance 28
0 636 409 155 401 406 471 
Vertex 472 distance 23
0 636 201 253 103 472 
Vertex 473 distance 30
0 636 409 155 401 46 473 
Vertex 474 distance 28
0 636 409 130 474 
Vertex 475 distance 37
0 636 201 325 617 17 417 632 168 475 
Vertex 476 distance 30
0 636 409 115 509 476 
Vertex 477 distance 39
0 636 201 325 617 111 477 
Vertex 478 distance 36
0 636 201 325 617 478 
Vertex 479 distance 38
0 636 201 556 24 260 608 479 
Vertex 480 distance 49
0 636 201 253 103 472 92 549 480 
Vertex 481 distance 34
0 636 201 325 617 17 267 481 
Vertex 482 distance 38
0 636 415 418 585 530 100 236 314 482 
Vertex 483 distance 37
0 636 409 483 
Vertex 484 distance 42
0 636 409 349 484 
Vertex 485 distance 40
0 636 201 325 617 492 568 327 256 485 
Vertex 486 distance 30
0 636 201 34 515 404 486 
Vertex 487 distance 42
0 28 487 
Vertex 488 distance 38
0 636 201 253 103 379 488 
Vertex 489 distance 29
0 636 201 325 617 492 489 
Vertex 490 distance 16
0 636 490 
Vertex 491 distance 36
0 42 500 173 241 6 491 
Vertex 492 distance 22
0 636 201 325 617 492 
Vertex 493 distance 30
0 636 409 155 401 625 493 
Vertex 494 distance 38
0 636 409 155 401 406 339 170 326 494 
Vertex 495 distance 31
0 636 201 253 103 472 92 495 
Vertex 496 distance 35
0 636 490 206 310 496 
Vertex 497 distance 42
0 636 201 34 515 628 547 619 497 
Vertex 498 distance 34
0 636 415 157 498 
Vertex 499 distance 31
0 636 409 629 592 499 
Vertex 500 distance 16
0 42 500 
Vertex 501 distance 30
0 636 75 501 
Vertex 502 distance 31
0 636 201 325 535 287 398 502 
Vertex 503 distance 39
0 636 201 325 340 503 
Vertex 504 distance 56
0 636 201 253 103 276 504 
Vertex 505 distance 36
0 636 201 253 441 505 
Vertex 506 distance 52
0 636 409 483 36 506 
Vertex 507 distance 37
0 636 409 155 401 406 339 312 507 
Vertex 508 distance 29
0 636 490 206 397 581 508 
Vertex 509 distance 18
0 636 409 115 509 
Vertex 510 distance 32
0 42 351 510 
Vertex 511 distance 24
0 636 511 
Vertex 512 distance 25
0 636 201 325 617 492 512 
Vertex 513 distance 32
0 42 500 173 513 
Vertex 514 distance 28
0 636 409 115 509 96 514 
Vertex 515 distance 21
0 636 201 34 515 
Vertex 516 distance 39
0 636 201 253 103 164 516 
Vertex 517 distance 41
0 636 201 325 387 59 517 
Vertex 518 distance 36
0 636 415 157 518 
Vertex 519 distance 28
0 636 201 34 80 209 519 
Vertex 520 distance 21
0 636 409 520 
Vertex 521 distance 38
0 636 201 34 639 614 107 265 521 
Vertex 522 distance 35
0 636 201 556 24 522 
Vertex 523 distance 22
0 636 523 
Vertex 524 distance 37
0 636 201 325 524 
Vertex 525 distance 33
0 636 201 34 515 45 347 525 
Vertex 526 distance 31
0 636 201 325 617 492 489 526 
Vertex 527 distance 21
0 636 273 527 
Vertex 528 distance 22
0 636 415 528 
Vertex 529 distance 51
0 636 409 466 529 
Vertex 530 distance 28
0 636 415 418 585 530 
Vertex 531 distance 34
0 636 75 610 531 
Vertex 532 distance 41
0 636 490 206 167 402 532 
Vertex 533 distance 14
0 636 409 533 
Vertex 534 distance 31
0 636 409 155 401 625 73 534 
Vertex 535 distance 17
0 636 201 325 535 
Vertex 536 distance 33
0 636 201 253 103 472 7 131 536 
Vertex 537 distance 40
0 42 500 173 241 537 
Vertex 538 distance 33
0 42 500 366 538 
Vertex 539 distance 37
0 636 415 418 202 413 539 
Vertex 540 distance 34
0 636 201 152 47 143 317 540 
Vertex 541 distance 42
0 636 201 325 617 492 568 327 595 541 
Vertex 542 distance 31
0 636 201 152 47 542 
Vertex 543 distance 19
0 636 75 543 
Vertex 544 distance 30
0 636 409 155 401 406 339 312 544 
Vertex 545 distance 38
0 636 201 253 441 246 545 
Vertex 546 distance 34
0 636 273 129 305 365 546 
Vertex 547 distance 31
0 636 201 34 515 628 547 
Vertex 548 distance 40
0 636 409 155 401 151 548 
Vertex 549 distance 39
0 636 201 253 103 472 92 549 
Vertex 550 distance 34
0 636 409 466 550 
Vertex 551 distance 39
0 42 500 173 242 116 551 
Vertex 552 distance 39
0 636 409 115 509 96 562 552 
Vertex 553 distance 27
0 636 201 325 535 553 
Vertex 554 distance 46
0 636 201 325 617 111 477 554 
Vertex 555 distance 38
0 636 201 556 296 208 555 
Vertex 556 distance 14
0 636 201 556 
Vertex 557 distance 38
0 636 201 253 103 164 309 557 
Vertex 558 distance 37
0 42 500 173 513 558 
Vertex 559 distance 40
0 636 201 253 441 440 559 
Vertex 560 distance 31
0 636 409 533 359 225 286 101 560 
Vertex 561 distance 36
0 636 201 253 441 211 561 
Vertex 562 distance 32
0 636 409 115 509 96 562 
Vertex 563 distance 45
0 42 266 563 
Vertex 564 distance 35
0 636 201 34 80 209 564 
Vertex 565 distance 37
0 636 409 130 40 378 565 
Vertex 566 distance 38
0 42 500 173 241 217 354 566 
Vertex 567 distance 32
0 636 201 325 617 620 567 
Vertex 568 distance 25
0 636 201 325 617 492 568 
Vertex 569 distance 34
0 636 201 34 639 67 569 
Vertex 570 distance 33
0 636 409 155 401 406 427 570 
Vertex 571 distance 41
0 636 409 155 401 625 73 285 571 
Vertex 572 distance 40
0 636 201 556 24 260 608 572 
Vertex 573 distance 44
0 636 415 11 573 
Vertex 574 distance 40
0 636 201 152 574 
Vertex 575 distance 24
0 636 201 34 515 575 
Vertex 576 distance 34
0 636 490 206 397 581 576 
Vertex 577 distance 26
0 636 201 325 617 492 512 577 
Vertex 578 distance 36
0 636 383 578 
Vertex 579 distance 39
0 636 201 34 639 579 
Vertex 580 distance 26
0 636 409 520 580 
Vertex 581 distance 23
0 636 490 206 397 581 
Vertex 582 distance 37
0 636 201 556 24 582 
Vertex 583 distance 53
0 636 201 34 515 575 81 468 64 583 
Vertex 584 distance 40
0 636 201 34 515 300 584 
Vertex 585 distance 27
0 636 415 418 585 
Vertex 586 distance 31
0 636 409 115 509 96 586 
Vertex 587 distance 39
0 636 415 292 593 587 
Vertex 588 distance 39
0 636 201 34 515 45 347 525 605 588 
Vertex 589 distance 32
0 636 201 325 387 589 
Vertex 590 distance 40
0 636 415 418 88 113 439 590 
Vertex 591 distance 28
0 636 273 129 591 
Vertex 592 distance 19
0 636 409 629 592 
Vertex 593 distance 33
0 636 415 292 593 
Vertex 594 distance 40
0 636 409 629 449 8 594 
Vertex 595 distance 30
0 636 201 325 617 492 568 327 595 
Vertex 596 distance 26
0 636 201 253 596 
Vertex 597 distance 44
0 636 409 155 401 406 339 312 544 14 270 597 
Vertex 598 distance 42
0 636 409 155 401 598 
Vertex 599 distance 24
0 636 201 325 535 599 
Vertex 600 distance 36
0 636 201 34 639 600 
Vertex 601 distance 49
0 636 201 325 535 599 459 601 
Vertex 602 distance 38
0 636 75 186 602 
Vertex 603 distance 36
0 636 201 34 639 67 603 
Vertex 604 distance 31
0 636 273 129 305 365 604 
Vertex 605 distance 38
0 636 201 34 515 45 347 525 605 
Vertex 606 distance 31
0 636 201 253 103 472 606 
Vertex 607 distance 34
0 636 201 253 103 451 607 
Vertex 608 distance 33
0 636 201 556 24 260 608 
Vertex 609 distance 26
0 636 409 155 401 625 73 609 
Vertex 610 distance 26
0 636 75 610 
Vertex 611 distance 43
0 636 409 115 216 134 611 
Vertex 612 distance 38
0 636 409 155 401 612 
Vertex 613 distance 36
0 636 75 610 376 613 
Vertex 614 distance 23
0 636 201 34 639 614 
Vertex 615 distance 39
0 636 201 556 183 615 
Vertex 616 distance 38
0 636 409 155 401 625 73 285 616 
Vertex 617 distance 20
0 636 201 325 617 
Vertex 618 distance 31
0 636 75 543 618 
Vertex 619 distance 34
0 636 201 34 515 628 547 619 
Vertex 620 distance 30
0 636 201 325 617 620 
Vertex 621 distance 35
0 636 415 418 88 113 177 621 
Vertex 622 distance 36
0 636 201 34 80 209 519 261 622 
Vertex 623 distance 42
0 636 523 221 407 623 
Vertex 624 distance 39
0 636 409 197 624 
Vertex 625 distance 24
0 636 409 155 401 625 
Vertex 626 distance 42
0 636 383 578 626 
Vertex 627 distance 30
0 636 201 325 387 627 
Vertex 628 distance 27
0 636 201 34 515 628 
Vertex 629 distance 15
0 636 409 629 
Vertex 630 distance 30
0 636 201 556 24 260 117 630 
Vertex 631 distance 35
0 636 415 418 88 113 360 631 
Vertex 632 distance 26
0 636 201 325 617 17 417 632 
Vertex 633 distance 34
0 636 409 533 12 633 
Vertex 634 distance 30
0 636 415 418 88 634 
Vertex 635 distance 42
0 636 201 34 639 67 569 10 635 
Vertex 636 distance 10
0 636 
Vertex 637 distance 41
0 28 142 637 
Vertex 638 distance 37
0 636 415 463 638 
Vertex 639 distance 22
0 636 201 34 639 
