Vertex 0 distance 0
0 0 
Vertex 1 distance 25
0 420 195 306 145 438 23 213 346 365 456 18 1 
Vertex 2 distance 26
0 420 195 306 259 2 
Vertex 3 distance 15
0 401 266 495 3 
Vertex 4 distance 21
0 420 195 306 120 596 521 435 4 
Vertex 5 distance 6
0 420 195 306 182 5 
Vertex 6 distance 25
0 420 195 306 182 619 6 
Vertex 7 distance 29
0 244 7 
Vertex 8 distance 21
0 420 195 306 182 126 8 
Vertex 9 distance 28
0 420 195 633 257 9 
Vertex 10 distance 23
0 420 195 306 120 446 315 211 86 10 
Vertex 11 distance 31
0 615 541 163 11 
Vertex 12 distance 21
0 615 541 467 12 
Vertex 13 distance 19
0 420 195 306 182 126 303 13 
Vertex 14 distance 29
0 615 558 95 93 589 14 
Vertex 15 distance 28
0 615 541 147 15 
Vertex 16 distance 24
0 420 195 306 145 438 23 262 16 
Vertex 17 distance 28
0 401 266 495 3 530 349 17 
Vertex 18 distance 24
0 420 195 306 145 438 23 213 346 365 456 18 
Vertex 19 distance 34
0 615 541 475 19 
Vertex 20 distance 31
0 420 279 220 40 20 
Vertex 21 distance 24
0 420 195 306 145 438 38 478 21 
Vertex 22 distance 32
0 420 279 220 40 385 546 108 382 22 
Vertex 23 distance 13
0 420 195 306 145 438 23 
Vertex 24 distance 26
0 420 606 601 24 
Vertex 25 distance 22
0 420 195 306 145 438 23 213 346 51 25 
Vertex 26 distance 37
0 420 195 633 513 26 
Vertex 27 distance 31
0 615 541 163 27 
Vertex 28 distance 32
0 401 266 432 28 
Vertex 29 distance 20
0 401 266 495 29 
Vertex 30 distance 30
0 420 195 306 120 554 616 228 405 30 
Vertex 31 distance 29
0 420 31 
Vertex 32 distance 28
0 420 606 32 
Vertex 33 distance 30
0 420 195 306 182 126 303 167 33 
Vertex 34 distance 16
0 420 195 306 145 438 316 34 
Vertex 35 distance 35
0 401 266 432 229 449 94 466 35 
Vertex 36 distance 31
0 615 541 163 631 36 
Vertex 37 distance 19
0 420 623 37 
Vertex 38 distance 16
0 420 195 306 145 438 38 
Vertex 39 distance 24
0 420 195 306 182 126 303 13 39 
Vertex 40 distance 13
0 420 279 220 40 
Vertex 41 distance 24
0 420 195 306 120 554 41 
Vertex 42 distance 25
0 420 195 306 120 446 198 42 
Vertex 43 distance 27
0 420 623 496 542 43 
Vertex 44 distance 32
0 420 195 306 182 5 160 131 221 92 510 284 278 44 
Vertex 45 distance 23
0 420 279 220 40 385 45 
Vertex 46 distance 22
0 420 195 306 145 438 38 46 
Vertex 47 distance 15
0 401 47 
Vertex 48 distance 19
0 420 195 306 182 5 160 131 221 48 
Vertex 49 distance 47
0 401 266 495 569 181 214 49 
Vertex 50 distance 18
0 401 266 495 350 50 
Vertex 51 distance 18
0 420 195 306 145 438 23 213 346 51 
Vertex 52 distance 18
0 420 195 306 120 596 328 52 
Vertex 53 distance 31
0 420 195 306 182 5 566 53 
Vertex 54 distance 22
0 420 623 54 
Vertex 55 distance 30
0 401 266 55 
Vertex 56 distance 22
0 420 56 
Vertex 57 distance 29
0 615 628 463 57 
Vertex 58 distance 29
0 615 558 95 93 58 
Vertex 59 distance 35
0 420 195 306 120 352 406 439 59 
Vertex 60 distance 32
0 401 266 517 414 119 60 
Vertex 61 distance 35
0 401 47 61 
Vertex 62 distance 30
0 420 195 306 120 596 328 52 71 62 
Vertex 63 distance 17
0 420 195 240 63 
Vertex 64 distance 24
0 401 551 371 64 
Vertex 65 distance 22
0 420 623 496 542 65 
Vertex 66 distance 29
0 420 195 240 66 
Vertex 67 distance 22
0 420 195 306 120 127 67 
Vertex 68 distance 24
0 401 266 495 338 470 68 
Vertex 69 distance 22
0 420 195 306 145 591 241 69 
Vertex 70 distance 33
0 615 541 147 70 
Vertex 71 distance 21
0 420 195 306 120 596 328 52 71 
Vertex 72 distance 22
0 420 195 273 72 
Vertex 73 distance 19
0 401 266 495 338 73 
Vertex 74 distance 21
0 401 551 74 
Vertex 75 distance 27
0 420 279 220 40 385 546 75 
Vertex 76 distance 23
0 420 503 251 82 209 76 
Vertex 77 distance 22
0 401 266 432 77 
Vertex 78 distance 34
0 401 266 495 29 224 386 215 630 78 
Vertex 79 distance 15
0 615 558 185 275 79 
Vertex 80 distance 29
0 420 195 306 182 5 566 540 80 
Vertex 81 distance 35
0 401 266 495 536 391 81 
Vertex 82 distance 17
0 420 503 251 82 
Vertex 83 distance 27
0 615 558 293 83 
Vertex 84 distance 29
0 401 266 495 338 470 556 106 84 
Vertex 85 distance 30
0 615 558 185 277 85 
Vertex 86 distance 22
0 420 195 306 120 446 315 211 86 
Vertex 87 distance 21
0 420 195 306 182 5 160 131 221 92 87 
Vertex 88 distance 31
0 615 541 163 88 
Vertex 89 distance 35
0 420 195 306 182 126 123 89 
Vertex 90 distance 18
0 420 195 306 182 5 160 131 90 
Vertex 91 distance 22
0 420 195 306 137 91 
Vertex 92 distance 20
0 420 195 306 182 5 160 131 221 92 
Vertex 93 distance 21
0 615 558 95 93 
Vertex 94 distance 17
0 401 266 432 229 449 94 
Vertex 95 distance 14
0 615 558 95 
Vertex 96 distance 32
0 401 266 495 3 530 380 611 96 
Vertex 97 distance 30
0 401 266 432 156 97 
Vertex 98 distance 35
0 401 266 432 229 449 138 98 
Vertex 99 distance 18
0 420 195 306 145 438 316 99 
Vertex 100 distance 30
0 420 195 306 145 438 38 478 21 100 
Vertex 101 distance 28
0 244 101 
Vertex 102 distance 26
0 420 195 306 120 446 270 102 
Vertex 103 distance 33
0 420 623 377 103 
Vertex 104 distance 34
0 615 558 185 275 79 104 
Vertex 105 distance 27
0 420 503 251 82 203 226 105 
Vertex 106 distance 24
0 401 266 495 338 470 556 106 
Vertex 107 distance 23
0 420 195 306 145 438 23 213 346 51 25 107 
Vertex 108 distance 24
0 420 279 220 40 385 546 108 
Vertex 109 distance 25
0 420 195 306 145 438 38 478 21 109 
Vertex 110 distance 25
0 401 266 495 338 470 556 110 
Vertex 111 distance 25
0 420 195 306 120 378 111 
Vertex 112 distance 23
0 420 195 306 145 591 241 112 
Vertex 113 distance 29
0 420 195 306 145 438 23 213 346 365 372 113 
Vertex 114 distance 20
0 420 195 306 259 114 
Vertex 115 distance 23
0 420 195 306 120 446 626 263 115 
Vertex 116 distance 29
0 401 47 193 116 
Vertex 117 distance 37
0 420 195 633 117 
Vertex 118 distance 30
0 420 195 118 
Vertex 119 distance 25
0 401 266 517 414 119 
Vertex 120 distance 6
0 420 195 306 120 
Vertex 121 distance 14
0 420 195 273 121 
Vertex 122 distance 28
0 615 558 293 205 201 122 
Vertex 123 distance 30
0 420 195 306 182 126 123 
Vertex 124 distance 16
0 401 551 124 
Vertex 125 distance 28
0 420 195 306 145 438 38 478 125 
Vertex 126 distance 13
0 420 195 306 182 126 
Vertex 127 distance 18
0 420 195 306 120 127 
Vertex 128 distance 23
0 401 266 432 229 449 94 128 
Vertex 129 distance 45
0 401 266 495 582 288 393 129 
Vertex 130 distance 22
0 420 195 306 182 5 160 131 221 614 130 
Vertex 131 distance 15
0 420 195 306 182 5 160 131 
Vertex 132 distance 27
0 401 266 432 156 487 132 
Vertex 133 distance 17
0 401 266 517 414 416 133 
Vertex 134 distance 24
0 420 195 306 120 596 328 52 389 134 
Vertex 135 distance 25
0 420 279 220 40 385 135 
Vertex 136 distance 28
0 420 195 306 120 554 136 
Vertex 137 distance 19
0 420 195 306 137 
Vertex 138 distance 16
0 401 266 432 229 449 138 
Vertex 139 distance 18
0 420 279 220 40 139 
Vertex 140 distance 23
0 420 195 306 259 174 388 140 
Vertex 141 distance 17
0 401 266 517 414 366 141 
Vertex 142 distance 30
0 401 266 495 3 530 349 17 142 
Vertex 143 distance 27
0 420 195 306 145 438 143 
Vertex 144 distance 30
0 401 266 495 3 530 144 
Vertex 145 distance 7
0 420 195 306 145 
Vertex 146 distance 30
0 420 195 306 182 5 160 131 221 92 510 284 278 146 
Vertex 147 distance 22
0 615 541 147 
Vertex 148 distance 25
0 401 266 517 148 
Vertex 149 distance 35
0 420 195 306 182 619 149 
Vertex 150 distance 30
0 420 195 306 145 438 23 213 346 51 267 491 150 
Vertex 151 distance 9
0 151 
Vertex 152 distance 16
0 615 558 185 275 79 152 
Vertex 153 distance 29
0 420 195 306 182 619 153 
Vertex 154 distance 42
0 308 154 
Vertex 155 distance 29
0 420 195 306 182 5 160 131 221 448 404 426 155 
Vertex 156 distance 22
0 401 266 432 156 
Vertex 157 distance 30
0 244 7 157 
Vertex 158 distance 26
0 615 558 225 158 
Vertex 159 distance 24
0 420 623 621 159 
Vertex 160 distance 12
0 420 195 306 182 5 160 
Vertex 161 distance 24
0 420 195 306 120 378 161 
Vertex 162 distance 25
0 420 195 306 120 446 270 216 162 
Vertex 163 distance 18
0 615 541 163 
Vertex 164 distance 27
0 420 195 399 164 
Vertex 165 distance 35
0 420 195 306 120 446 270 538 165 
Vertex 166 distance 25
0 401 266 495 29 362 166 
Vertex 167 distance 18
0 420 195 306 182 126 303 167 
Vertex 168 distance 25
0 401 266 495 536 168 
Vertex 169 distance 22
0 420 195 306 145 438 490 169 
Vertex 170 distance 32
0 401 266 517 148 170 
Vertex 171 distance 33
0 420 195 306 145 438 23 213 346 365 456 171 
Vertex 172 distance 34
0 401 266 495 350 172 
Vertex 173 distance 18
0 244 173 
Vertex 174 distance 20
0 420 195 306 259 174 
Vertex 175 distance 37
0 615 558 293 363 175 
Vertex 176 distance 27
0 420 195 306 120 596 434 176 
Vertex 177 distance 27
0 420 195 306 120 446 270 102 177 
Vertex 178 distance 24
0 420 195 306 145 438 407 178 
Vertex 179 distance 33
0 420 195 306 145 438 23 213 346 51 267 477 179 
Vertex 180 distance 20
0 420 195 306 145 438 490 180 
Vertex 181 distance 21
0 401 266 495 569 181 
Vertex 182 distance 5
0 420 195 306 182 
Vertex 183 distance 26
0 420 623 496 542 183 
Vertex 184 distance 25
0 420 195 306 120 446 184 
Vertex 185 distance 8
0 615 558 185 
Vertex 186 distance 26
0 420 195 186 
Vertex 187 distance 24
0 420 187 
Vertex 188 distance 22
0 420 503 188 
Vertex 189 distance 21
0 420 195 306 145 438 490 180 189 
Vertex 190 distance 27
0 401 266 495 536 391 190 
Vertex 191 distance 24
0 420 279 220 40 191 
Vertex 192 distance 26
0 420 279 220 40 385 192 
Vertex 193 distance 26
0 401 47 193 
Vertex 194 distance 26
0 401 266 194 
Vertex 195 distance 3
0 420 195 
Vertex 196 distance 15
0 420 195 306 120 232 196 
Vertex 197 distance 27
0 420 195 306 120 446 315 211 197 
Vertex 198 distance 20
0 420 195 306 120 446 198 
Vertex 199 distance 21
0 420 195 306 120 352 199 
Vertex 200 distance 30
0 308 200 
Vertex 201 distance 13
0 615 558 293 205 201 
Vertex 202 distance 25
0 401 394 202 
Vertex 203 distance 20
0 420 503 251 82 203 
Vertex 204 distance 32
0 420 195 306 145 438 23 213 346 365 456 18 204 
Vertex 205 distance 12
0 615 558 293 205 
Vertex 206 distance 17
0 615 541 206 
Vertex 207 distance 25
0 615 207 
Vertex 208 distance 27
0 420 195 306 145 591 241 208 
Vertex 209 distance 20
0 420 503 251 82 209 
Vertex 210 distance 36
0 401 266 432 229 449 94 450 210 
Vertex 211 distance 19
0 420 195 306 120 446 315 211 
Vertex 212 distance 27
0 615 558 293 205 201 212 
Vertex 213 distance 15
0 420 195 306 145 438 23 213 
Vertex 214 distance 25
0 401 266 495 569 181 214 
Vertex 215 distance 27
0 401 266 495 29 224 386 215 
Vertex 216 distance 24
0 420 195 306 120 446 270 216 
Vertex 217 distance 27
0 420 503 251 82 217 
Vertex 218 distance 34
0 420 623 496 218 
Vertex 219 distance 21
0 420 195 633 257 219 
Vertex 220 distance 6
0 420 279 220 
Vertex 221 distance 17
0 420 195 306 182 5 160 131 221 
Vertex 222 distance 25
0 615 311 222 
Vertex 223 distance 30
0 420 195 306 145 438 23 213 346 51 267 491 223 
Vertex 224 distance 23
0 401 266 495 29 224 
Vertex 225 distance 23
0 615 558 225 
Vertex 226 distance 23
0 420 503 251 82 203 226 
Vertex 227 distance 28
0 420 195 306 137 341 408 227 
Vertex 228 distance 19
0 420 195 306 120 554 616 228 
Vertex 229 distance 11
0 401 266 432 229 
Vertex 230 distance 28
0 420 195 306 145 591 241 230 
Vertex 231 distance 23
0 420 195 306 182 5 160 131 221 390 231 
Vertex 232 distance 14
0 420 195 306 120 232 
Vertex 233 distance 34
0 420 195 306 145 438 38 478 21 109 233 
Vertex 234 distance 34
0 420 195 306 145 438 23 213 346 365 573 234 
Vertex 235 distance 30
0 420 195 306 120 127 67 235 
Vertex 236 distance 26
0 420 623 621 236 
Vertex 237 distance 23
0 420 195 306 259 174 237 
Vertex 238 distance 30
0 401 266 280 238 
Vertex 239 distance 29
0 401 266 495 3 625 239 
Vertex 240 distance 15
0 420 195 240 
Vertex 241 distance 20
0 420 195 306 145 591 241 
Vertex 242 distance 29
0 401 266 194 242 
Vertex 243 distance 25
0 420 195 306 145 438 38 478 21 243 
Vertex 244 distance 13
0 244 
Vertex 245 distance 29
0 401 551 371 64 245 
Vertex 246 distance 28
0 420 195 306 120 446 270 544 246 
Vertex 247 distance 25
0 420 195 306 259 174 237 247 
Vertex 248 distance 31
0 420 195 306 145 591 241 69 248 
Vertex 249 distance 21
0 249 
Vertex 250 distance 33
0 420 195 306 145 438 23 329 325 250 
Vertex 251 distance 16
0 420 503 251 
Vertex 252 distance 27
0 420 195 306 145 438 38 46 476 252 
Vertex 253 distance 16
0 420 503 253 
Vertex 254 distance 34
0 420 195 273 254 
Vertex 255 distance 43
0 420 195 306 145 591 241 69 248 255 
Vertex 256 distance 45
0 420 195 306 182 5 160 131 221 92 87 256 
Vertex 257 distance 17
0 420 195 633 257 
Vertex 258 distance 27
0 420 195 240 63 258 
Vertex 259 distance 19
0 420 195 306 259 
Vertex 260 distance 49
0 151 260 
Vertex 261 distance 22
0 420 195 306 182 5 160 131 90 369 482 261 
Vertex 262 distance 15
0 420 195 306 145 438 23 262 
Vertex 263 distance 22
0 420 195 306 120 446 626 263 
Vertex 264 distance 36
0 401 266 264 
Vertex 265 distance 26
0 615 541 467 433 531 265 
Vertex 266 distance 4
0 401 266 
Vertex 267 distance 19
0 420 195 306 145 438 23 213 346 51 267 
Vertex 268 distance 22
0 420 195 306 120 570 268 
Vertex 269 distance 23
0 420 195 306 182 5 160 131 90 369 269 
Vertex 270 distance 14
0 420 195 306 120 446 270 
Vertex 271 distance 27
0 420 195 399 271 
Vertex 272 distance 25
0 420 56 272 
Vertex 273 distance 11
0 420 195 273 
Vertex 274 distance 21
0 401 266 517 414 366 638 274 
Vertex 275 distance 10
0 615 558 185 275 
Vertex 276 distance 38
0 420 195 306 182 126 303 592 276 
Vertex 277 distance 26
0 615 558 185 277 
Vertex 278 distance 28
0 420 195 306 182 5 160 131 221 92 510 284 278 
Vertex 279 distance 4
0 420 279 
Vertex 280 distance 25
0 401 266 280 
Vertex 281 distance 32
0 420 195 306 182 5 160 131 221 92 295 281 
Vertex 282 distance 27
0 401 266 495 350 50 282 
Vertex 283 distance 31
0 420 195 633 257 336 283 
Vertex 284 distance 26
0 420 195 306 182 5 160 131 221 92 510 284 
Vertex 285 distance 33
0 401 266 55 285 
Vertex 286 distance 28
0 308 286 
Vertex 287 distance 25
0 420 195 306 145 438 314 287 
Vertex 288 distance 24
0 401 266 495 582 288 
Vertex 289 distance 32
0 420 623 54 289 
Vertex 290 distance 25
0 420 195 306 145 438 316 567 290 
Vertex 291 distance 26
0 615 558 291 
Vertex 292 distance 25
0 420 195 306 120 596 328 52 292 
Vertex 293 distance 7
0 615 558 293 
Vertex 294 distance 20
0 420 195 306 145 438 23 213 346 51 294 
Vertex 295 distance 22
0 420 195 306 182 5 160 131 221 92 295 
Vertex 296 distance 27
0 401 266 432 229 449 94 450 296 
Vertex 297 distance 26
0 420 195 306 182 5 160 131 221 297 
Vertex 298 distance 34
0 420 195 306 120 596 434 298 
Vertex 299 distance 26
0 401 266 517 299 
Vertex 300 distance 28
0 420 195 633 257 219 300 
Vertex 301 distance 32
0 420 195 306 182 5 160 131 221 614 130 396 301 
Vertex 302 distance 25
0 615 558 302 
Vertex 303 distance 17
0 420 195 306 182 126 303 
Vertex 304 distance 25
0 420 195 306 182 5 160 131 221 48 304 
Vertex 305 distance 29
0 420 195 306 182 5 160 131 221 297 305 
Vertex 306 distance 4
0 420 195 306 
Vertex 307 distance 23
0 420 195 306 120 446 626 263 307 
Vertex 308 distance 18
0 308 
Vertex 309 distance 33
0 615 541 147 543 309 
Vertex 310 distance 27
0 615 541 163 631 310 
Vertex 311 distance 24
0 615 311 
Vertex 312 distance 33
0 420 195 306 182 5 160 131 312 
Vertex 313 distance 29
0 420 195 306 182 126 303 167 313 
Vertex 314 distance 17
0 420 195 306 145 438 314 
Vertex 315 distance 18
0 420 195 306 120 446 315 
Vertex 316 distance 14
0 420 195 306 145 438 316 
Vertex 317 distance 25
0 615 317 
Vertex 318 distance 32
0 420 195 306 182 126 8 318 
Vertex 319 distance 37
0 420 195 306 120 596 328 52 292 319 
Vertex 320 distance 28
0 615 541 163 631 320 
Vertex 321 distance 31
0 420 606 32 321 
Vertex 322 distance 22
0 401 266 495 338 470 322 
Vertex 323 distance 33
0 420 195 306 182 5 566 540 323 
Vertex 324 distance 13
0 420 195 306 324 
Vertex 325 distance 28
0 420 195 306 145 438 23 329 325 
Vertex 326 distance 25
0 420 195 306 182 5 566 326 
Vertex 327 distance 32
0 420 195 306 120 378 161 327 
Vertex 328 distance 15
0 420 195 306 120 596 328 
Vertex 329 distance 20
0 420 195 306 145 438 23 329 
Vertex 330 distance 20
0 615 541 467 330 
Vertex 331 distance 23
0 615 541 206 331 
Vertex 332 distance 27
0 420 623 496 332 
Vertex 333 distance 18
0 420 195 273 333 
Vertex 334 distance 27
0 615 541 467 433 531 483 334 
Vertex 335 distance 32
0 420 195 306 145 438 38 478 125 335 
Vertex 336 distance 22
0 420 195 633 257 336 
Vertex 337 distance 29
0 401 266 495 582 337 
Vertex 338 distance 16
0 401 266 495 338 
Vertex 339 distance 26
0 401 266 517 414 119 339 
Vertex 340 distance 34
0 420 623 621 159 340 
Vertex 341 distance 21
0 420 195 306 137 341 
Vertex 342 distance 28
0 401 266 495 3 530 349 342 
Vertex 343 distance 35
0 420 503 251 82 209 76 398 343 
Vertex 344 distance 30
0 420 195 306 182 619 6 344 
Vertex 345 distance 29
0 401 266 517 414 366 345 
Vertex 346 distance 16
0 420 195 306 145 438 23 213 346 
Vertex 347 distance 29
0 420 503 251 82 209 76 398 347 
Vertex 348 distance 26
0 420 195 306 120 554 41 494 348 
Vertex 349 distance 26
0 401 266 495 3 530 349 
Vertex 350 distance 15
0 401 266 495 350 
Vertex 351 distance 30
0 401 266 432 229 449 94 466 451 351 
Vertex 352 distance 14
0 420 195 306 120 352 
Vertex 353 distance 24
0 420 195 306 120 378 353 
Vertex 354 distance 14
0 420 623 354 
Vertex 355 distance 21
0 420 279 220 40 385 355 
Vertex 356 distance 18
0 420 195 306 120 554 616 356 
Vertex 357 distance 21
0 420 195 306 120 596 328 52 389 357 
Vertex 358 distance 43
0 401 266 495 338 470 412 358 
Vertex 359 distance 29
0 401 602 359 
Vertex 360 distance 19
0 420 195 306 182 360 
Vertex 361 distance 33
0 420 195 306 120 570 268 361 
Vertex 362 distance 22
0 401 266 495 29 362 
Vertex 363 distance 30
0 615 558 293 363 
Vertex 364 distance 28
0 420 195 633 257 336 364 
Vertex 365 distance 17
0 420 195 306 145 438 23 213 346 365 
Vertex 366 distance 14
0 401 266 517 414 366 
Vertex 367 distance 27
0 420 195 306 120 446 367 
Vertex 368 distance 23
0 420 503 251 82 368 
Vertex 369 distance 20
0 420 195 306 182 5 160 131 90 369 
Vertex 370 distance 34
0 420 195 306 120 446 315 211 86 370 
Vertex 371 distance 20
0 401 551 371 
Vertex 372 distance 23
0 420 195 306 145 438 23 213 346 365 372 
Vertex 373 distance 23
0 420 195 306 145 438 316 99 373 
Vertex 374 distance 31
0 420 195 306 182 126 303 13 374 
Vertex 375 distance 24
0 420 195 273 333 375 
Vertex 376 distance 26
0 420 195 306 182 5 376 
Vertex 377 distance 23
0 420 623 377 
Vertex 378 distance 14
0 420 195 306 120 378 
Vertex 379 distance 24
0 401 47 379 
Vertex 380 distance 25
0 401 266 495 3 530 380 
Vertex 381 distance 30
0 420 195 306 120 596 539 381 
Vertex 382 distance 25
0 420 279 220 40 385 546 108 382 
Vertex 383 distance 21
0 420 195 306 120 596 521 435 383 
Vertex 384 distance 22
0 420 195 306 145 438 23 213 346 384 
Vertex 385 distance 16
0 420 279 220 40 385 
Vertex 386 distance 26
0 401 266 495 29 224 386 
Vertex 387 distance 27
0 420 195 306 259 174 388 387 
Vertex 388 distance 21
0 420 195 306 259 174 388 
Vertex 389 distance 20
0 420 195 306 120 596 328 52 389 
Vertex 390 distance 21
0 420 195 306 182 5 160 131 221 390 
Vertex 391 distance 24
0 401 266 495 536 391 
Vertex 392 distance 31
0 401 266 194 392 
Vertex 393 distance 28
0 401 266 495 582 288 393 
Vertex 394 distance 12
0 401 394 
Vertex 395 distance 20
0 401 266 517 395 
Vertex 396 distance 23
0 420 195 306 182 5 160 131 221 614 130 396 
Vertex 397 distance 30
0 401 266 517 414 119 339 397 
Vertex 398 distance 27
0 420 503 251 82 209 76 398 
Vertex 399 distance 14
0 420 195 399 
Vertex 400 distance 28
0 420 623 621 236 400 
Vertex 401 distance 2
0 401 
Vertex 402 distance 39
0 615 541 467 433 402 
Vertex 403 distance 23
0 420 195 306 182 126 303 167 403 
Vertex 404 distance 23
0 420 195 306 182 5 160 131 221 448 404 
Vertex 405 distance 20
0 420 195 306 120 554 616 228 405 
Vertex 406 distance 16
0 420 195 306 120 352 406 
Vertex 407 distance 19
0 420 195 306 145 438 407 
Vertex 408 distance 27
0 420 195 306 137 341 408 
Vertex 409 distance 25
0 401 602 409 
Vertex 410 distance 23
0 615 410 
Vertex 411 distance 29
0 420 195 306 145 438 23 262 16 527 411 
Vertex 412 distance 33
0 401 266 495 338 470 412 
Vertex 413 distance 39
0 420 195 306 120 446 198 413 
Vertex 414 distance 12
0 401 266 517 414 
Vertex 415 distance 26
0 615 541 206 331 415 
Vertex 416 distance 15
0 401 266 517 414 416 
Vertex 417 distance 27
0 420 195 306 120 554 616 228 405 417 
Vertex 418 distance 30
0 308 443 418 
Vertex 419 distance 31
0 420 195 306 120 419 
Vertex 420 distance 1
0 420 
Vertex 421 distance 37
0 401 266 495 582 421 
Vertex 422 distance 28
0 420 56 422 
Vertex 423 distance 44
0 420 195 306 120 446 626 423 
Vertex 424 distance 18
0 615 558 293 205 424 
Vertex 425 distance 19
0 420 195 240 425 
Vertex 426 distance 24
0 420 195 306 182 5 160 131 221 448 404 426 
Vertex 427 distance 29
0 420 195 306 120 554 616 228 427 
Vertex 428 distance 46
0 420 279 220 40 385 355 428 
Vertex 429 distance 31
0 615 410 429 
Vertex 430 distance 23
0 420 195 306 120 352 199 430 
Vertex 431 distance 28
0 615 558 293 205 431 
Vertex 432 distance 9
0 401 266 432 
Vertex 433 distance 21
0 615 541 467 433 
Vertex 434 distance 26
0 420 195 306 120 596 434 
Vertex 435 distance 16
0 420 195 306 120 596 521 435 
Vertex 436 distance 34
0 420 195 306 182 5 160 131 221 92 295 281 436 
Vertex 437 distance 28
0 420 195 240 425 437 
Vertex 438 distance 9
0 420 195 306 145 438 
Vertex 439 distance 20
0 420 195 306 120 352 406 439 
Vertex 440 distance 31
0 420 195 306 120 570 440 
Vertex 441 distance 25
0 420 195 273 333 375 441 
Vertex 442 distance 30
0 420 623 621 236 442 
Vertex 443 distance 19
0 308 443 
Vertex 444 distance 25
0 420 195 306 120 596 521 435 4 444 
Vertex 445 distance 20
0 420 195 306 120 378 445 
Vertex 446 distance 12
0 420 195 306 120 446 
Vertex 447 distance 28
0 401 266 432 156 487 132 447 
Vertex 448 distance 20
0 420 195 306 182 5 160 131 221 448 
Vertex 449 distance 15
0 401 266 432 229 449 
Vertex 450 distance 21
0 401 266 432 229 449 94 450 
Vertex 451 distance 23
0 401 266 432 229 449 94 466 451 
Vertex 452 distance 27
0 401 394 452 
Vertex 453 distance 31
0 420 503 251 82 209 76 398 347 453 
Vertex 454 distance 31
0 420 195 306 182 5 160 131 221 92 454 
Vertex 455 distance 21
0 401 266 432 455 
Vertex 456 distance 18
0 420 195 306 145 438 23 213 346 365 456 
Vertex 457 distance 26
0 420 195 306 120 596 328 52 457 
Vertex 458 distance 32
0 420 195 306 182 619 153 458 
Vertex 459 distance 29
0 401 266 432 229 449 94 128 459 
Vertex 460 distance 34
0 420 195 306 120 446 270 538 460 
Vertex 461 distance 36
0 615 558 293 461 
Vertex 462 distance 27
0 401 266 517 414 366 638 462 
Vertex 463 distance 23
0 615 628 463 
Vertex 464 distance 33
0 420 195 306 120 596 328 52 71 62 464 
Vertex 465 distance 25
0 420 195 306 120 446 315 211 465 
Vertex 466 distance 18
0 401 266 432 229 449 94 466 
Vertex 467 distance 19
0 615 541 467 
Vertex 468 distance 27
0 420 195 306 120 554 41 468 
Vertex 469 distance 34
0 401 551 371 511 469 
Vertex 470 distance 18
0 401 266 495 338 470 
Vertex 471 distance 30
0 420 195 306 182 5 160 131 221 614 130 471 
Vertex 472 distance 26
0 420 195 306 145 438 490 472 
Vertex 473 distance 34
0 420 195 306 145 438 407 607 473 
Vertex 474 distance 29
0 615 558 225 474 
Vertex 475 distance 18
0 615 541 475 
Vertex 476 distance 23
0 420 195 306 145 438 38 46 476 
Vertex 477 distance 24
0 420 195 306 145 438 23 213 346 51 267 477 
Vertex 478 distance 23
0 420 195 306 145 438 38 478 
Vertex 479 distance 24
0 420 195 306 145 438 23 213 346 365 456 479 
Vertex 480 distance 28
0 615 541 206 331 415 480 
Vertex 481 distance 42
0 401 602 359 481 
Vertex 482 distance 21
0 420 195 306 182 5 160 131 90 369 482 
Vertex 483 distance 26
0 615 541 467 433 531 483 
Vertex 484 distance 25
0 420 195 306 137 91 484 
Vertex 485 distance 26
0 420 195 306 182 5 160 131 221 448 485 
Vertex 486 distance 28
0 420 195 306 120 596 521 486 
Vertex 487 distance 23
0 401 266 432 156 487 
Vertex 488 distance 28
0 420 195 306 145 438 23 213 346 51 294 595 488 
Vertex 489 distance 36
0 420 606 601 489 
Vertex 490 distance 18
0 420 195 306 145 438 490 
Vertex 491 distance 27
0 420 195 306 145 438 23 213 346 51 267 491 
Vertex 492 distance 27
0 401 266 432 77 564 492 
Vertex 493 distance 27
0 420 195 306 145 438 23 213 346 384 493 
Vertex 494 distance 25
0 420 195 306 120 554 41 494 
Vertex 495 distance 8
0 401 266 495 
Vertex 496 distance 18
0 420 623 496 
Vertex 497 distance 29
0 420 195 240 425 497 
Vertex 498 distance 25
0 401 266 432 229 449 94 498 
Vertex 499 distance 28
0 420 623 496 542 499 
Vertex 500 distance 35
0 420 195 306 120 446 315 560 500 
Vertex 501 distance 30
0 401 266 432 156 501 
Vertex 502 distance 32
0 615 541 467 502 
Vertex 503 distance 10
0 420 503 
Vertex 504 distance 21
0 401 266 495 350 504 
Vertex 505 distance 43
0 401 602 505 
Vertex 506 distance 30
0 615 541 467 433 531 483 506 
Vertex 507 distance 29
0 420 279 220 40 385 355 507 
Vertex 508 distance 27
0 420 195 306 259 576 508 
Vertex 509 distance 29
0 401 266 280 509 
Vertex 510 distance 25
0 420 195 306 182 5 160 131 221 92 510 
Vertex 511 distance 26
0 401 551 371 511 
Vertex 512 distance 32
0 420 195 306 259 174 237 512 
Vertex 513 distance 32
0 420 195 633 513 
Vertex 514 distance 32
0 401 266 517 414 119 514 
Vertex 515 distance 26
0 420 279 220 40 385 45 515 
Vertex 516 distance 28
0 401 266 517 395 516 
Vertex 517 distance 10
0 401 266 517 
Vertex 518 distance 27
0 420 195 273 518 
Vertex 519 distance 19
0 401 266 495 3 519 
Vertex 520 distance 26
0 401 266 495 350 504 520 
Vertex 521 distance 11
0 420 195 306 120 596 521 
Vertex 522 distance 38
0 420 195 306 182 5 160 131 221 448 597 522 
Vertex 523 distance 28
0 420 195 306 120 446 270 544 523 
Vertex 524 distance 35
0 401 266 495 582 288 524 
Vertex 525 distance 14
0 615 525 
Vertex 526 distance 22
0 420 195 306 145 438 23 213 346 365 456 526 
Vertex 527 distance 27
0 420 195 306 145 438 23 262 16 527 
Vertex 528 distance 31
0 249 529 528 
Vertex 529 distance 23
0 249 529 
Vertex 530 distance 22
0 401 266 495 3 530 
Vertex 531 distance 25
0 615 541 467 433 531 
Vertex 532 distance 22
0 401 266 495 29 532 
Vertex 533 distance 31
0 420 195 399 271 533 
Vertex 534 distance 21
0 420 195 306 120 554 616 228 534 
Vertex 535 distance 32
0 420 503 251 82 209 76 535 
Vertex 536 distance 23
0 401 266 495 536 
Vertex 537 distance 25
0 308 537 
Vertex 538 distance 18
0 420 195 306 120 446 270 538 
Vertex 539 distance 23
0 420 195 306 120 596 539 
Vertex 540 distance 27
0 420 195 306 182 5 566 540 
Vertex 541 distance 16
0 615 541 
Vertex 542 distance 21
0 420 623 496 542 
Vertex 543 distance 27
0 615 541 147 543 
Vertex 544 distance 19
0 420 195 306 120 446 270 544 
Vertex 545 distance 30
0 401 266 495 582 288 545 
Vertex 546 distance 19
0 420 279 220 40 385 546 
Vertex 547 distance 29
0 420 195 633 257 219 300 547 
Vertex 548 distance 28
0 615 558 95 548 
Vertex 549 distance 23
0 420 195 306 182 5 160 131 549 
Vertex 550 distance 25
0 420 195 306 182 5 160 131 221 390 231 550 
Vertex 551 distance 4
0 401 551 
Vertex 552 distance 24
0 420 195 306 120 596 328 52 389 552 
Vertex 553 distance 26
0 401 47 379 553 
Vertex 554 distance 9
0 420 195 306 120 554 
Vertex 555 distance 16
0 420 503 555 
Vertex 556 distance 23
0 401 266 495 338 470 556 
Vertex 557 distance 28
0 420 195 306 182 126 303 167 557 
Vertex 558 distance 4
0 615 558 
Vertex 559 distance 21
0 420 195 306 145 591 241 559 
Vertex 560 distance 27
0 420 195 306 120 446 315 560 
Vertex 561 distance 32
0 420 195 273 333 580 561 
Vertex 562 distance 21
0 420 195 306 259 114 562 
Vertex 563 distance 31
0 615 541 206 331 415 563 
Vertex 564 distance 24
0 401 266 432 77 564 
Vertex 565 distance 23
0 401 266 495 565 
Vertex 566 distance 14
0 420 195 306 182 5 566 
Vertex 567 distance 19
0 420 195 306 145 438 316 567 
Vertex 568 distance 26
0 420 195 306 182 126 303 167 568 
Vertex 569 distance 19
0 401 266 495 569 
Vertex 570 distance 15
0 420 195 306 120 570 
Vertex 571 distance 24
0 615 410 571 
Vertex 572 distance 22
0 615 558 572 
Vertex 573 distance 28
0 420 195 306 145 438 23 213 346 365 573 
Vertex 574 distance 30
0 615 558 185 277 574 
Vertex 575 distance 36
0 420 195 306 120 596 328 52 71 62 575 
Vertex 576 distance 22
0 420 195 306 259 576 
Vertex 577 distance 30
0 401 266 517 414 119 620 577 
Vertex 578 distance 19
0 420 195 306 578 
Vertex 579 distance 30
0 420 195 306 145 438 23 262 16 527 411 579 
Vertex 580 distance 25
0 420 195 273 333 580 
Vertex 581 distance 19
0 581 
Vertex 582 distance 19
0 401 266 495 582 
Vertex 583 distance 26
0 401 266 432 156 487 583 
Vertex 584 distance 24
0 401 266 495 569 584 
Vertex 585 distance 38
0 615 558 95 93 585 
Vertex 586 distance 22
0 420 195 306 145 438 586 
Vertex 587 distance 32
0 401 266 495 3 530 349 342 587 
Vertex 588 distance 26
0 420 195 306 120 446 626 588 
Vertex 589 distance 27
0 615 558 95 93 589 
Vertex 590 distance 27
0 420 195 306 182 5 160 131 221 48 599 590 
Vertex 591 distance 12
0 420 195 306 145 591 
Vertex 592 distance 27
0 420 195 306 182 126 303 592 
Vertex 593 distance 28
0 244 593 
Vertex 594 distance 28
0 615 410 594 
Vertex 595 distance 27
0 420 195 306 145 438 23 213 346 51 294 595 
Vertex 596 distance 10
0 420 195 306 120 596 
Vertex 597 distance 35
0 420 195 306 182 5 160 131 221 448 597 
Vertex 598 distance 25
0 420 195 306 120 596 521 598 
Vertex 599 distance 25
0 420 195 306 182 5 160 131 221 48 599 
Vertex 600 distance 31
0 420 195 306 145 438 23 329 325 600 
Vertex 601 distance 18
0 420 606 601 
Vertex 602 distance 20
0 401 602 
Vertex 603 distance 25
0 420 195 306 324 603 
Vertex 604 distance 27
0 420 195 306 182 5 160 131 221 614 130 396 604 
Vertex 605 distance 24
0 420 195 306 145 591 241 112 605 
Vertex 606 distance 17
0 420 606 
Vertex 607 distance 27
0 420 195 306 145 438 407 607 
Vertex 608 distance 27
0 244 608 
Vertex 609 distance 38
0 420 195 306 120 446 626 588 609 
Vertex 610 distance 28
0 420 195 306 610 
Vertex 611 distance 30
0 401 266 495 3 530 380 611 
Vertex 612 distance 31
0 401 394 452 612 
Vertex 613 distance 27
0 401 602 409 613 
Vertex 614 distance 19
0 420 195 306 182 5 160 131 221 614 
Vertex 615 distance 2
0 615 
Vertex 616 distance 17
0 420 195 306 120 554 616 
Vertex 617 distance 31
0 420 195 306 182 126 303 167 617 
Vertex 618 distance 21
0 401 266 432 229 449 138 618 
Vertex 619 distance 24
0 420 195 306 182 619 
Vertex 620 distance 27
0 401 266 517 414 119 620 
Vertex 621 distance 14
0 420 623 621 
Vertex 622 distance 26
0 249 622 
Vertex 623 distance 12
0 420 623 
Vertex 624 distance 38
0 420 195 306 120 554 41 468 624 
Vertex 625 distance 20
0 401 266 495 3 625 
Vertex 626 distance 14
0 420 195 306 120 446 626 
Vertex 627 distance 34
0 420 195 306 120 352 199 430 627 
Vertex 628 distance 17
0 615 628 
Vertex 629 distance 27
0 420 195 306 145 629 
Vertex 630 distance 31
0 401 266 495 29 224 386 215 630 
Vertex 631 distance 25
0 615 541 163 631 
Vertex 632 distance 23
0 615 558 185 632 
Vertex 633 distance 15
0 420 195 633 
Vertex 634 distance 27
0 420 195 306 182 126 8 634 
Vertex 635 distance 30
0 615 410 571 635 
Vertex 636 distance 23
0 401 266 517 395 636 
Vertex 637 distance 21
0 615 558 293 205 201 637 
Vertex 638 distance 18
0 401 266 517 414 366 638 
Vertex 639 distance 28
0 401 266 280 639 
