Vertex 0 distance 0
0 0 
Vertex 1 distance 47
0 600 585 1 
Vertex 2 distance 24
0 386 452 265 296 548 2 
Vertex 3 distance 42
0 310 148 544 178 556 542 3 
Vertex 4 distance 37
0 310 489 459 219 147 4 
Vertex 5 distance 35
0 386 452 265 255 510 5 
Vertex 6 distance 31
0 310 148 544 178 434 27 207 6 
Vertex 7 distance 29
0 386 452 158 7 
Vertex 8 distance 34
0 386 452 631 309 22 346 8 
Vertex 9 distance 30
0 386 452 9 
Vertex 10 distance 20
0 386 452 265 296 10 
Vertex 11 distance 29
0 386 452 265 288 11 
Vertex 12 distance 26
0 310 148 190 12 
Vertex 13 distance 44
0 600 47 599 70 334 44 172 13 
Vertex 14 distance 39
0 310 148 544 178 507 171 86 220 550 551 14 
Vertex 15 distance 26
0 600 47 599 70 334 44 303 15 
Vertex 16 distance 21
0 386 452 265 184 16 
Vertex 17 distance 28
0 600 47 599 70 334 44 303 15 17 
Vertex 18 distance 36
0 386 452 265 296 399 263 615 18 
Vertex 19 distance 38
0 310 148 376 266 58 420 161 19 
Vertex 20 distance 29
0 310 148 544 178 556 355 233 20 
Vertex 21 distance 27
0 600 47 599 70 334 21 
Vertex 22 distance 22
0 386 452 631 309 22 
Vertex 23 distance 22
0 310 450 23 
Vertex 24 distance 38
0 600 47 487 24 
Vertex 25 distance 38
0 386 452 298 415 26 25 
Vertex 26 distance 20
0 386 452 298 415 26 
Vertex 27 distance 21
0 310 148 544 178 434 27 
Vertex 28 distance 35
0 600 585 31 38 241 445 28 
Vertex 29 distance 46
0 600 47 487 462 29 
Vertex 30 distance 41
0 310 101 412 30 
Vertex 31 distance 17
0 600 585 31 
Vertex 32 distance 34
0 386 452 298 639 553 32 
Vertex 33 distance 35
0 386 452 265 296 399 451 33 
Vertex 34 distance 30
0 386 452 265 296 399 451 34 
Vertex 35 distance 32
0 600 430 316 574 35 
Vertex 36 distance 26
0 386 452 265 255 43 36 
Vertex 37 distance 38
0 310 148 544 178 507 171 86 37 
Vertex 38 distance 20
0 600 585 31 38 
Vertex 39 distance 47
0 310 148 544 178 507 527 126 39 
Vertex 40 distance 39
0 310 101 225 222 40 
Vertex 41 distance 28
0 310 489 459 41 
Vertex 42 distance 32
0 310 101 106 42 
Vertex 43 distance 24
0 386 452 265 255 43 
Vertex 44 distance 24
0 600 47 599 70 334 44 
Vertex 45 distance 28
0 386 452 298 256 45 
Vertex 46 distance 29
0 386 452 265 255 280 46 
Vertex 47 distance 10
0 600 47 
Vertex 48 distance 24
0 386 452 631 309 48 
Vertex 49 distance 34
0 386 452 298 639 597 268 476 49 
Vertex 50 distance 24
0 386 452 631 309 50 
Vertex 51 distance 19
0 386 452 158 51 
Vertex 52 distance 30
0 386 452 265 296 399 59 294 52 
Vertex 53 distance 21
0 310 562 53 
Vertex 54 distance 33
0 600 124 54 
Vertex 55 distance 33
0 310 148 376 521 120 55 
Vertex 56 distance 32
0 310 148 376 266 58 516 56 
Vertex 57 distance 25
0 600 585 31 604 57 
Vertex 58 distance 17
0 310 148 376 266 58 
Vertex 59 distance 22
0 386 452 265 296 399 59 
Vertex 60 distance 37
0 600 47 487 462 60 
Vertex 61 distance 34
0 600 585 31 38 324 61 
Vertex 62 distance 26
0 310 148 376 237 62 
Vertex 63 distance 26
0 386 452 265 230 63 
Vertex 64 distance 24
0 386 452 631 309 64 
Vertex 65 distance 34
0 600 165 587 578 65 
Vertex 66 distance 38
0 310 562 53 336 66 
Vertex 67 distance 42
0 386 452 298 415 518 67 
Vertex 68 distance 38
0 386 452 298 639 597 268 476 68 
Vertex 69 distance 19
0 386 452 265 69 
Vertex 70 distance 20
0 600 47 599 70 
Vertex 71 distance 29
0 386 452 265 184 594 571 71 
Vertex 72 distance 24
0 310 148 544 178 507 171 72 
Vertex 73 distance 28
0 386 452 298 256 73 
Vertex 74 distance 30
0 386 452 265 296 399 263 406 240 74 
Vertex 75 distance 23
0 386 452 298 639 597 332 75 
Vertex 76 distance 22
0 310 148 376 266 76 
Vertex 77 distance 29
0 600 585 31 77 
Vertex 78 distance 34
0 600 430 287 78 
Vertex 79 distance 24
0 386 452 265 296 399 451 79 
Vertex 80 distance 33
0 600 47 599 70 334 21 80 
Vertex 81 distance 18
0 310 450 81 
Vertex 82 distance 33
0 386 452 298 639 93 405 82 
Vertex 83 distance 33
0 386 452 631 309 64 369 83 
Vertex 84 distance 29
0 310 148 544 178 507 171 86 528 514 315 84 
Vertex 85 distance 32
0 310 148 544 178 556 457 254 85 
Vertex 86 distance 21
0 310 148 544 178 507 171 86 
Vertex 87 distance 23
0 386 452 298 639 597 87 
Vertex 88 distance 18
0 386 452 265 296 548 88 
Vertex 89 distance 41
0 600 47 599 70 334 44 303 15 461 413 216 89 
Vertex 90 distance 36
0 386 452 158 213 416 90 
Vertex 91 distance 48
0 600 47 487 199 91 
Vertex 92 distance 27
0 386 452 265 69 495 92 
Vertex 93 distance 18
0 386 452 298 639 93 
Vertex 94 distance 31
0 386 452 265 255 238 94 
Vertex 95 distance 33
0 310 148 544 178 507 214 95 
Vertex 96 distance 28
0 386 452 298 639 597 332 75 96 
Vertex 97 distance 46
0 386 452 265 296 399 263 615 97 
Vertex 98 distance 28
0 386 390 620 98 
Vertex 99 distance 36
0 386 452 298 415 518 370 99 
Vertex 100 distance 29
0 386 452 158 213 114 136 100 
Vertex 101 distance 20
0 310 101 
Vertex 102 distance 28
0 386 452 265 69 428 102 
Vertex 103 distance 23
0 386 452 158 51 103 
Vertex 104 distance 32
0 386 452 158 213 114 389 104 
Vertex 105 distance 30
0 386 452 265 296 399 263 615 105 
Vertex 106 distance 21
0 310 101 106 
Vertex 107 distance 26
0 310 250 107 
Vertex 108 distance 34
0 386 452 265 184 16 108 
Vertex 109 distance 30
0 310 562 275 109 
Vertex 110 distance 32
0 386 452 265 296 399 263 406 110 
Vertex 111 distance 36
0 386 452 265 184 594 571 176 471 111 
Vertex 112 distance 31
0 386 452 298 639 597 268 112 
Vertex 113 distance 29
0 310 148 544 178 434 27 558 181 113 
Vertex 114 distance 25
0 386 452 158 213 114 
Vertex 115 distance 28
0 386 452 298 256 115 
Vertex 116 distance 38
0 310 450 206 116 
Vertex 117 distance 18
0 386 452 631 117 
Vertex 118 distance 30
0 386 452 265 69 495 118 
Vertex 119 distance 35
0 386 452 265 69 428 119 
Vertex 120 distance 23
0 310 148 376 521 120 
Vertex 121 distance 30
0 600 165 587 578 121 
Vertex 122 distance 27
0 310 562 53 138 122 
Vertex 123 distance 25
0 600 47 599 123 
Vertex 124 distance 30
0 600 124 
Vertex 125 distance 31
0 386 452 631 309 22 125 
Vertex 126 distance 37
0 310 148 544 178 507 527 126 
Vertex 127 distance 26
0 310 450 23 127 
Vertex 128 distance 28
0 386 452 631 159 223 128 
Vertex 129 distance 36
0 310 450 81 129 
Vertex 130 distance 19
0 600 430 130 
Vertex 131 distance 33
0 310 148 544 178 556 355 233 131 
Vertex 132 distance 27
0 386 452 265 255 43 132 
Vertex 133 distance 42
0 386 452 298 639 597 87 133 
Vertex 134 distance 27
0 310 134 
Vertex 135 distance 26
0 386 452 265 255 280 135 
Vertex 136 distance 28
0 386 452 158 213 114 136 
Vertex 137 distance 40
0 600 585 137 
Vertex 138 distance 26
0 310 562 53 138 
Vertex 139 distance 26
0 600 585 31 38 522 139 
Vertex 140 distance 30
0 600 47 599 70 334 44 303 15 17 140 
Vertex 141 distance 29
0 600 585 31 604 57 186 141 
Vertex 142 distance 31
0 386 452 265 296 548 2 142 
Vertex 143 distance 35
0 310 148 544 178 556 355 233 131 143 
Vertex 144 distance 28
0 167 383 396 144 
Vertex 145 distance 33
0 310 450 23 145 
Vertex 146 distance 36
0 310 148 544 205 470 146 
Vertex 147 distance 36
0 310 489 459 219 147 
Vertex 148 distance 8
0 310 148 
Vertex 149 distance 35
0 310 148 190 425 149 
Vertex 150 distance 37
0 310 450 81 150 
Vertex 151 distance 33
0 310 101 412 151 
Vertex 152 distance 29
0 386 452 298 415 518 393 152 
Vertex 153 distance 34
0 310 489 459 153 
Vertex 154 distance 31
0 386 452 298 639 93 610 552 154 
Vertex 155 distance 24
0 155 
Vertex 156 distance 43
0 167 383 497 156 
Vertex 157 distance 36
0 386 452 265 296 399 451 606 157 
Vertex 158 distance 14
0 386 452 158 
Vertex 159 distance 24
0 386 452 631 159 
Vertex 160 distance 36
0 310 101 225 490 160 
Vertex 161 distance 28
0 310 148 376 266 58 420 161 
Vertex 162 distance 35
0 310 450 23 166 162 
Vertex 163 distance 29
0 310 148 376 266 261 163 
Vertex 164 distance 29
0 310 148 544 205 164 
Vertex 165 distance 24
0 600 165 
Vertex 166 distance 33
0 310 450 23 166 
Vertex 167 distance 9
0 167 
Vertex 168 distance 46
0 386 452 265 296 548 637 168 
Vertex 169 distance 25
0 386 452 265 296 399 263 169 
Vertex 170 distance 29
0 310 148 376 266 58 170 
Vertex 171 distance 19
0 310 148 544 178 507 171 
Vertex 172 distance 38
0 600 47 599 70 334 44 172 
Vertex 173 distance 27
0 310 450 173 
Vertex 174 distance 29
0 310 148 544 178 556 355 233 174 
Vertex 175 distance 30
0 386 452 265 296 399 175 
Vertex 176 distance 32
0 386 452 265 184 594 571 176 
Vertex 177 distance 33
0 310 148 544 178 507 171 86 528 514 315 177 
Vertex 178 distance 15
0 310 148 544 178 
Vertex 179 distance 31
0 310 148 544 178 434 302 500 179 
Vertex 180 distance 27
0 386 452 631 309 64 180 
Vertex 181 distance 25
0 310 148 544 178 434 27 558 181 
Vertex 182 distance 39
0 310 148 544 178 434 27 182 
Vertex 183 distance 25
0 183 
Vertex 184 distance 18
0 386 452 265 184 
Vertex 185 distance 27
0 386 452 158 51 185 
Vertex 186 distance 28
0 600 585 31 604 57 186 
Vertex 187 distance 28
0 386 452 298 639 93 187 
Vertex 188 distance 24
0 386 452 265 230 188 
Vertex 189 distance 36
0 310 148 544 178 507 214 95 189 
Vertex 190 distance 21
0 310 148 190 
Vertex 191 distance 25
0 600 191 
Vertex 192 distance 37
0 386 452 298 639 192 
Vertex 193 distance 43
0 310 101 193 
Vertex 194 distance 31
0 310 148 544 178 507 318 579 379 194 
Vertex 195 distance 31
0 386 452 195 
Vertex 196 distance 52
0 310 562 53 138 196 
Vertex 197 distance 29
0 310 148 544 178 434 302 398 197 
Vertex 198 distance 32
0 310 148 544 178 507 171 86 198 
Vertex 199 distance 42
0 600 47 487 199 
Vertex 200 distance 35
0 386 452 265 255 510 200 
Vertex 201 distance 37
0 600 124 201 
Vertex 202 distance 33
0 386 452 298 256 73 624 202 
Vertex 203 distance 38
0 386 452 298 415 347 203 
Vertex 204 distance 34
0 386 452 265 184 594 571 71 204 
Vertex 205 distance 20
0 310 148 544 205 
Vertex 206 distance 20
0 310 450 206 
Vertex 207 distance 28
0 310 148 544 178 434 27 207 
Vertex 208 distance 32
0 600 47 599 70 334 208 
Vertex 209 distance 33
0 310 148 544 178 434 302 209 
Vertex 210 distance 27
0 600 430 210 
Vertex 211 distance 31
0 310 562 501 211 
Vertex 212 distance 35
0 310 148 544 178 556 457 254 212 
Vertex 213 distance 24
0 386 452 158 213 
Vertex 214 distance 28
0 310 148 544 178 507 214 
Vertex 215 distance 26
0 310 148 544 178 507 171 86 528 215 
Vertex 216 distance 33
0 600 47 599 70 334 44 303 15 461 413 216 
Vertex 217 distance 21
0 310 450 81 217 
Vertex 218 distance 40
0 310 148 544 178 507 218 
Vertex 219 distance 28
0 310 489 459 219 
Vertex 220 distance 24
0 310 148 544 178 507 171 86 220 
Vertex 221 distance 27
0 310 148 544 178 507 171 86 528 514 221 
Vertex 222 distance 31
0 310 101 225 222 
Vertex 223 distance 27
0 386 452 631 159 223 
Vertex 224 distance 33
0 600 47 487 229 224 
Vertex 225 distance 26
0 310 101 225 
Vertex 226 distance 30
0 386 452 226 
Vertex 227 distance 25
0 227 
Vertex 228 distance 32
0 310 101 412 392 228 
Vertex 229 distance 30
0 600 47 487 229 
Vertex 230 distance 21
0 386 452 265 230 
Vertex 231 distance 35
0 386 452 265 296 399 59 294 52 231 
Vertex 232 distance 45
0 386 452 298 639 597 87 133 232 
Vertex 233 distance 25
0 310 148 544 178 556 355 233 
Vertex 234 distance 24
0 310 148 544 178 507 318 234 
Vertex 235 distance 37
0 310 148 190 12 423 235 
Vertex 236 distance 36
0 386 452 158 213 114 389 104 236 
Vertex 237 distance 20
0 310 148 376 237 
Vertex 238 distance 25
0 386 452 265 255 238 
Vertex 239 distance 30
0 386 452 298 239 
Vertex 240 distance 27
0 386 452 265 296 399 263 406 240 
Vertex 241 distance 22
0 600 585 31 38 241 
Vertex 242 distance 35
0 310 101 225 395 242 
Vertex 243 distance 36
0 386 338 408 243 
Vertex 244 distance 44
0 600 585 31 38 244 
Vertex 245 distance 34
0 310 438 601 245 
Vertex 246 distance 30
0 386 452 631 117 276 246 
Vertex 247 distance 33
0 167 383 396 144 247 
Vertex 248 distance 30
0 310 101 412 248 
Vertex 249 distance 37
0 600 585 31 38 241 258 595 249 
Vertex 250 distance 25
0 310 250 
Vertex 251 distance 29
0 386 452 298 415 251 
Vertex 252 distance 28
0 386 452 298 639 93 252 
Vertex 253 distance 31
0 310 148 544 205 164 253 
Vertex 254 distance 29
0 310 148 544 178 556 457 254 
Vertex 255 distance 22
0 386 452 265 255 
Vertex 256 distance 25
0 386 452 298 256 
Vertex 257 distance 34
0 386 452 158 51 185 564 257 
Vertex 258 distance 25
0 600 585 31 38 241 258 
Vertex 259 distance 29
0 310 148 544 178 434 259 
Vertex 260 distance 29
0 386 452 158 260 
Vertex 261 distance 24
0 310 148 376 266 261 
Vertex 262 distance 38
0 310 562 53 138 634 262 
Vertex 263 distance 22
0 386 452 265 296 399 263 
Vertex 264 distance 32
0 310 101 225 395 264 
Vertex 265 distance 13
0 386 452 265 
Vertex 266 distance 16
0 310 148 376 266 
Vertex 267 distance 32
0 310 562 275 109 267 
Vertex 268 distance 23
0 386 452 298 639 597 268 
Vertex 269 distance 30
0 310 148 544 178 556 278 286 269 
Vertex 270 distance 23
0 310 148 376 237 463 270 
Vertex 271 distance 43
0 310 148 544 205 271 
Vertex 272 distance 35
0 386 452 158 51 272 
Vertex 273 distance 30
0 386 452 265 184 16 273 
Vertex 274 distance 27
0 386 452 158 213 437 274 
Vertex 275 distance 26
0 310 562 275 
Vertex 276 distance 23
0 386 452 631 117 276 
Vertex 277 distance 38
0 310 101 106 297 277 
Vertex 278 distance 28
0 310 148 544 178 556 278 
Vertex 279 distance 29
0 386 452 298 415 518 279 
Vertex 280 distance 23
0 386 452 265 255 280 
Vertex 281 distance 38
0 386 452 265 69 281 
Vertex 282 distance 38
0 386 452 265 184 594 571 176 471 282 
Vertex 283 distance 35
0 600 47 427 283 
Vertex 284 distance 30
0 310 438 284 
Vertex 285 distance 32
0 600 573 285 
Vertex 286 distance 29
0 310 148 544 178 556 278 286 
Vertex 287 distance 25
0 600 430 287 
Vertex 288 distance 28
0 386 452 265 288 
Vertex 289 distance 31
0 600 585 31 38 522 289 
Vertex 290 distance 33
0 600 47 599 70 334 44 303 15 17 517 290 
Vertex 291 distance 27
0 310 148 544 178 434 27 558 291 
Vertex 292 distance 30
0 386 452 158 213 114 292 
Vertex 293 distance 36
0 386 452 265 255 293 
Vertex 294 distance 24
0 386 452 265 296 399 59 294 
Vertex 295 distance 31
0 386 452 265 296 548 637 295 
Vertex 296 distance 16
0 386 452 265 296 
Vertex 297 distance 27
0 310 101 106 297 
Vertex 298 distance 13
0 386 452 298 
Vertex 299 distance 37
0 386 452 158 213 114 389 311 299 
Vertex 300 distance 37
0 386 452 631 309 22 125 300 
Vertex 301 distance 30
0 310 148 544 178 507 171 86 528 514 221 301 
Vertex 302 distance 21
0 310 148 544 178 434 302 
Vertex 303 distance 25
0 600 47 599 70 334 44 303 
Vertex 304 distance 25
0 310 101 563 304 
Vertex 305 distance 39
0 386 452 158 51 185 564 257 305 
Vertex 306 distance 35
0 386 452 158 213 114 292 322 508 306 
Vertex 307 distance 29
0 386 452 265 184 557 307 
Vertex 308 distance 42
0 386 452 298 415 347 203 308 
Vertex 309 distance 21
0 386 452 631 309 
Vertex 310 distance 1
0 310 
Vertex 311 distance 33
0 386 452 158 213 114 389 311 
Vertex 312 distance 39
0 600 585 31 38 324 385 312 
Vertex 313 distance 36
0 310 148 544 178 507 318 579 313 
Vertex 314 distance 18
0 310 148 376 314 
Vertex 315 distance 27
0 310 148 544 178 507 171 86 528 514 315 
Vertex 316 distance 18
0 600 430 316 
Vertex 317 distance 32
0 310 148 544 178 507 318 317 
Vertex 318 distance 23
0 310 148 544 178 507 318 
Vertex 319 distance 40
0 310 450 81 217 458 319 
Vertex 320 distance 39
0 600 47 599 70 334 44 172 320 
Vertex 321 distance 31
0 386 452 298 321 
Vertex 322 distance 32
0 386 452 158 213 114 292 322 
Vertex 323 distance 36
0 386 452 298 256 73 624 202 323 
Vertex 324 distance 28
0 600 585 31 38 324 
Vertex 325 distance 34
0 310 148 544 178 434 27 325 
Vertex 326 distance 26
0 386 452 631 309 64 369 326 
Vertex 327 distance 50
0 600 47 599 70 334 44 303 15 17 517 327 
Vertex 328 distance 45
0 386 452 265 296 399 59 294 52 328 
Vertex 329 distance 29
0 386 390 329 
Vertex 330 distance 24
0 600 585 31 38 522 330 
Vertex 331 distance 32
0 310 562 501 211 331 
Vertex 332 distance 21
0 386 452 298 639 597 332 
Vertex 333 distance 26
0 310 148 544 178 507 171 86 528 333 
Vertex 334 distance 22
0 600 47 599 70 334 
Vertex 335 distance 32
0 386 452 265 296 548 637 295 335 
Vertex 336 distance 22
0 310 562 53 336 
Vertex 337 distance 39
0 386 452 265 296 548 337 
Vertex 338 distance 9
0 386 338 
Vertex 339 distance 34
0 183 339 
Vertex 340 distance 26
0 386 452 265 255 43 340 
Vertex 341 distance 43
0 310 450 81 341 
Vertex 342 distance 35
0 310 148 544 178 507 342 
Vertex 343 distance 28
0 310 148 343 
Vertex 344 distance 29
0 310 489 459 41 344 
Vertex 345 distance 29
0 310 148 376 266 345 
Vertex 346 distance 23
0 386 452 631 309 22 346 
Vertex 347 distance 30
0 386 452 298 415 347 
Vertex 348 distance 37
0 386 452 265 69 495 118 348 
Vertex 349 distance 29
0 386 452 158 213 114 389 349 
Vertex 350 distance 34
0 386 452 158 213 114 389 311 350 
Vertex 351 distance 33
0 600 191 351 
Vertex 352 distance 26
0 310 148 544 178 556 352 
Vertex 353 distance 29
0 600 47 599 70 334 44 303 15 353 
Vertex 354 distance 40
0 386 452 298 639 597 354 
Vertex 355 distance 23
0 310 148 544 178 556 355 
Vertex 356 distance 35
0 386 452 265 296 10 356 
Vertex 357 distance 32
0 386 452 265 255 280 46 357 
Vertex 358 distance 45
0 600 47 487 229 460 358 
Vertex 359 distance 32
0 386 452 298 415 518 393 152 359 
Vertex 360 distance 36
0 310 148 544 178 556 278 286 360 
Vertex 361 distance 41
0 386 452 631 159 223 128 361 
Vertex 362 distance 36
0 386 452 265 526 482 453 524 362 
Vertex 363 distance 29
0 310 562 53 336 363 
Vertex 364 distance 30
0 310 148 376 521 120 364 
Vertex 365 distance 22
0 310 148 376 266 365 
Vertex 366 distance 23
0 386 452 265 69 366 
Vertex 367 distance 33
0 310 450 206 433 367 
Vertex 368 distance 43
0 386 452 158 213 437 274 368 
Vertex 369 distance 25
0 386 452 631 309 64 369 
Vertex 370 distance 27
0 386 452 298 415 518 370 
Vertex 371 distance 27
0 310 148 544 178 507 171 86 528 514 371 
Vertex 372 distance 36
0 167 383 396 372 
Vertex 373 distance 40
0 386 452 265 288 477 373 
Vertex 374 distance 42
0 386 452 158 447 374 
Vertex 375 distance 30
0 386 452 631 309 64 375 
Vertex 376 distance 14
0 310 148 376 
Vertex 377 distance 35
0 310 148 376 266 345 377 
Vertex 378 distance 28
0 310 148 544 178 507 171 86 220 378 
Vertex 379 distance 30
0 310 148 544 178 507 318 579 379 
Vertex 380 distance 35
0 386 452 265 526 380 
Vertex 381 distance 36
0 310 148 544 178 507 318 579 379 381 
Vertex 382 distance 42
0 310 148 544 178 507 171 86 528 514 371 382 
Vertex 383 distance 12
0 167 383 
Vertex 384 distance 23
0 386 452 265 296 384 
Vertex 385 distance 32
0 600 585 31 38 324 385 
Vertex 386 distance 8
0 386 
Vertex 387 distance 33
0 600 47 599 70 334 44 303 15 17 140 387 
Vertex 388 distance 28
0 386 452 265 296 399 59 388 
Vertex 389 distance 26
0 386 452 158 213 114 389 
Vertex 390 distance 21
0 386 390 
Vertex 391 distance 29
0 386 452 265 296 399 451 79 483 391 
Vertex 392 distance 31
0 310 101 412 392 
Vertex 393 distance 25
0 386 452 298 415 518 393 
Vertex 394 distance 36
0 386 452 631 159 394 
Vertex 395 distance 31
0 310 101 225 395 
Vertex 396 distance 20
0 167 383 396 
Vertex 397 distance 40
0 386 452 265 296 399 451 606 157 397 
Vertex 398 distance 25
0 310 148 544 178 434 302 398 
Vertex 399 distance 20
0 386 452 265 296 399 
Vertex 400 distance 34
0 386 452 298 256 45 400 
Vertex 401 distance 33
0 386 452 265 230 63 401 
Vertex 402 distance 27
0 402 
Vertex 403 distance 22
0 386 452 158 403 
Vertex 404 distance 26
0 600 430 316 404 
Vertex 405 distance 26
0 386 452 298 639 93 405 
Vertex 406 distance 26
0 386 452 265 296 399 263 406 
Vertex 407 distance 14
0 310 407 
Vertex 408 distance 29
0 386 338 408 
Vertex 409 distance 32
0 310 148 544 178 556 355 233 409 
Vertex 410 distance 35
0 600 585 410 
Vertex 411 distance 27
0 386 452 158 51 411 
Vertex 412 distance 24
0 310 101 412 
Vertex 413 distance 31
0 600 47 599 70 334 44 303 15 461 413 
Vertex 414 distance 37
0 386 452 158 464 414 
Vertex 415 distance 15
0 386 452 298 415 
Vertex 416 distance 28
0 386 452 158 213 416 
Vertex 417 distance 34
0 386 452 265 296 399 59 294 417 
Vertex 418 distance 29
0 600 47 599 70 334 44 303 15 17 418 
Vertex 419 distance 48
0 386 452 298 639 93 610 540 419 
Vertex 420 distance 27
0 310 148 376 266 58 420 
Vertex 421 distance 41
0 310 148 544 178 434 27 558 181 113 421 
Vertex 422 distance 29
0 600 585 31 38 324 422 
Vertex 423 distance 29
0 310 148 190 12 423 
Vertex 424 distance 32
0 386 452 265 296 399 59 294 52 424 
Vertex 425 distance 32
0 310 148 190 425 
Vertex 426 distance 42
0 310 450 206 116 426 
Vertex 427 distance 29
0 600 47 427 
Vertex 428 distance 27
0 386 452 265 69 428 
Vertex 429 distance 43
0 386 452 265 69 543 429 
Vertex 430 distance 12
0 600 430 
Vertex 431 distance 30
0 227 431 
Vertex 432 distance 27
0 386 452 265 184 16 432 
Vertex 433 distance 25
0 310 450 206 433 
Vertex 434 distance 19
0 310 148 544 178 434 
Vertex 435 distance 21
0 386 452 298 639 93 435 
Vertex 436 distance 25
0 167 383 396 436 
Vertex 437 distance 25
0 386 452 158 213 437 
Vertex 438 distance 16
0 310 438 
Vertex 439 distance 30
0 386 452 298 639 93 252 439 
Vertex 440 distance 32
0 310 148 544 178 434 27 558 440 
Vertex 441 distance 37
0 386 452 265 296 548 2 441 
Vertex 442 distance 33
0 386 452 158 51 185 564 442 
Vertex 443 distance 38
0 310 148 544 178 507 318 443 
Vertex 444 distance 35
0 310 148 376 266 58 170 584 444 
Vertex 445 distance 34
0 600 585 31 38 241 445 
Vertex 446 distance 35
0 600 124 54 446 
Vertex 447 distance 32
0 386 452 158 447 
Vertex 448 distance 21
0 386 452 298 448 
Vertex 449 distance 34
0 310 148 376 266 58 420 449 
Vertex 450 distance 13
0 310 450 
Vertex 451 distance 22
0 386 452 265 296 399 451 
Vertex 452 distance 12
0 386 452 
Vertex 453 distance 27
0 386 452 265 526 482 453 
Vertex 454 distance 32
0 386 452 265 288 454 
Vertex 455 distance 33
0 310 148 544 178 507 171 86 528 514 221 455 
Vertex 456 distance 34
0 386 452 265 296 548 2 456 
Vertex 457 distance 26
0 310 148 544 178 556 457 
Vertex 458 distance 30
0 310 450 81 217 458 
Vertex 459 distance 27
0 310 489 459 
Vertex 460 distance 35
0 600 47 487 229 460 
Vertex 461 distance 30
0 600 47 599 70 334 44 303 15 461 
Vertex 462 distance 25
0 600 47 487 462 
Vertex 463 distance 22
0 310 148 376 237 463 
Vertex 464 distance 32
0 386 452 158 464 
Vertex 465 distance 38
0 386 452 265 288 11 465 
Vertex 466 distance 45
0 310 148 376 266 261 568 466 
Vertex 467 distance 45
0 310 101 225 532 467 
Vertex 468 distance 36
0 386 452 298 415 518 279 468 
Vertex 469 distance 25
0 310 148 376 266 76 469 
Vertex 470 distance 33
0 310 148 544 205 470 
Vertex 471 distance 33
0 386 452 265 184 594 571 176 471 
Vertex 472 distance 37
0 386 452 265 296 399 451 79 472 
Vertex 473 distance 33
0 386 452 631 159 223 128 473 
Vertex 474 distance 32
0 386 452 158 213 437 474 
Vertex 475 distance 33
0 310 101 412 248 475 
Vertex 476 distance 30
0 386 452 298 639 597 268 476 
Vertex 477 distance 29
0 386 452 265 288 477 
Vertex 478 distance 37
0 386 452 265 288 11 478 
Vertex 479 distance 48
0 386 452 298 639 597 87 133 479 
Vertex 480 distance 43
0 310 148 376 266 261 568 480 
Vertex 481 distance 35
0 600 585 31 38 241 258 595 481 
Vertex 482 distance 25
0 386 452 265 526 482 
Vertex 483 distance 28
0 386 452 265 296 399 451 79 483 
Vertex 484 distance 35
0 310 101 225 395 264 484 
Vertex 485 distance 35
0 386 452 158 213 114 389 349 485 
Vertex 486 distance 20
0 600 430 486 
Vertex 487 distance 17
0 600 47 487 
Vertex 488 distance 38
0 386 452 158 51 185 564 257 488 
Vertex 489 distance 17
0 310 489 
Vertex 490 distance 29
0 310 101 225 490 
Vertex 491 distance 41
0 310 148 544 178 507 318 579 379 381 491 
Vertex 492 distance 38
0 600 430 130 498 627 492 
Vertex 493 distance 44
0 386 452 265 296 399 451 79 483 493 
Vertex 494 distance 36
0 310 148 376 314 494 
Vertex 495 distance 25
0 386 452 265 69 495 
Vertex 496 distance 30
0 386 452 265 296 384 611 496 
Vertex 497 distance 17
0 167 383 497 
Vertex 498 distance 20
0 600 430 130 498 
Vertex 499 distance 29
0 600 585 31 499 
Vertex 500 distance 24
0 310 148 544 178 434 302 500 
Vertex 501 distance 30
0 310 562 501 
Vertex 502 distance 40
0 310 148 544 178 507 171 86 220 502 
Vertex 503 distance 28
0 310 407 503 
Vertex 504 distance 29
0 386 338 632 504 
Vertex 505 distance 40
0 386 452 265 288 591 505 
Vertex 506 distance 37
0 600 430 316 574 35 506 
Vertex 507 distance 18
0 310 148 544 178 507 
Vertex 508 distance 34
0 386 452 158 213 114 292 322 508 
Vertex 509 distance 34
0 386 452 158 213 114 389 349 509 
Vertex 510 distance 23
0 386 452 265 255 510 
Vertex 511 distance 28
0 386 452 298 256 511 
Vertex 512 distance 40
0 386 452 265 296 548 637 512 
Vertex 513 distance 32
0 310 562 513 
Vertex 514 distance 24
0 310 148 544 178 507 171 86 528 514 
Vertex 515 distance 37
0 386 452 158 213 515 
Vertex 516 distance 24
0 310 148 376 266 58 516 
Vertex 517 distance 30
0 600 47 599 70 334 44 303 15 17 517 
Vertex 518 distance 18
0 386 452 298 415 518 
Vertex 519 distance 37
0 600 430 210 519 
Vertex 520 distance 34
0 600 585 31 604 569 520 
Vertex 521 distance 20
0 310 148 376 521 
Vertex 522 distance 21
0 600 585 31 38 522 
Vertex 523 distance 25
0 600 430 523 
Vertex 524 distance 34
0 386 452 265 526 482 453 524 
Vertex 525 distance 31
0 183 525 
Vertex 526 distance 24
0 386 452 265 526 
Vertex 527 distance 35
0 310 148 544 178 507 527 
Vertex 528 distance 22
0 310 148 544 178 507 171 86 528 
Vertex 529 distance 30
0 386 452 265 184 16 432 529 
Vertex 530 distance 42
0 600 47 599 70 334 44 303 15 17 530 
Vertex 531 distance 24
0 386 452 265 184 531 
Vertex 532 distance 27
0 310 101 225 532 
Vertex 533 distance 38
0 386 452 631 117 533 
Vertex 534 distance 25
0 600 585 31 534 
Vertex 535 distance 36
0 386 452 265 255 43 132 535 
Vertex 536 distance 36
0 386 452 265 296 399 536 
Vertex 537 distance 34
0 310 489 459 41 537 
Vertex 538 distance 33
0 310 148 544 178 507 171 86 528 514 315 84 538 
Vertex 539 distance 28
0 310 148 544 178 507 171 86 220 550 539 
Vertex 540 distance 28
0 386 452 298 639 93 610 540 
Vertex 541 distance 25
0 386 452 298 639 597 541 
Vertex 542 distance 29
0 310 148 544 178 556 542 
Vertex 543 distance 25
0 386 452 265 69 543 
Vertex 544 distance 14
0 310 148 544 
Vertex 545 distance 22
0 310 101 106 545 
Vertex 546 distance 34
0 386 452 265 546 
Vertex 547 distance 37
0 310 407 503 547 
Vertex 548 distance 17
0 386 452 265 296 548 
Vertex 549 distance 32
0 386 452 265 69 428 549 
Vertex 550 distance 25
0 310 148 544 178 507 171 86 220 550 
Vertex 551 distance 27
0 310 148 544 178 507 171 86 220 550 551 
Vertex 552 distance 30
0 386 452 298 639 93 610 552 
Vertex 553 distance 18
0 386 452 298 639 553 
Vertex 554 distance 32
0 386 338 632 504 554 
Vertex 555 distance 41
0 600 430 287 555 
Vertex 556 distance 22
0 310 148 544 178 556 
Vertex 557 distance 22
0 386 452 265 184 557 
Vertex 558 distance 24
0 310 148 544 178 434 27 558 
Vertex 559 distance 40
0 386 452 265 546 559 
Vertex 560 distance 35
0 386 452 631 309 22 346 560 
Vertex 561 distance 33
0 386 338 632 504 554 561 
Vertex 562 distance 9
0 310 562 
Vertex 563 distance 24
0 310 101 563 
Vertex 564 distance 32
0 386 452 158 51 185 564 
Vertex 565 distance 29
0 310 450 206 433 565 
Vertex 566 distance 35
0 386 452 298 639 597 268 112 566 
Vertex 567 distance 48
0 386 452 226 567 
Vertex 568 distance 29
0 310 148 376 266 261 568 
Vertex 569 distance 27
0 600 585 31 604 569 
Vertex 570 distance 33
0 310 148 544 178 556 355 233 570 
Vertex 571 distance 28
0 386 452 265 184 594 571 
Vertex 572 distance 30
0 600 585 31 499 572 
Vertex 573 distance 25
0 600 573 
Vertex 574 distance 29
0 600 430 316 574 
Vertex 575 distance 25
0 386 452 265 296 399 59 294 575 
Vertex 576 distance 26
0 600 585 31 604 576 
Vertex 577 distance 34
0 386 452 631 159 223 577 
Vertex 578 distance 29
0 600 165 587 578 
Vertex 579 distance 26
0 310 148 544 178 507 318 579 
Vertex 580 distance 33
0 310 148 376 266 58 580 
Vertex 581 distance 36
0 386 452 265 526 482 581 
Vertex 582 distance 46
0 600 47 599 70 334 44 582 
Vertex 583 distance 41
0 386 452 631 309 22 125 583 
Vertex 584 distance 30
0 310 148 376 266 58 170 584 
Vertex 585 distance 12
0 600 585 
Vertex 586 distance 37
0 386 452 265 255 43 132 535 586 
Vertex 587 distance 25
0 600 165 587 
Vertex 588 distance 36
0 386 452 298 256 73 624 588 
Vertex 589 distance 33
0 310 562 53 138 589 
Vertex 590 distance 32
0 386 452 631 309 22 590 
Vertex 591 distance 34
0 386 452 265 288 591 
Vertex 592 distance 33
0 167 383 396 592 
Vertex 593 distance 35
0 593 
Vertex 594 distance 23
0 386 452 265 184 594 
Vertex 595 distance 32
0 600 585 31 38 241 258 595 
Vertex 596 distance 22
0 600 47 599 70 596 
Vertex 597 distance 20
0 386 452 298 639 597 
Vertex 598 distance 19
0 600 598 
Vertex 599 distance 19
0 600 47 599 
Vertex 600 distance 9
0 600 
Vertex 601 distance 31
0 310 438 601 
Vertex 602 distance 27
0 310 101 563 304 602 
Vertex 603 distance 39
0 310 407 603 
Vertex 604 distance 23
0 600 585 31 604 
Vertex 605 distance 46
0 386 452 265 296 399 263 615 105 605 
Vertex 606 distance 24
0 386 452 265 296 399 451 606 
Vertex 607 distance 31
0 386 452 265 296 384 611 607 
Vertex 608 distance 27
0 386 452 265 296 399 59 608 
Vertex 609 distance 33
0 310 148 544 178 507 171 609 
Vertex 610 distance 20
0 386 452 298 639 93 610 
Vertex 611 distance 27
0 386 452 265 296 384 611 
Vertex 612 distance 36
0 386 452 298 415 612 
Vertex 613 distance 30
0 310 148 376 266 76 469 613 
Vertex 614 distance 39
0 310 148 544 178 556 278 286 360 614 
Vertex 615 distance 27
0 386 452 265 296 399 263 615 
Vertex 616 distance 41
0 386 452 265 296 548 616 
Vertex 617 distance 35
0 386 452 265 69 495 617 
Vertex 618 distance 30
0 310 148 544 178 507 171 86 220 378 618 
Vertex 619 distance 32
0 600 585 31 604 57 619 
Vertex 620 distance 27
0 386 390 620 
Vertex 621 distance 37
0 310 450 206 433 367 621 
Vertex 622 distance 31
0 386 390 622 
Vertex 623 distance 31
0 310 250 107 623 
Vertex 624 distance 32
0 386 452 298 256 73 624 
Vertex 625 distance 33
0 310 148 190 425 625 
Vertex 626 distance 34
0 310 148 376 266 58 626 
Vertex 627 distance 31
0 600 430 130 498 627 
Vertex 628 distance 27
0 310 148 544 178 556 355 628 
Vertex 629 distance 35
0 386 452 265 526 629 
Vertex 630 distance 32
0 386 452 298 256 115 630 
Vertex 631 distance 14
0 386 452 631 
Vertex 632 distance 22
0 386 338 632 
Vertex 633 distance 31
0 386 452 265 230 633 
Vertex 634 distance 33
0 310 562 53 138 634 
Vertex 635 distance 35
0 310 562 53 138 634 635 
Vertex 636 distance 37
0 310 148 376 266 76 636 
Vertex 637 distance 24
0 386 452 265 296 548 637 
Vertex 638 distance 34
0 310 148 544 178 434 302 500 638 
Vertex 639 distance 16
0 386 452 298 639 
