Vertex 0 distance 0
0 0 
Vertex 1 distance 43
0 384 612 463 296 1 
Vertex 2 distance 38
0 20 189 278 527 28 2 
Vertex 3 distance 33
0 384 289 3 
Vertex 4 distance 36
0 384 612 464 230 4 
Vertex 5 distance 34
0 384 612 489 596 594 538 505 502 561 5 
Vertex 6 distance 23
0 20 6 
Vertex 7 distance 18
0 250 7 
Vertex 8 distance 36
0 384 612 546 603 192 8 
Vertex 9 distance 31
0 250 310 9 
Vertex 10 distance 35
0 384 612 489 596 594 538 505 502 508 10 
Vertex 11 distance 35
0 384 612 489 596 339 394 94 11 
Vertex 12 distance 35
0 384 612 464 230 36 12 
Vertex 13 distance 44
0 250 310 309 134 182 13 
Vertex 14 distance 38
0 20 189 162 37 240 14 
Vertex 15 distance 42
0 384 612 546 172 451 570 539 212 15 
Vertex 16 distance 29
0 20 189 162 37 16 
Vertex 17 distance 38
0 250 121 337 64 17 
Vertex 18 distance 39
0 184 559 18 
Vertex 19 distance 29
0 20 189 62 19 
Vertex 20 distance 3
0 20 
Vertex 21 distance 47
0 384 612 536 409 391 367 21 
Vertex 22 distance 39
0 384 612 489 596 594 538 505 502 561 5 22 
Vertex 23 distance 24
0 384 612 464 168 23 
Vertex 24 distance 22
0 20 24 
Vertex 25 distance 29
0 384 612 489 596 339 394 25 
Vertex 26 distance 22
0 250 634 26 
Vertex 27 distance 38
0 384 442 375 204 199 27 
Vertex 28 distance 31
0 20 189 278 527 28 
Vertex 29 distance 31
0 250 634 469 29 
Vertex 30 distance 32
0 184 152 30 
Vertex 31 distance 32
0 384 442 31 
Vertex 32 distance 33
0 20 512 32 
Vertex 33 distance 32
0 20 189 62 19 365 33 
Vertex 34 distance 35
0 384 612 464 582 34 
Vertex 35 distance 44
0 384 612 464 239 480 35 
Vertex 36 distance 23
0 384 612 464 230 36 
Vertex 37 distance 27
0 20 189 162 37 
Vertex 38 distance 30
0 384 612 489 261 38 
Vertex 39 distance 44
0 384 612 546 172 601 401 39 
Vertex 40 distance 32
0 20 189 278 40 
Vertex 41 distance 35
0 20 24 528 102 41 
Vertex 42 distance 35
0 384 612 489 596 339 394 42 
Vertex 43 distance 39
0 20 189 162 558 597 136 43 
Vertex 44 distance 36
0 20 189 565 245 335 140 44 
Vertex 45 distance 35
0 20 6 45 
Vertex 46 distance 24
0 20 189 278 527 46 
Vertex 47 distance 39
0 384 612 489 596 594 538 47 
Vertex 48 distance 29
0 20 189 162 85 225 48 
Vertex 49 distance 35
0 20 189 162 85 225 49 
Vertex 50 distance 32
0 20 189 278 430 50 
Vertex 51 distance 45
0 384 612 344 607 453 492 625 513 488 51 
Vertex 52 distance 29
0 384 442 375 581 52 
Vertex 53 distance 22
0 384 612 489 261 53 
Vertex 54 distance 31
0 384 612 344 607 453 54 
Vertex 55 distance 37
0 20 189 162 37 16 75 400 55 
Vertex 56 distance 30
0 302 224 577 56 
Vertex 57 distance 28
0 20 189 278 527 57 
Vertex 58 distance 40
0 384 612 464 456 58 
Vertex 59 distance 34
0 250 121 337 71 59 
Vertex 60 distance 36
0 384 612 489 596 594 135 60 
Vertex 61 distance 34
0 250 7 535 61 
Vertex 62 distance 23
0 20 189 62 
Vertex 63 distance 37
0 384 612 464 456 256 63 
Vertex 64 distance 23
0 250 121 337 64 
Vertex 65 distance 36
0 20 189 565 245 65 
Vertex 66 distance 43
0 384 612 546 172 451 570 539 212 15 66 
Vertex 67 distance 33
0 384 612 464 582 294 253 103 67 
Vertex 68 distance 31
0 20 24 68 
Vertex 69 distance 34
0 384 612 489 494 126 69 
Vertex 70 distance 27
0 384 612 464 217 70 
Vertex 71 distance 23
0 250 121 337 71 
Vertex 72 distance 30
0 302 330 72 
Vertex 73 distance 38
0 384 612 464 168 23 517 86 73 
Vertex 74 distance 27
0 250 634 74 
Vertex 75 distance 32
0 20 189 162 37 16 75 
Vertex 76 distance 31
0 20 266 395 76 
Vertex 77 distance 38
0 384 612 464 168 315 566 77 
Vertex 78 distance 33
0 384 612 489 596 594 108 78 
Vertex 79 distance 38
0 384 612 546 79 
Vertex 80 distance 50
0 384 612 463 333 80 
Vertex 81 distance 29
0 81 
Vertex 82 distance 29
0 384 612 489 596 594 108 82 
Vertex 83 distance 35
0 302 224 577 56 83 
Vertex 84 distance 35
0 250 7 535 84 
Vertex 85 distance 24
0 20 189 162 85 
Vertex 86 distance 36
0 384 612 464 168 23 517 86 
Vertex 87 distance 41
0 384 612 489 494 208 87 
Vertex 88 distance 31
0 384 612 489 596 339 394 88 
Vertex 89 distance 30
0 384 612 536 605 89 
Vertex 90 distance 33
0 20 189 290 90 
Vertex 91 distance 32
0 384 612 489 596 594 538 505 91 
Vertex 92 distance 38
0 20 540 92 
Vertex 93 distance 47
0 384 612 489 596 339 394 88 93 
Vertex 94 distance 33
0 384 612 489 596 339 394 94 
Vertex 95 distance 23
0 384 612 546 95 
Vertex 96 distance 34
0 20 540 547 211 96 
Vertex 97 distance 38
0 20 189 162 558 115 97 
Vertex 98 distance 31
0 384 612 489 261 98 
Vertex 99 distance 36
0 384 612 344 112 624 99 
Vertex 100 distance 44
0 384 612 464 582 294 100 
Vertex 101 distance 53
0 20 189 162 558 115 585 101 
Vertex 102 distance 30
0 20 24 528 102 
Vertex 103 distance 29
0 384 612 464 582 294 253 103 
Vertex 104 distance 28
0 20 189 278 181 165 104 
Vertex 105 distance 31
0 384 612 464 582 294 253 105 
Vertex 106 distance 28
0 250 310 106 
Vertex 107 distance 30
0 20 189 278 527 46 526 107 
Vertex 108 distance 27
0 384 612 489 596 594 108 
Vertex 109 distance 35
0 20 189 278 527 46 526 107 377 109 
Vertex 110 distance 39
0 250 7 535 84 110 
Vertex 111 distance 36
0 20 189 162 558 115 111 
Vertex 112 distance 27
0 384 612 344 112 
Vertex 113 distance 21
0 384 612 546 113 
Vertex 114 distance 32
0 384 612 546 172 451 350 142 114 
Vertex 115 distance 26
0 20 189 162 558 115 
Vertex 116 distance 27
0 250 310 116 
Vertex 117 distance 42
0 20 189 162 37 16 75 400 55 117 
Vertex 118 distance 40
0 20 189 252 541 259 118 
Vertex 119 distance 47
0 20 189 162 558 115 295 119 
Vertex 120 distance 33
0 384 612 489 261 98 120 
Vertex 121 distance 17
0 250 121 
Vertex 122 distance 29
0 384 442 122 
Vertex 123 distance 33
0 250 121 337 633 628 123 
Vertex 124 distance 39
0 20 512 124 
Vertex 125 distance 34
0 250 121 337 633 312 125 
Vertex 126 distance 28
0 384 612 489 494 126 
Vertex 127 distance 35
0 384 612 464 168 315 566 127 
Vertex 128 distance 40
0 384 612 489 261 38 471 128 
Vertex 129 distance 30
0 20 189 162 129 
Vertex 130 distance 35
0 384 612 489 261 98 130 
Vertex 131 distance 41
0 20 24 443 131 
Vertex 132 distance 35
0 20 189 278 527 46 526 107 132 
Vertex 133 distance 34
0 384 612 344 607 133 
Vertex 134 distance 39
0 250 310 309 134 
Vertex 135 distance 26
0 384 612 489 596 594 135 
Vertex 136 distance 30
0 20 189 162 558 597 136 
Vertex 137 distance 43
0 250 634 469 29 516 137 
Vertex 138 distance 37
0 20 266 395 138 
Vertex 139 distance 40
0 384 612 546 113 263 139 
Vertex 140 distance 33
0 20 189 565 245 335 140 
Vertex 141 distance 36
0 384 612 464 168 23 141 
Vertex 142 distance 29
0 384 612 546 172 451 350 142 
Vertex 143 distance 36
0 20 189 548 426 143 
Vertex 144 distance 27
0 20 189 162 638 144 
Vertex 145 distance 38
0 20 189 252 541 145 
Vertex 146 distance 37
0 20 189 548 619 146 
Vertex 147 distance 41
0 384 612 464 217 70 627 147 
Vertex 148 distance 40
0 384 612 489 596 594 538 505 502 148 
Vertex 149 distance 30
0 384 612 546 172 601 149 
Vertex 150 distance 32
0 384 289 150 
Vertex 151 distance 44
0 384 612 546 172 451 537 380 418 151 
Vertex 152 distance 31
0 184 152 
Vertex 153 distance 28
0 20 189 153 
Vertex 154 distance 38
0 250 634 469 29 516 293 154 
Vertex 155 distance 28
0 20 189 162 298 450 155 
Vertex 156 distance 35
0 250 121 337 71 156 
Vertex 157 distance 38
0 384 612 546 172 451 350 142 157 
Vertex 158 distance 38
0 20 6 158 
Vertex 159 distance 34
0 384 612 464 168 315 186 327 159 
Vertex 160 distance 36
0 20 512 160 
Vertex 161 distance 34
0 384 612 546 161 
Vertex 162 distance 17
0 20 189 162 
Vertex 163 distance 36
0 250 121 337 633 628 123 163 
Vertex 164 distance 40
0 384 612 463 221 164 
Vertex 165 distance 23
0 20 189 278 181 165 
Vertex 166 distance 39
0 20 189 162 558 597 136 229 166 
Vertex 167 distance 30
0 20 189 153 167 
Vertex 168 distance 20
0 384 612 464 168 
Vertex 169 distance 35
0 20 189 278 527 169 
Vertex 170 distance 35
0 384 612 489 596 594 108 78 170 
Vertex 171 distance 43
0 20 189 278 527 28 501 171 
Vertex 172 distance 20
0 384 612 546 172 
Vertex 173 distance 41
0 250 121 337 633 628 123 163 173 
Vertex 174 distance 39
0 20 189 278 527 169 174 
Vertex 175 distance 47
0 250 7 535 61 175 
Vertex 176 distance 35
0 302 283 353 176 
Vertex 177 distance 41
0 20 189 162 558 177 
Vertex 178 distance 41
0 384 442 375 204 199 27 178 
Vertex 179 distance 36
0 20 189 62 19 365 179 
Vertex 180 distance 42
0 384 612 324 180 
Vertex 181 distance 22
0 20 189 278 181 
Vertex 182 distance 40
0 250 310 309 134 182 
Vertex 183 distance 46
0 384 612 464 230 413 183 
Vertex 184 distance 3
0 184 
Vertex 185 distance 35
0 250 7 420 185 
Vertex 186 distance 28
0 384 612 464 168 315 186 
Vertex 187 distance 42
0 384 612 464 217 187 
Vertex 188 distance 48
0 384 612 546 188 
Vertex 189 distance 13
0 20 189 
Vertex 190 distance 43
0 184 243 433 479 190 
Vertex 191 distance 39
0 384 612 464 456 256 63 191 
Vertex 192 distance 33
0 384 612 546 603 192 
Vertex 193 distance 35
0 384 612 489 261 193 
Vertex 194 distance 40
0 384 612 489 596 399 468 194 
Vertex 195 distance 42
0 384 612 464 168 195 
Vertex 196 distance 35
0 384 612 489 494 208 522 196 
Vertex 197 distance 28
0 384 612 546 603 573 363 197 
Vertex 198 distance 32
0 250 121 337 198 
Vertex 199 distance 28
0 384 442 375 204 199 
Vertex 200 distance 32
0 384 530 202 200 
Vertex 201 distance 38
0 20 189 162 298 201 
Vertex 202 distance 29
0 384 530 202 
Vertex 203 distance 35
0 384 612 546 172 601 374 203 
Vertex 204 distance 27
0 384 442 375 204 
Vertex 205 distance 28
0 384 612 464 230 205 
Vertex 206 distance 41
0 384 612 546 172 451 350 142 114 354 206 
Vertex 207 distance 33
0 384 612 464 207 
Vertex 208 distance 29
0 384 612 489 494 208 
Vertex 209 distance 35
0 20 189 162 37 16 75 209 
Vertex 210 distance 27
0 250 121 210 
Vertex 211 distance 31
0 20 540 547 211 
Vertex 212 distance 37
0 384 612 546 172 451 570 539 212 
Vertex 213 distance 42
0 384 612 464 217 70 213 
Vertex 214 distance 37
0 384 612 536 605 214 
Vertex 215 distance 45
0 384 612 463 215 
Vertex 216 distance 36
0 384 612 489 596 308 216 
Vertex 217 distance 22
0 384 612 464 217 
Vertex 218 distance 31
0 20 24 528 572 218 
Vertex 219 distance 33
0 384 612 489 596 594 108 219 
Vertex 220 distance 37
0 250 121 337 633 312 220 
Vertex 221 distance 32
0 384 612 463 221 
Vertex 222 distance 32
0 384 612 464 168 23 222 
Vertex 223 distance 49
0 384 612 546 172 451 570 539 223 
Vertex 224 distance 26
0 302 224 
Vertex 225 distance 25
0 20 189 162 85 225 
Vertex 226 distance 37
0 384 442 375 204 226 
Vertex 227 distance 32
0 20 189 162 558 597 136 227 
Vertex 228 distance 41
0 250 121 337 71 235 228 
Vertex 229 distance 34
0 20 189 162 558 597 136 229 
Vertex 230 distance 21
0 384 612 464 230 
Vertex 231 distance 40
0 384 612 464 168 23 517 86 231 
Vertex 232 distance 39
0 250 634 26 576 251 232 
Vertex 233 distance 30
0 384 612 463 233 
Vertex 234 distance 39
0 384 442 375 581 393 234 
Vertex 235 distance 31
0 250 121 337 71 235 
Vertex 236 distance 33
0 302 330 236 
Vertex 237 distance 44
0 384 612 546 113 263 237 
Vertex 238 distance 40
0 20 266 592 238 
Vertex 239 distance 21
0 384 612 464 239 
Vertex 240 distance 31
0 20 189 162 37 240 
Vertex 241 distance 35
0 184 241 
Vertex 242 distance 33
0 384 612 546 172 601 584 242 
Vertex 243 distance 21
0 184 243 
Vertex 244 distance 37
0 384 612 463 333 244 
Vertex 245 distance 27
0 20 189 565 245 
Vertex 246 distance 40
0 384 612 489 596 308 336 246 
Vertex 247 distance 39
0 20 189 162 558 115 111 247 
Vertex 248 distance 44
0 20 266 395 248 
Vertex 249 distance 33
0 384 612 546 172 255 249 
Vertex 250 distance 15
0 250 
Vertex 251 distance 37
0 250 634 26 576 251 
Vertex 252 distance 25
0 20 189 252 
Vertex 253 distance 28
0 384 612 464 582 294 253 
Vertex 254 distance 38
0 384 612 489 596 399 468 254 
Vertex 255 distance 25
0 384 612 546 172 255 
Vertex 256 distance 31
0 384 612 464 456 256 
Vertex 257 distance 42
0 20 189 62 19 257 
Vertex 258 distance 28
0 384 530 258 
Vertex 259 distance 38
0 20 189 252 541 259 
Vertex 260 distance 33
0 384 612 464 456 404 260 
Vertex 261 distance 21
0 384 612 489 261 
Vertex 262 distance 43
0 384 442 375 581 393 262 
Vertex 263 distance 29
0 384 612 546 113 263 
Vertex 264 distance 35
0 384 612 546 172 255 264 
Vertex 265 distance 38
0 250 7 535 265 
Vertex 266 distance 14
0 20 266 
Vertex 267 distance 28
0 20 189 278 527 46 267 
Vertex 268 distance 31
0 384 612 489 268 
Vertex 269 distance 58
0 384 612 546 269 
Vertex 270 distance 40
0 250 445 270 
Vertex 271 distance 35
0 384 612 463 271 
Vertex 272 distance 42
0 20 189 278 527 487 272 
Vertex 273 distance 37
0 384 612 464 168 23 141 273 
Vertex 274 distance 42
0 20 189 548 426 274 
Vertex 275 distance 40
0 384 612 464 168 23 222 275 
Vertex 276 distance 38
0 384 612 489 494 208 522 196 276 
Vertex 277 distance 29
0 277 
Vertex 278 distance 16
0 20 189 278 
Vertex 279 distance 38
0 384 612 546 172 601 584 279 
Vertex 280 distance 37
0 20 189 252 280 
Vertex 281 distance 42
0 384 612 489 494 126 281 
Vertex 282 distance 32
0 384 612 464 582 294 253 105 282 
Vertex 283 distance 26
0 302 283 
Vertex 284 distance 41
0 384 612 546 172 255 431 284 
Vertex 285 distance 39
0 384 612 546 603 573 363 345 285 
Vertex 286 distance 42
0 384 612 489 261 53 286 
Vertex 287 distance 42
0 20 189 290 90 319 287 
Vertex 288 distance 44
0 302 224 577 56 83 288 
Vertex 289 distance 28
0 384 289 
Vertex 290 distance 18
0 20 189 290 
Vertex 291 distance 38
0 384 442 122 291 
Vertex 292 distance 39
0 20 189 162 638 292 
Vertex 293 distance 34
0 250 634 469 29 516 293 
Vertex 294 distance 27
0 384 612 464 582 294 
Vertex 295 distance 35
0 20 189 162 558 115 295 
Vertex 296 distance 32
0 384 612 463 296 
Vertex 297 distance 45
0 20 189 162 558 115 111 297 
Vertex 298 distance 23
0 20 189 162 298 
Vertex 299 distance 38
0 384 612 489 596 594 538 299 
Vertex 300 distance 34
0 20 189 162 85 225 300 
Vertex 301 distance 33
0 384 612 546 603 573 363 345 301 
Vertex 302 distance 19
0 302 
Vertex 303 distance 50
0 384 612 489 494 208 331 303 
Vertex 304 distance 31
0 302 304 
Vertex 305 distance 34
0 20 189 162 558 305 
Vertex 306 distance 42
0 250 121 337 71 306 
Vertex 307 distance 54
0 384 612 464 230 36 403 307 
Vertex 308 distance 26
0 384 612 489 596 308 
Vertex 309 distance 34
0 250 310 309 
Vertex 310 distance 26
0 250 310 
Vertex 311 distance 33
0 20 189 278 527 28 311 
Vertex 312 distance 29
0 250 121 337 633 312 
Vertex 313 distance 38
0 384 612 546 113 263 447 313 
Vertex 314 distance 33
0 384 612 344 607 453 492 314 
Vertex 315 distance 24
0 384 612 464 168 315 
Vertex 316 distance 35
0 184 243 389 318 316 
Vertex 317 distance 42
0 384 612 489 596 594 538 299 317 
Vertex 318 distance 33
0 184 243 389 318 
Vertex 319 distance 35
0 20 189 290 90 319 
Vertex 320 distance 34
0 384 612 464 582 294 253 320 
Vertex 321 distance 35
0 384 612 489 261 98 120 321 
Vertex 322 distance 52
0 384 612 489 261 53 322 
Vertex 323 distance 37
0 384 612 489 596 339 610 360 323 
Vertex 324 distance 27
0 384 612 324 
Vertex 325 distance 27
0 250 121 325 
Vertex 326 distance 37
0 384 612 464 168 23 637 326 
Vertex 327 distance 31
0 384 612 464 168 315 186 327 
Vertex 328 distance 34
0 384 612 489 261 98 120 328 
Vertex 329 distance 36
0 20 189 162 558 329 
Vertex 330 distance 23
0 302 330 
Vertex 331 distance 40
0 384 612 489 494 208 331 
Vertex 332 distance 42
0 384 442 375 581 332 
Vertex 333 distance 30
0 384 612 463 333 
Vertex 334 distance 34
0 384 612 546 95 428 334 
Vertex 335 distance 29
0 20 189 565 245 335 
Vertex 336 distance 33
0 384 612 489 596 308 336 
Vertex 337 distance 22
0 250 121 337 
Vertex 338 distance 34
0 384 442 31 338 
Vertex 339 distance 21
0 384 612 489 596 339 
Vertex 340 distance 34
0 384 612 489 261 53 340 
Vertex 341 distance 29
0 384 612 464 230 341 
Vertex 342 distance 32
0 250 121 210 342 
Vertex 343 distance 32
0 384 612 464 582 294 495 343 
Vertex 344 distance 18
0 384 612 344 
Vertex 345 distance 32
0 384 612 546 603 573 363 345 
Vertex 346 distance 45
0 20 189 278 527 169 174 346 
Vertex 347 distance 29
0 384 612 546 172 451 570 347 
Vertex 348 distance 37
0 302 224 364 348 
Vertex 349 distance 37
0 20 189 290 90 319 349 
Vertex 350 distance 27
0 384 612 546 172 451 350 
Vertex 351 distance 40
0 250 634 469 351 
Vertex 352 distance 40
0 384 612 463 333 352 
Vertex 353 distance 33
0 302 283 353 
Vertex 354 distance 40
0 384 612 546 172 451 350 142 114 354 
Vertex 355 distance 37
0 384 612 324 355 
Vertex 356 distance 36
0 20 189 278 527 46 526 107 356 
Vertex 357 distance 31
0 250 310 116 514 357 
Vertex 358 distance 36
0 384 612 464 582 294 495 343 358 
Vertex 359 distance 35
0 384 612 464 582 294 253 359 
Vertex 360 distance 23
0 384 612 489 596 339 610 360 
Vertex 361 distance 48
0 384 612 489 261 361 
Vertex 362 distance 37
0 20 189 162 558 597 136 362 
Vertex 363 distance 26
0 384 612 546 603 573 363 
Vertex 364 distance 36
0 302 224 364 
Vertex 365 distance 30
0 20 189 62 19 365 
Vertex 366 distance 35
0 250 445 408 366 
Vertex 367 distance 43
0 384 612 536 409 391 367 
Vertex 368 distance 32
0 384 612 489 494 126 368 
Vertex 369 distance 38
0 20 189 162 37 16 75 209 369 
Vertex 370 distance 45
0 384 530 202 200 370 
Vertex 371 distance 36
0 250 634 371 
Vertex 372 distance 32
0 384 530 258 372 
Vertex 373 distance 34
0 20 540 547 574 373 
Vertex 374 distance 27
0 384 612 546 172 601 374 
Vertex 375 distance 24
0 384 442 375 
Vertex 376 distance 40
0 20 189 162 85 225 300 376 
Vertex 377 distance 32
0 20 189 278 527 46 526 107 377 
Vertex 378 distance 39
0 20 189 278 527 46 526 107 377 378 
Vertex 379 distance 30
0 384 289 379 
Vertex 380 distance 27
0 384 612 546 172 451 537 380 
Vertex 381 distance 33
0 184 243 381 
Vertex 382 distance 42
0 250 121 337 71 382 
Vertex 383 distance 27
0 250 121 383 
Vertex 384 distance 1
0 384 
Vertex 385 distance 40
0 384 612 489 596 594 538 586 385 
Vertex 386 distance 39
0 384 612 489 494 208 518 386 
Vertex 387 distance 42
0 384 612 546 172 601 584 484 387 
Vertex 388 distance 39
0 20 189 162 37 16 75 209 388 
Vertex 389 distance 24
0 184 243 389 
Vertex 390 distance 41
0 20 189 290 90 390 
Vertex 391 distance 35
0 384 612 536 409 391 
Vertex 392 distance 41
0 384 612 536 409 392 
Vertex 393 distance 33
0 384 442 375 581 393 
Vertex 394 distance 28
0 384 612 489 596 339 394 
Vertex 395 distance 29
0 20 266 395 
Vertex 396 distance 25
0 384 612 489 261 396 
Vertex 397 distance 31
0 384 612 464 168 315 397 
Vertex 398 distance 40
0 384 612 344 607 453 492 314 398 
Vertex 399 distance 22
0 384 612 489 596 399 
Vertex 400 distance 36
0 20 189 162 37 16 75 400 
Vertex 401 distance 31
0 384 612 546 172 601 401 
Vertex 402 distance 36
0 20 189 162 298 402 
Vertex 403 distance 41
0 384 612 464 230 36 403 
Vertex 404 distance 27
0 384 612 464 456 404 
Vertex 405 distance 37
0 384 612 344 112 405 
Vertex 406 distance 36
0 384 612 489 596 339 394 406 
Vertex 407 distance 41
0 384 612 489 494 208 522 407 
Vertex 408 distance 34
0 250 445 408 
Vertex 409 distance 28
0 384 612 536 409 
Vertex 410 distance 32
0 20 189 153 410 
Vertex 411 distance 42
0 20 266 395 76 411 
Vertex 412 distance 43
0 20 189 162 37 240 14 412 
Vertex 413 distance 33
0 384 612 464 230 413 
Vertex 414 distance 31
0 384 612 324 414 
Vertex 415 distance 37
0 20 189 278 430 415 
Vertex 416 distance 31
0 184 243 416 
Vertex 417 distance 38
0 302 224 417 
Vertex 418 distance 36
0 384 612 546 172 451 537 380 418 
Vertex 419 distance 41
0 384 612 344 112 405 419 
Vertex 420 distance 32
0 250 7 420 
Vertex 421 distance 53
0 473 421 
Vertex 422 distance 39
0 20 189 162 37 16 422 
Vertex 423 distance 37
0 302 330 423 
Vertex 424 distance 26
0 384 612 464 217 424 
Vertex 425 distance 43
0 384 612 546 603 573 363 345 425 
Vertex 426 distance 27
0 20 189 548 426 
Vertex 427 distance 34
0 384 612 463 333 427 
Vertex 428 distance 25
0 384 612 546 95 428 
Vertex 429 distance 37
0 20 189 278 430 50 429 
Vertex 430 distance 19
0 20 189 278 430 
Vertex 431 distance 34
0 384 612 546 172 255 431 
Vertex 432 distance 43
0 20 189 278 527 46 526 107 132 432 
Vertex 433 distance 35
0 184 243 433 
Vertex 434 distance 32
0 384 612 489 596 339 434 
Vertex 435 distance 31
0 384 612 464 230 36 435 
Vertex 436 distance 49
0 20 512 436 
Vertex 437 distance 46
0 384 612 546 603 573 437 
Vertex 438 distance 25
0 384 612 489 596 594 438 
Vertex 439 distance 43
0 20 189 62 439 
Vertex 440 distance 33
0 384 612 344 440 
Vertex 441 distance 39
0 277 441 
Vertex 442 distance 21
0 384 442 
Vertex 443 distance 32
0 20 24 443 
Vertex 444 distance 34
0 384 289 444 
Vertex 445 distance 23
0 250 445 
Vertex 446 distance 30
0 384 612 489 596 339 394 25 446 
Vertex 447 distance 37
0 384 612 546 113 263 447 
Vertex 448 distance 37
0 20 189 278 181 165 613 448 
Vertex 449 distance 52
0 20 189 162 85 225 48 449 
Vertex 450 distance 26
0 20 189 162 298 450 
Vertex 451 distance 22
0 384 612 546 172 451 
Vertex 452 distance 32
0 384 612 464 217 452 
Vertex 453 distance 28
0 384 612 344 607 453 
Vertex 454 distance 42
0 20 189 162 558 597 136 602 454 
Vertex 455 distance 40
0 384 612 464 456 256 455 
Vertex 456 distance 24
0 384 612 464 456 
Vertex 457 distance 32
0 384 612 464 456 404 457 
Vertex 458 distance 37
0 384 442 122 458 
Vertex 459 distance 43
0 20 540 547 211 96 459 
Vertex 460 distance 30
0 384 612 546 172 451 537 380 460 
Vertex 461 distance 34
0 384 612 464 168 23 222 461 
Vertex 462 distance 37
0 384 612 464 168 23 542 462 
Vertex 463 distance 29
0 384 612 463 
Vertex 464 distance 18
0 384 612 464 
Vertex 465 distance 31
0 384 612 464 217 465 
Vertex 466 distance 34
0 384 612 546 172 451 570 347 466 
Vertex 467 distance 42
0 384 612 546 172 451 350 467 
Vertex 468 distance 36
0 384 612 489 596 399 468 
Vertex 469 distance 27
0 250 634 469 
Vertex 470 distance 42
0 384 612 464 582 294 253 359 470 
Vertex 471 distance 35
0 384 612 489 261 38 471 
Vertex 472 distance 37
0 20 189 639 472 
Vertex 473 distance 33
0 473 
Vertex 474 distance 34
0 384 612 489 596 594 108 82 474 
Vertex 475 distance 33
0 384 612 344 607 453 492 625 475 
Vertex 476 distance 45
0 302 283 353 176 476 
Vertex 477 distance 47
0 384 612 489 494 477 
Vertex 478 distance 44
0 20 6 478 
Vertex 479 distance 39
0 184 243 433 479 
Vertex 480 distance 23
0 384 612 464 239 480 
Vertex 481 distance 29
0 20 189 162 558 481 
Vertex 482 distance 41
0 384 612 489 494 208 518 482 
Vertex 483 distance 40
0 184 483 
Vertex 484 distance 32
0 384 612 546 172 601 584 484 
Vertex 485 distance 47
0 302 304 485 
Vertex 486 distance 37
0 384 612 464 168 315 566 127 486 
Vertex 487 distance 32
0 20 189 278 527 487 
Vertex 488 distance 43
0 384 612 344 607 453 492 625 513 488 
Vertex 489 distance 13
0 384 612 489 
Vertex 490 distance 38
0 250 121 337 71 156 490 
Vertex 491 distance 37
0 250 121 337 633 628 491 
Vertex 492 distance 30
0 384 612 344 607 453 492 
Vertex 493 distance 38
0 250 634 469 29 493 
Vertex 494 distance 20
0 384 612 489 494 
Vertex 495 distance 28
0 384 612 464 582 294 495 
Vertex 496 distance 37
0 20 189 565 245 65 496 
Vertex 497 distance 37
0 20 189 278 527 169 497 
Vertex 498 distance 43
0 384 612 344 112 498 
Vertex 499 distance 37
0 20 266 395 499 
Vertex 500 distance 38
0 20 24 528 102 500 
Vertex 501 distance 39
0 20 189 278 527 28 501 
Vertex 502 distance 30
0 384 612 489 596 594 538 505 502 
Vertex 503 distance 32
0 20 189 162 85 225 503 
Vertex 504 distance 41
0 384 612 464 230 205 504 
Vertex 505 distance 29
0 384 612 489 596 594 538 505 
Vertex 506 distance 41
0 302 330 578 506 
Vertex 507 distance 35
0 384 612 489 494 208 522 507 
Vertex 508 distance 32
0 384 612 489 596 594 538 505 502 508 
Vertex 509 distance 33
0 20 509 
Vertex 510 distance 39
0 384 530 202 510 
Vertex 511 distance 45
0 20 266 395 511 
Vertex 512 distance 23
0 20 512 
Vertex 513 distance 37
0 384 612 344 607 453 492 625 513 
Vertex 514 distance 29
0 250 310 116 514 
Vertex 515 distance 44
0 384 515 
Vertex 516 distance 32
0 250 634 469 29 516 
Vertex 517 distance 26
0 384 612 464 168 23 517 
Vertex 518 distance 30
0 384 612 489 494 208 518 
Vertex 519 distance 36
0 384 612 536 409 391 519 
Vertex 520 distance 33
0 384 612 489 596 339 520 
Vertex 521 distance 35
0 384 612 546 521 
Vertex 522 distance 30
0 384 612 489 494 208 522 
Vertex 523 distance 31
0 20 189 162 37 16 523 
Vertex 524 distance 40
0 250 121 325 524 
Vertex 525 distance 36
0 384 612 464 582 294 253 105 525 
Vertex 526 distance 28
0 20 189 278 527 46 526 
Vertex 527 distance 19
0 20 189 278 527 
Vertex 528 distance 23
0 20 24 528 
Vertex 529 distance 49
0 384 612 464 582 294 253 105 529 
Vertex 530 distance 27
0 384 530 
Vertex 531 distance 28
0 384 612 464 531 
Vertex 532 distance 43
0 20 189 548 619 146 532 
Vertex 533 distance 35
0 384 612 546 172 451 537 380 533 
Vertex 534 distance 45
0 384 612 464 582 294 253 105 534 
Vertex 535 distance 32
0 250 7 535 
Vertex 536 distance 23
0 384 612 536 
Vertex 537 distance 23
0 384 612 546 172 451 537 
Vertex 538 distance 28
0 384 612 489 596 594 538 
Vertex 539 distance 34
0 384 612 546 172 451 570 539 
Vertex 540 distance 19
0 20 540 
Vertex 541 distance 29
0 20 189 252 541 
Vertex 542 distance 30
0 384 612 464 168 23 542 
Vertex 543 distance 33
0 250 543 
Vertex 544 distance 28
0 384 612 464 544 
Vertex 545 distance 42
0 20 189 162 558 597 136 227 545 
Vertex 546 distance 13
0 384 612 546 
Vertex 547 distance 27
0 20 540 547 
Vertex 548 distance 25
0 20 189 548 
Vertex 549 distance 41
0 384 612 464 168 23 517 86 73 549 
Vertex 550 distance 38
0 384 612 489 494 208 522 550 
Vertex 551 distance 32
0 20 189 278 527 551 
Vertex 552 distance 35
0 250 310 9 552 
Vertex 553 distance 39
0 20 189 278 527 46 526 107 132 553 
Vertex 554 distance 35
0 384 612 464 217 452 554 
Vertex 555 distance 42
0 384 612 463 333 352 555 
Vertex 556 distance 32
0 384 612 464 239 480 556 
Vertex 557 distance 40
0 473 557 
Vertex 558 distance 25
0 20 189 162 558 
Vertex 559 distance 26
0 184 559 
Vertex 560 distance 33
0 384 612 546 172 451 537 380 560 
Vertex 561 distance 31
0 384 612 489 596 594 538 505 502 561 
Vertex 562 distance 23
0 250 634 26 562 
Vertex 563 distance 33
0 384 612 464 217 70 563 
Vertex 564 distance 37
0 384 612 546 113 564 
Vertex 565 distance 23
0 20 189 565 
Vertex 566 distance 32
0 384 612 464 168 315 566 
Vertex 567 distance 36
0 20 189 565 567 
Vertex 568 distance 54
0 384 442 375 581 332 568 
Vertex 569 distance 42
0 384 612 464 582 294 495 569 
Vertex 570 distance 26
0 384 612 546 172 451 570 
Vertex 571 distance 35
0 250 634 26 562 571 
Vertex 572 distance 29
0 20 24 528 572 
Vertex 573 distance 25
0 384 612 546 603 573 
Vertex 574 distance 33
0 20 540 547 574 
Vertex 575 distance 43
0 384 612 489 261 98 120 321 575 
Vertex 576 distance 27
0 250 634 26 576 
Vertex 577 distance 28
0 302 224 577 
Vertex 578 distance 31
0 302 330 578 
Vertex 579 distance 31
0 384 612 489 494 208 518 579 
Vertex 580 distance 29
0 384 612 464 582 294 580 
Vertex 581 distance 26
0 384 442 375 581 
Vertex 582 distance 21
0 384 612 464 582 
Vertex 583 distance 41
0 20 540 583 
Vertex 584 distance 31
0 384 612 546 172 601 584 
Vertex 585 distance 35
0 20 189 162 558 115 585 
Vertex 586 distance 37
0 384 612 489 596 594 538 586 
Vertex 587 distance 46
0 384 612 489 494 126 368 587 
Vertex 588 distance 51
0 384 612 464 230 413 183 588 
Vertex 589 distance 39
0 20 189 548 619 589 
Vertex 590 distance 34
0 384 612 489 596 339 394 88 590 
Vertex 591 distance 44
0 20 189 548 619 591 
Vertex 592 distance 34
0 20 266 592 
Vertex 593 distance 34
0 384 612 464 582 294 253 105 282 593 
Vertex 594 distance 20
0 384 612 489 596 594 
Vertex 595 distance 45
0 20 6 158 595 
Vertex 596 distance 17
0 384 612 489 596 
Vertex 597 distance 28
0 20 189 162 558 597 
Vertex 598 distance 37
0 20 189 162 598 
Vertex 599 distance 39
0 384 612 489 596 399 599 
Vertex 600 distance 31
0 600 
Vertex 601 distance 24
0 384 612 546 172 601 
Vertex 602 distance 32
0 20 189 162 558 597 136 602 
Vertex 603 distance 21
0 384 612 546 603 
Vertex 604 distance 46
0 20 189 278 527 28 311 604 
Vertex 605 distance 25
0 384 612 536 605 
Vertex 606 distance 40
0 250 7 606 
Vertex 607 distance 27
0 384 612 344 607 
Vertex 608 distance 39
0 384 612 489 261 608 
Vertex 609 distance 39
0 20 189 162 638 609 
Vertex 610 distance 22
0 384 612 489 596 339 610 
Vertex 611 distance 44
0 20 540 547 211 96 611 
Vertex 612 distance 9
0 384 612 
Vertex 613 distance 31
0 20 189 278 181 165 613 
Vertex 614 distance 37
0 384 612 489 494 208 614 
Vertex 615 distance 34
0 384 442 375 204 199 615 
Vertex 616 distance 41
0 20 189 162 85 225 300 616 
Vertex 617 distance 28
0 384 612 489 596 399 617 
Vertex 618 distance 30
0 20 189 162 298 618 
Vertex 619 distance 27
0 20 189 548 619 
Vertex 620 distance 39
0 384 612 489 596 339 610 620 
Vertex 621 distance 43
0 384 612 489 494 208 518 386 621 
Vertex 622 distance 39
0 384 612 489 596 339 394 94 11 622 
Vertex 623 distance 42
0 384 612 546 603 623 
Vertex 624 distance 31
0 384 612 344 112 624 
Vertex 625 distance 32
0 384 612 344 607 453 492 625 
Vertex 626 distance 36
0 184 152 30 626 
Vertex 627 distance 34
0 384 612 464 217 70 627 
Vertex 628 distance 32
0 250 121 337 633 628 
Vertex 629 distance 32
0 384 612 464 168 23 517 629 
Vertex 630 distance 36
0 20 189 162 558 597 630 
Vertex 631 distance 43
0 384 442 31 631 
Vertex 632 distance 35
0 384 612 464 217 632 
Vertex 633 distance 25
0 250 121 337 633 
Vertex 634 distance 19
0 250 634 
Vertex 635 distance 36
0 250 634 74 635 
Vertex 636 distance 44
0 384 612 464 582 294 253 320 636 
Vertex 637 distance 33
0 384 612 464 168 23 637 
Vertex 638 distance 19
0 20 189 162 638 
Vertex 639 distance 23
0 20 189 639 
