Vertex 0 distance 0
0 0 
Vertex 1 distance 33
0 19 495 1 
Vertex 2 distance 29
0 615 277 519 2 
Vertex 3 distance 26
0 615 277 175 539 384 40 349 8 122 3 
Vertex 4 distance 19
0 615 277 175 216 4 
Vertex 5 distance 35
0 615 187 369 316 228 77 5 
Vertex 6 distance 26
0 19 68 6 
Vertex 7 distance 34
0 7 
Vertex 8 distance 23
0 615 277 175 539 384 40 349 8 
Vertex 9 distance 24
0 171 76 87 9 
Vertex 10 distance 33
0 171 396 363 10 
Vertex 11 distance 49
0 19 495 465 380 11 
Vertex 12 distance 42
0 19 495 465 380 412 12 
Vertex 13 distance 31
0 615 187 64 217 482 53 13 
Vertex 14 distance 27
0 615 187 64 397 33 138 574 14 
Vertex 15 distance 31
0 171 76 596 410 15 
Vertex 16 distance 43
0 19 495 465 380 256 528 97 16 
Vertex 17 distance 40
0 615 277 175 216 174 128 323 17 
Vertex 18 distance 40
0 171 76 87 9 523 18 
Vertex 19 distance 1
0 19 
Vertex 20 distance 28
0 615 277 20 
Vertex 21 distance 33
0 19 495 344 203 21 
Vertex 22 distance 27
0 615 109 545 22 
Vertex 23 distance 34
0 620 23 
Vertex 24 distance 29
0 615 187 64 217 482 53 221 610 24 
Vertex 25 distance 29
0 171 497 405 600 25 
Vertex 26 distance 32
0 171 497 123 237 26 
Vertex 27 distance 28
0 171 497 123 140 170 27 
Vertex 28 distance 45
0 615 187 64 217 103 183 28 
Vertex 29 distance 25
0 171 396 258 42 449 29 
Vertex 30 distance 31
0 615 187 64 217 34 30 
Vertex 31 distance 25
0 615 277 175 216 421 479 334 31 
Vertex 32 distance 22
0 615 277 175 539 584 280 32 
Vertex 33 distance 17
0 615 187 64 397 33 
Vertex 34 distance 24
0 615 187 64 217 34 
Vertex 35 distance 31
0 615 69 304 194 35 
Vertex 36 distance 36
0 615 277 175 216 174 453 36 
Vertex 37 distance 24
0 37 
Vertex 38 distance 34
0 615 69 304 194 348 38 
Vertex 39 distance 34
0 19 495 264 244 39 
Vertex 40 distance 16
0 615 277 175 539 384 40 
Vertex 41 distance 33
0 615 277 175 539 584 280 41 
Vertex 42 distance 21
0 171 396 258 42 
Vertex 43 distance 28
0 615 277 509 557 43 
Vertex 44 distance 32
0 615 277 519 2 44 
Vertex 45 distance 31
0 615 277 175 539 384 111 45 
Vertex 46 distance 19
0 615 277 175 216 46 
Vertex 47 distance 26
0 19 441 213 59 47 
Vertex 48 distance 17
0 615 187 64 397 48 
Vertex 49 distance 33
0 19 495 613 387 49 
Vertex 50 distance 23
0 615 277 509 50 
Vertex 51 distance 48
0 164 542 215 595 51 
Vertex 52 distance 34
0 615 187 64 397 33 138 574 513 166 52 
Vertex 53 distance 21
0 615 187 64 217 482 53 
Vertex 54 distance 24
0 615 187 369 520 54 
Vertex 55 distance 29
0 615 187 64 83 467 627 55 
Vertex 56 distance 37
0 171 396 455 498 56 
Vertex 57 distance 46
0 171 484 616 57 
Vertex 58 distance 33
0 19 441 213 335 552 58 
Vertex 59 distance 21
0 19 441 213 59 
Vertex 60 distance 45
0 171 497 123 140 577 60 
Vertex 61 distance 30
0 588 61 
Vertex 62 distance 36
0 615 277 175 216 4 490 500 62 
Vertex 63 distance 25
0 615 277 175 546 63 
Vertex 64 distance 11
0 615 187 64 
Vertex 65 distance 26
0 19 441 159 431 65 
Vertex 66 distance 28
0 615 277 509 50 303 66 
Vertex 67 distance 24
0 171 76 599 392 67 
Vertex 68 distance 23
0 19 68 
Vertex 69 distance 22
0 615 69 
Vertex 70 distance 24
0 615 277 175 216 421 70 
Vertex 71 distance 46
0 615 277 175 216 278 71 
Vertex 72 distance 21
0 615 187 369 316 72 
Vertex 73 distance 32
0 19 495 465 380 256 569 73 
Vertex 74 distance 28
0 615 187 369 520 74 
Vertex 75 distance 26
0 171 76 599 392 67 75 
Vertex 76 distance 12
0 171 76 
Vertex 77 distance 33
0 615 187 369 316 228 77 
Vertex 78 distance 23
0 615 277 175 216 278 78 
Vertex 79 distance 32
0 615 187 64 397 33 564 79 
Vertex 80 distance 27
0 615 80 
Vertex 81 distance 29
0 615 277 175 216 421 479 81 
Vertex 82 distance 22
0 19 544 82 
Vertex 83 distance 14
0 615 187 64 83 
Vertex 84 distance 29
0 615 187 64 83 467 379 84 
Vertex 85 distance 40
0 615 277 175 539 384 111 355 85 
Vertex 86 distance 29
0 615 187 64 217 86 
Vertex 87 distance 16
0 171 76 87 
Vertex 88 distance 34
0 615 187 64 397 48 629 88 
Vertex 89 distance 39
0 615 277 175 539 584 280 32 422 89 
Vertex 90 distance 27
0 615 187 64 477 157 90 
Vertex 91 distance 29
0 615 277 175 216 421 70 91 
Vertex 92 distance 30
0 615 187 64 397 33 138 574 231 92 
Vertex 93 distance 27
0 19 495 344 93 
Vertex 94 distance 35
0 171 497 123 140 94 
Vertex 95 distance 36
0 171 76 87 9 523 575 95 
Vertex 96 distance 20
0 615 187 64 217 482 96 
Vertex 97 distance 40
0 19 495 465 380 256 528 97 
Vertex 98 distance 31
0 171 396 258 286 98 
Vertex 99 distance 42
0 171 497 123 140 170 27 637 99 
Vertex 100 distance 31
0 615 187 64 217 100 
Vertex 101 distance 22
0 615 187 64 217 233 101 
Vertex 102 distance 22
0 615 187 64 217 102 
Vertex 103 distance 21
0 615 187 64 217 103 
Vertex 104 distance 36
0 171 76 434 612 454 104 
Vertex 105 distance 31
0 615 187 64 477 240 105 
Vertex 106 distance 32
0 615 277 509 557 106 
Vertex 107 distance 36
0 615 187 64 217 103 590 339 107 
Vertex 108 distance 31
0 615 187 64 83 108 
Vertex 109 distance 21
0 615 109 
Vertex 110 distance 36
0 615 277 297 505 110 
Vertex 111 distance 18
0 615 277 175 539 384 111 
Vertex 112 distance 30
0 615 109 545 395 112 
Vertex 113 distance 36
0 19 495 465 380 409 322 113 
Vertex 114 distance 24
0 615 277 175 114 
Vertex 115 distance 25
0 171 223 115 
Vertex 116 distance 26
0 615 277 509 50 116 
Vertex 117 distance 32
0 615 187 64 477 157 129 117 
Vertex 118 distance 28
0 19 441 213 59 47 118 
Vertex 119 distance 28
0 171 497 405 119 
Vertex 120 distance 25
0 615 187 369 316 120 
Vertex 121 distance 45
0 171 76 279 121 
Vertex 122 distance 24
0 615 277 175 539 384 40 349 8 122 
Vertex 123 distance 20
0 171 497 123 
Vertex 124 distance 36
0 19 495 344 376 558 124 
Vertex 125 distance 28
0 615 277 519 125 
Vertex 126 distance 31
0 615 187 64 397 48 167 489 525 126 
Vertex 127 distance 23
0 171 139 127 
Vertex 128 distance 21
0 615 277 175 216 174 128 
Vertex 129 distance 21
0 615 187 64 477 157 129 
Vertex 130 distance 38
0 615 187 369 520 54 506 130 
Vertex 131 distance 28
0 164 542 215 595 131 
Vertex 132 distance 36
0 615 277 175 216 174 453 195 332 132 
Vertex 133 distance 40
0 171 223 115 556 133 
Vertex 134 distance 30
0 615 277 175 216 421 479 334 31 134 
Vertex 135 distance 36
0 615 187 369 316 135 
Vertex 136 distance 39
0 615 187 64 217 482 315 136 
Vertex 137 distance 27
0 171 396 258 42 449 29 137 
Vertex 138 distance 20
0 615 187 64 397 33 138 
Vertex 139 distance 16
0 171 139 
Vertex 140 distance 21
0 171 497 123 140 
Vertex 141 distance 31
0 171 396 455 498 141 
Vertex 142 distance 33
0 19 495 465 142 
Vertex 143 distance 36
0 615 277 175 216 278 275 592 143 
Vertex 144 distance 32
0 171 497 123 140 577 144 
Vertex 145 distance 34
0 19 441 159 311 145 
Vertex 146 distance 34
0 171 396 455 149 146 
Vertex 147 distance 25
0 19 495 147 
Vertex 148 distance 24
0 164 148 
Vertex 149 distance 25
0 171 396 455 149 
Vertex 150 distance 29
0 615 69 304 194 150 
Vertex 151 distance 32
0 615 187 64 83 467 151 
Vertex 152 distance 32
0 615 277 175 546 63 579 152 
Vertex 153 distance 38
0 615 187 64 217 233 101 555 153 
Vertex 154 distance 21
0 615 187 64 217 482 154 
Vertex 155 distance 37
0 171 497 123 140 577 144 155 
Vertex 156 distance 30
0 19 441 460 201 156 
Vertex 157 distance 18
0 615 187 64 477 157 
Vertex 158 distance 37
0 615 187 64 217 482 315 499 389 158 
Vertex 159 distance 15
0 19 441 159 
Vertex 160 distance 48
0 171 497 123 140 577 325 526 160 
Vertex 161 distance 34
0 171 396 300 161 
Vertex 162 distance 37
0 171 223 115 162 
Vertex 163 distance 36
0 164 542 215 595 400 163 
Vertex 164 distance 21
0 164 
Vertex 165 distance 40
0 615 277 509 50 116 517 165 
Vertex 166 distance 31
0 615 187 64 397 33 138 574 513 166 
Vertex 167 distance 24
0 615 187 64 397 48 167 
Vertex 168 distance 31
0 19 441 460 327 168 
Vertex 169 distance 33
0 615 277 175 169 
Vertex 170 distance 22
0 171 497 123 140 170 
Vertex 171 distance 11
0 171 
Vertex 172 distance 41
0 615 187 64 83 108 172 
Vertex 173 distance 31
0 615 187 64 217 103 173 
Vertex 174 distance 19
0 615 277 175 216 174 
Vertex 175 distance 12
0 615 277 175 
Vertex 176 distance 37
0 164 542 401 611 176 
Vertex 177 distance 30
0 19 563 184 177 
Vertex 178 distance 30
0 615 277 175 539 384 111 178 
Vertex 179 distance 27
0 171 396 363 179 
Vertex 180 distance 37
0 19 441 213 335 552 180 
Vertex 181 distance 32
0 171 497 123 140 577 181 
Vertex 182 distance 37
0 615 187 182 
Vertex 183 distance 30
0 615 187 64 217 103 183 
Vertex 184 distance 28
0 19 563 184 
Vertex 185 distance 34
0 615 69 304 194 35 185 
Vertex 186 distance 24
0 615 187 64 186 
Vertex 187 distance 8
0 615 187 
Vertex 188 distance 34
0 19 495 147 188 
Vertex 189 distance 22
0 171 76 189 
Vertex 190 distance 37
0 615 187 64 217 233 101 190 
Vertex 191 distance 38
0 615 187 318 261 191 
Vertex 192 distance 38
0 171 497 123 237 192 
Vertex 193 distance 38
0 615 187 64 477 240 193 
Vertex 194 distance 26
0 615 69 304 194 
Vertex 195 distance 25
0 615 277 175 216 174 453 195 
Vertex 196 distance 38
0 615 187 64 397 33 138 574 513 166 52 196 
Vertex 197 distance 32
0 19 495 465 380 197 
Vertex 198 distance 38
0 19 495 264 199 198 
Vertex 199 distance 35
0 19 495 264 199 
Vertex 200 distance 37
0 615 277 175 539 200 
Vertex 201 distance 27
0 19 441 460 201 
Vertex 202 distance 22
0 615 187 369 316 202 
Vertex 203 distance 28
0 19 495 344 203 
Vertex 204 distance 29
0 19 495 264 204 
Vertex 205 distance 25
0 615 187 369 316 205 
Vertex 206 distance 28
0 615 187 64 397 48 167 206 
Vertex 207 distance 34
0 164 542 401 207 
Vertex 208 distance 27
0 615 277 175 216 174 453 507 243 208 
Vertex 209 distance 24
0 171 209 
Vertex 210 distance 27
0 615 277 175 290 210 
Vertex 211 distance 43
0 615 277 211 
Vertex 212 distance 30
0 615 187 369 316 72 212 
Vertex 213 distance 17
0 19 441 213 
Vertex 214 distance 31
0 171 396 258 214 
Vertex 215 distance 26
0 164 542 215 
Vertex 216 distance 15
0 615 277 175 216 
Vertex 217 distance 13
0 615 187 64 217 
Vertex 218 distance 39
0 615 277 175 216 174 453 218 
Vertex 219 distance 25
0 615 187 64 397 33 138 219 
Vertex 220 distance 30
0 615 69 304 194 220 
Vertex 221 distance 22
0 615 187 64 217 482 53 221 
Vertex 222 distance 33
0 171 396 258 42 449 29 222 
Vertex 223 distance 15
0 171 223 
Vertex 224 distance 37
0 19 563 472 224 
Vertex 225 distance 24
0 615 277 175 539 584 225 
Vertex 226 distance 28
0 19 495 465 380 412 226 
Vertex 227 distance 32
0 615 277 175 216 421 317 227 
Vertex 228 distance 21
0 615 187 369 316 228 
Vertex 229 distance 29
0 164 542 215 595 229 
Vertex 230 distance 38
0 615 187 64 83 284 230 
Vertex 231 distance 27
0 615 187 64 397 33 138 574 231 
Vertex 232 distance 38
0 615 277 175 216 174 128 259 232 
Vertex 233 distance 20
0 615 187 64 217 233 
Vertex 234 distance 36
0 171 396 258 42 234 
Vertex 235 distance 44
0 615 187 64 217 482 154 235 
Vertex 236 distance 28
0 19 441 159 431 65 236 
Vertex 237 distance 26
0 171 497 123 237 
Vertex 238 distance 30
0 615 187 369 520 54 238 
Vertex 239 distance 29
0 615 187 64 217 239 
Vertex 240 distance 23
0 615 187 64 477 240 
Vertex 241 distance 40
0 171 396 363 288 565 241 
Vertex 242 distance 38
0 615 187 64 397 48 167 489 525 126 242 
Vertex 243 distance 24
0 615 277 175 216 174 453 507 243 
Vertex 244 distance 25
0 19 495 264 244 
Vertex 245 distance 36
0 615 277 175 539 384 111 178 245 
Vertex 246 distance 40
0 615 277 519 252 246 
Vertex 247 distance 52
0 171 76 189 254 251 247 
Vertex 248 distance 44
0 171 396 535 635 248 
Vertex 249 distance 28
0 19 68 6 391 249 
Vertex 250 distance 28
0 19 495 264 244 250 
Vertex 251 distance 26
0 171 76 189 254 251 
Vertex 252 distance 29
0 615 277 519 252 
Vertex 253 distance 40
0 19 495 344 376 558 124 253 
Vertex 254 distance 24
0 171 76 189 254 
Vertex 255 distance 21
0 19 495 465 380 255 
Vertex 256 distance 24
0 19 495 465 380 256 
Vertex 257 distance 24
0 615 277 175 216 46 257 
Vertex 258 distance 18
0 171 396 258 
Vertex 259 distance 31
0 615 277 175 216 174 128 259 
Vertex 260 distance 28
0 19 441 213 59 47 260 
Vertex 261 distance 26
0 615 187 318 261 
Vertex 262 distance 40
0 615 277 509 50 303 66 351 262 
Vertex 263 distance 40
0 615 277 175 539 384 111 178 245 263 
Vertex 264 distance 22
0 19 495 264 
Vertex 265 distance 55
0 615 187 64 217 482 53 221 265 
Vertex 266 distance 32
0 19 441 460 354 266 
Vertex 267 distance 24
0 615 277 175 539 384 40 394 267 
Vertex 268 distance 22
0 615 277 175 216 46 268 
Vertex 269 distance 33
0 19 441 159 269 
Vertex 270 distance 33
0 171 76 87 606 469 270 
Vertex 271 distance 31
0 171 76 279 271 
Vertex 272 distance 32
0 615 277 175 539 384 40 394 443 272 
Vertex 273 distance 37
0 615 69 304 194 348 38 273 
Vertex 274 distance 28
0 19 495 344 466 274 
Vertex 275 distance 21
0 615 277 175 216 278 275 
Vertex 276 distance 32
0 19 563 472 276 
Vertex 277 distance 10
0 615 277 
Vertex 278 distance 17
0 615 277 175 216 278 
Vertex 279 distance 28
0 171 76 279 
Vertex 280 distance 20
0 615 277 175 539 584 280 
Vertex 281 distance 18
0 615 277 509 281 
Vertex 282 distance 35
0 615 187 64 424 540 367 282 
Vertex 283 distance 25
0 164 148 283 
Vertex 284 distance 25
0 615 187 64 83 284 
Vertex 285 distance 36
0 19 495 465 380 409 322 285 
Vertex 286 distance 30
0 171 396 258 286 
Vertex 287 distance 32
0 615 277 175 216 174 453 195 408 287 
Vertex 288 distance 30
0 171 396 363 288 
Vertex 289 distance 33
0 171 396 258 214 289 
Vertex 290 distance 23
0 615 277 175 290 
Vertex 291 distance 47
0 19 495 264 199 550 291 
Vertex 292 distance 30
0 615 277 175 216 278 275 592 292 
Vertex 293 distance 30
0 171 396 455 293 
Vertex 294 distance 24
0 171 294 
Vertex 295 distance 29
0 171 396 363 302 295 
Vertex 296 distance 26
0 615 277 175 539 384 40 394 267 296 
Vertex 297 distance 28
0 615 277 297 
Vertex 298 distance 32
0 615 187 64 217 482 96 425 298 
Vertex 299 distance 37
0 19 495 465 142 299 
Vertex 300 distance 24
0 171 396 300 
Vertex 301 distance 26
0 164 542 301 
Vertex 302 distance 25
0 171 396 363 302 
Vertex 303 distance 25
0 615 277 509 50 303 
Vertex 304 distance 24
0 615 69 304 
Vertex 305 distance 40
0 615 277 175 539 384 40 349 8 122 305 
Vertex 306 distance 29
0 615 277 175 546 63 579 473 306 
Vertex 307 distance 21
0 19 563 307 
Vertex 308 distance 25
0 615 308 
Vertex 309 distance 26
0 615 187 64 217 567 309 
Vertex 310 distance 25
0 171 484 616 310 
Vertex 311 distance 22
0 19 441 159 311 
Vertex 312 distance 34
0 615 187 64 217 86 312 
Vertex 313 distance 27
0 615 277 175 313 
Vertex 314 distance 23
0 615 187 64 83 467 314 
Vertex 315 distance 17
0 615 187 64 217 482 315 
Vertex 316 distance 20
0 615 187 369 316 
Vertex 317 distance 30
0 615 277 175 216 421 317 
Vertex 318 distance 25
0 615 187 318 
Vertex 319 distance 31
0 615 277 175 216 421 70 91 319 
Vertex 320 distance 31
0 615 187 369 316 228 320 
Vertex 321 distance 38
0 164 148 283 321 
Vertex 322 distance 27
0 19 495 465 380 409 322 
Vertex 323 distance 29
0 615 277 175 216 174 128 323 
Vertex 324 distance 42
0 164 542 401 611 176 324 
Vertex 325 distance 29
0 171 497 123 140 577 325 
Vertex 326 distance 41
0 615 277 175 216 421 479 81 326 
Vertex 327 distance 22
0 19 441 460 327 
Vertex 328 distance 28
0 19 441 159 431 65 328 
Vertex 329 distance 28
0 19 544 82 329 
Vertex 330 distance 28
0 615 69 330 
Vertex 331 distance 35
0 615 187 64 477 157 129 331 
Vertex 332 distance 26
0 615 277 175 216 174 453 195 332 
Vertex 333 distance 30
0 19 441 460 333 
Vertex 334 distance 24
0 615 277 175 216 421 479 334 
Vertex 335 distance 24
0 19 441 213 335 
Vertex 336 distance 30
0 615 187 64 217 482 315 336 
Vertex 337 distance 38
0 171 223 115 162 337 
Vertex 338 distance 24
0 19 441 460 338 
Vertex 339 distance 28
0 615 187 64 217 103 590 339 
Vertex 340 distance 38
0 171 76 87 427 340 
Vertex 341 distance 33
0 615 187 64 217 567 341 
Vertex 342 distance 41
0 615 277 175 539 584 280 32 422 89 342 
Vertex 343 distance 36
0 615 187 369 520 54 238 343 
Vertex 344 distance 18
0 19 495 344 
Vertex 345 distance 36
0 171 396 455 293 345 
Vertex 346 distance 34
0 615 277 509 281 543 346 
Vertex 347 distance 27
0 615 69 347 
Vertex 348 distance 28
0 615 69 304 194 348 
Vertex 349 distance 17
0 615 277 175 539 384 40 349 
Vertex 350 distance 23
0 171 396 258 42 609 350 
Vertex 351 distance 38
0 615 277 509 50 303 66 351 
Vertex 352 distance 27
0 19 495 147 352 
Vertex 353 distance 38
0 615 187 353 
Vertex 354 distance 29
0 19 441 460 354 
Vertex 355 distance 25
0 615 277 175 539 384 111 355 
Vertex 356 distance 37
0 19 441 213 59 572 356 
Vertex 357 distance 40
0 19 495 465 380 256 569 357 
Vertex 358 distance 34
0 615 549 358 
Vertex 359 distance 29
0 171 484 624 359 
Vertex 360 distance 37
0 171 497 123 140 170 360 
Vertex 361 distance 32
0 19 544 82 329 361 
Vertex 362 distance 28
0 615 187 369 316 202 362 
Vertex 363 distance 21
0 171 396 363 
Vertex 364 distance 31
0 19 495 465 511 364 
Vertex 365 distance 29
0 171 497 405 119 365 
Vertex 366 distance 39
0 615 69 304 194 150 366 
Vertex 367 distance 25
0 615 187 64 424 540 367 
Vertex 368 distance 30
0 171 497 405 600 25 368 
Vertex 369 distance 13
0 615 187 369 
Vertex 370 distance 27
0 171 497 123 140 170 370 
Vertex 371 distance 32
0 615 277 175 546 63 579 371 
Vertex 372 distance 31
0 615 187 64 217 482 315 372 
Vertex 373 distance 33
0 19 563 373 
Vertex 374 distance 45
0 615 277 509 50 303 66 374 
Vertex 375 distance 25
0 171 76 375 
Vertex 376 distance 26
0 19 495 344 376 
Vertex 377 distance 19
0 615 277 175 539 384 377 
Vertex 378 distance 27
0 615 187 64 397 33 378 
Vertex 379 distance 25
0 615 187 64 83 467 379 
Vertex 380 distance 15
0 19 495 465 380 
Vertex 381 distance 29
0 19 441 381 
Vertex 382 distance 25
0 19 441 382 
Vertex 383 distance 20
0 615 277 175 216 4 383 
Vertex 384 distance 15
0 615 277 175 539 384 
Vertex 385 distance 34
0 615 187 64 477 157 129 117 385 
Vertex 386 distance 25
0 615 277 175 216 174 453 507 243 386 
Vertex 387 distance 24
0 19 495 613 387 
Vertex 388 distance 33
0 615 277 175 216 174 453 195 408 388 
Vertex 389 distance 29
0 615 187 64 217 482 315 499 389 
Vertex 390 distance 44
0 615 277 519 252 390 
Vertex 391 distance 27
0 19 68 6 391 
Vertex 392 distance 20
0 171 76 599 392 
Vertex 393 distance 37
0 615 277 175 290 393 
Vertex 394 distance 22
0 615 277 175 539 384 40 394 
Vertex 395 distance 25
0 615 109 545 395 
Vertex 396 distance 13
0 171 396 
Vertex 397 distance 13
0 615 187 64 397 
Vertex 398 distance 39
0 615 277 175 313 398 
Vertex 399 distance 29
0 19 495 465 380 255 399 
Vertex 400 distance 29
0 164 542 215 595 400 
Vertex 401 distance 29
0 164 542 401 
Vertex 402 distance 32
0 615 187 64 397 636 402 
Vertex 403 distance 26
0 171 484 458 403 
Vertex 404 distance 35
0 615 187 369 316 228 404 
Vertex 405 distance 24
0 171 497 405 
Vertex 406 distance 27
0 615 187 64 83 467 379 406 
Vertex 407 distance 39
0 19 495 465 380 256 569 407 
Vertex 408 distance 28
0 615 277 175 216 174 453 195 408 
Vertex 409 distance 21
0 19 495 465 380 409 
Vertex 410 distance 29
0 171 76 596 410 
Vertex 411 distance 31
0 615 277 175 539 384 411 
Vertex 412 distance 22
0 19 495 465 380 412 
Vertex 413 distance 26
0 164 413 
Vertex 414 distance 35
0 19 441 382 414 
Vertex 415 distance 32
0 171 497 415 
Vertex 416 distance 42
0 19 495 465 416 
Vertex 417 distance 37
0 615 187 64 397 33 564 417 
Vertex 418 distance 37
0 19 441 382 504 418 
Vertex 419 distance 36
0 171 209 419 
Vertex 420 distance 39
0 19 441 460 201 420 
Vertex 421 distance 21
0 615 277 175 216 421 
Vertex 422 distance 33
0 615 277 175 539 584 280 32 422 
Vertex 423 distance 38
0 19 563 472 276 423 
Vertex 424 distance 13
0 615 187 64 424 
Vertex 425 distance 22
0 615 187 64 217 482 96 425 
Vertex 426 distance 39
0 615 277 175 546 63 579 426 
Vertex 427 distance 21
0 171 76 87 427 
Vertex 428 distance 28
0 615 277 175 216 421 428 
Vertex 429 distance 37
0 171 76 87 9 523 575 429 
Vertex 430 distance 32
0 615 277 519 252 430 
Vertex 431 distance 18
0 19 441 159 431 
Vertex 432 distance 25
0 615 277 175 539 384 111 432 
Vertex 433 distance 40
0 19 563 184 573 533 433 
Vertex 434 distance 26
0 171 76 434 
Vertex 435 distance 32
0 615 277 175 539 384 40 394 443 435 
Vertex 436 distance 25
0 615 187 64 186 436 
Vertex 437 distance 50
0 615 187 64 83 284 230 437 
Vertex 438 distance 30
0 19 495 264 204 438 
Vertex 439 distance 35
0 19 441 213 59 439 
Vertex 440 distance 33
0 615 277 175 546 63 579 473 440 
Vertex 441 distance 11
0 19 441 
Vertex 442 distance 28
0 164 148 442 
Vertex 443 distance 31
0 615 277 175 539 384 40 394 443 
Vertex 444 distance 24
0 615 277 175 216 444 
Vertex 445 distance 39
0 615 277 175 216 174 453 195 408 287 445 
Vertex 446 distance 30
0 615 277 175 546 63 579 473 306 446 
Vertex 447 distance 53
0 19 495 465 511 447 
Vertex 448 distance 38
0 164 542 215 595 131 448 
Vertex 449 distance 23
0 171 396 258 42 449 
Vertex 450 distance 28
0 19 68 6 450 
Vertex 451 distance 32
0 171 497 123 237 451 
Vertex 452 distance 27
0 19 495 465 380 256 452 
Vertex 453 distance 20
0 615 277 175 216 174 453 
Vertex 454 distance 32
0 171 76 434 612 454 
Vertex 455 distance 20
0 171 396 455 
Vertex 456 distance 37
0 19 495 344 376 456 
Vertex 457 distance 30
0 615 187 64 424 457 
Vertex 458 distance 25
0 171 484 458 
Vertex 459 distance 30
0 19 563 184 573 459 
Vertex 460 distance 19
0 19 441 460 
Vertex 461 distance 32
0 19 544 461 
Vertex 462 distance 39
0 171 76 599 392 67 75 538 462 
Vertex 463 distance 25
0 19 495 465 380 255 463 
Vertex 464 distance 40
0 615 187 64 477 157 129 464 
Vertex 465 distance 13
0 19 495 465 
Vertex 466 distance 26
0 19 495 344 466 
Vertex 467 distance 17
0 615 187 64 83 467 
Vertex 468 distance 33
0 171 396 455 293 468 
Vertex 469 distance 27
0 171 76 87 606 469 
Vertex 470 distance 41
0 615 109 545 22 470 
Vertex 471 distance 32
0 615 187 64 217 103 183 471 
Vertex 472 distance 29
0 19 563 472 
Vertex 473 distance 28
0 615 277 175 546 63 579 473 
Vertex 474 distance 27
0 19 441 213 59 474 
Vertex 475 distance 31
0 615 109 545 475 
Vertex 476 distance 36
0 19 495 465 511 364 476 
Vertex 477 distance 16
0 615 187 64 477 
Vertex 478 distance 38
0 615 277 509 557 478 
Vertex 479 distance 22
0 615 277 175 216 421 479 
Vertex 480 distance 34
0 615 277 175 216 4 480 
Vertex 481 distance 38
0 171 497 123 237 481 
Vertex 482 distance 15
0 615 187 64 217 482 
Vertex 483 distance 37
0 615 277 175 216 46 268 483 
Vertex 484 distance 20
0 171 484 
Vertex 485 distance 40
0 19 563 485 
Vertex 486 distance 37
0 615 187 64 397 33 138 574 14 486 
Vertex 487 distance 30
0 615 187 369 316 205 487 
Vertex 488 distance 31
0 171 76 189 254 251 488 
Vertex 489 distance 27
0 615 187 64 397 48 167 489 
Vertex 490 distance 20
0 615 277 175 216 4 490 
Vertex 491 distance 23
0 19 544 82 491 
Vertex 492 distance 37
0 615 187 64 217 482 315 492 
Vertex 493 distance 36
0 615 277 175 216 174 453 507 243 386 493 
Vertex 494 distance 25
0 615 187 64 83 467 494 
Vertex 495 distance 11
0 19 495 
Vertex 496 distance 29
0 615 187 64 217 482 496 
Vertex 497 distance 15
0 171 497 
Vertex 498 distance 28
0 171 396 455 498 
Vertex 499 distance 23
0 615 187 64 217 482 315 499 
Vertex 500 distance 25
0 615 277 175 216 4 490 500 
Vertex 501 distance 46
0 615 187 64 397 33 564 501 
Vertex 502 distance 29
0 615 277 175 539 384 40 349 8 570 502 
Vertex 503 distance 24
0 615 277 175 216 4 383 503 
Vertex 504 distance 26
0 19 441 382 504 
Vertex 505 distance 33
0 615 277 297 505 
Vertex 506 distance 28
0 615 187 369 520 54 506 
Vertex 507 distance 21
0 615 277 175 216 174 453 507 
Vertex 508 distance 35
0 615 277 175 546 63 579 473 440 508 
Vertex 509 distance 16
0 615 277 509 
Vertex 510 distance 29
0 171 139 127 510 
Vertex 511 distance 26
0 19 495 465 511 
Vertex 512 distance 29
0 615 109 545 512 
Vertex 513 distance 28
0 615 187 64 397 33 138 574 513 
Vertex 514 distance 28
0 171 484 458 403 514 
Vertex 515 distance 34
0 19 495 465 380 255 399 515 
Vertex 516 distance 32
0 615 187 64 217 103 516 
Vertex 517 distance 27
0 615 277 509 50 116 517 
Vertex 518 distance 22
0 171 76 87 518 
Vertex 519 distance 26
0 615 277 519 
Vertex 520 distance 15
0 615 187 369 520 
Vertex 521 distance 31
0 19 495 465 380 255 399 521 
Vertex 522 distance 54
0 19 563 184 573 522 
Vertex 523 distance 28
0 171 76 87 9 523 
Vertex 524 distance 38
0 171 396 455 498 141 524 
Vertex 525 distance 28
0 615 187 64 397 48 167 489 525 
Vertex 526 distance 43
0 171 497 123 140 577 325 526 
Vertex 527 distance 52
0 615 277 175 539 384 111 527 
Vertex 528 distance 34
0 19 495 465 380 256 528 
Vertex 529 distance 32
0 19 495 613 529 
Vertex 530 distance 40
0 615 69 347 530 
Vertex 531 distance 36
0 171 76 87 9 531 
Vertex 532 distance 37
0 19 495 465 380 412 597 532 
Vertex 533 distance 33
0 19 563 184 573 533 
Vertex 534 distance 31
0 171 76 189 254 251 534 
Vertex 535 distance 19
0 171 396 535 
Vertex 536 distance 30
0 615 277 509 557 43 536 
Vertex 537 distance 41
0 615 187 64 397 33 138 574 231 92 537 
Vertex 538 distance 33
0 171 76 599 392 67 75 538 
Vertex 539 distance 14
0 615 277 175 539 
Vertex 540 distance 16
0 615 187 64 424 540 
Vertex 541 distance 38
0 615 277 175 541 
Vertex 542 distance 25
0 164 542 
Vertex 543 distance 26
0 615 277 509 281 543 
Vertex 544 distance 9
0 19 544 
Vertex 545 distance 23
0 615 109 545 
Vertex 546 distance 24
0 615 277 175 546 
Vertex 547 distance 36
0 19 495 344 203 547 
Vertex 548 distance 37
0 171 396 258 42 449 29 137 630 548 
Vertex 549 distance 9
0 615 549 
Vertex 550 distance 38
0 19 495 264 199 550 
Vertex 551 distance 39
0 615 187 64 217 482 315 372 551 
Vertex 552 distance 28
0 19 441 213 335 552 
Vertex 553 distance 31
0 171 76 189 254 594 553 
Vertex 554 distance 34
0 615 277 175 539 584 280 554 
Vertex 555 distance 28
0 615 187 64 217 233 101 555 
Vertex 556 distance 34
0 171 223 115 556 
Vertex 557 distance 23
0 615 277 509 557 
Vertex 558 distance 29
0 19 495 344 376 558 
Vertex 559 distance 35
0 19 495 147 188 559 
Vertex 560 distance 23
0 615 187 64 397 48 560 
Vertex 561 distance 33
0 171 561 
Vertex 562 distance 30
0 19 544 82 329 562 
Vertex 563 distance 16
0 19 563 
Vertex 564 distance 26
0 615 187 64 397 33 564 
Vertex 565 distance 38
0 171 396 363 288 565 
Vertex 566 distance 37
0 615 187 64 424 540 566 
Vertex 567 distance 25
0 615 187 64 217 567 
Vertex 568 distance 42
0 19 495 344 466 568 
Vertex 569 distance 29
0 19 495 465 380 256 569 
Vertex 570 distance 27
0 615 277 175 539 384 40 349 8 570 
Vertex 571 distance 36
0 615 277 175 539 384 571 
Vertex 572 distance 24
0 19 441 213 59 572 
Vertex 573 distance 29
0 19 563 184 573 
Vertex 574 distance 21
0 615 187 64 397 33 138 574 
Vertex 575 distance 31
0 171 76 87 9 523 575 
Vertex 576 distance 29
0 615 187 318 261 576 
Vertex 577 distance 26
0 171 497 123 140 577 
Vertex 578 distance 32
0 615 187 64 217 86 578 
Vertex 579 distance 27
0 615 277 175 546 63 579 
Vertex 580 distance 29
0 19 68 6 391 249 580 
Vertex 581 distance 40
0 19 563 581 
Vertex 582 distance 33
0 615 277 519 125 582 
Vertex 583 distance 28
0 615 109 545 583 
Vertex 584 distance 15
0 615 277 175 539 584 
Vertex 585 distance 36
0 615 187 318 585 
Vertex 586 distance 39
0 171 76 87 606 586 
Vertex 587 distance 28
0 171 76 599 587 
Vertex 588 distance 19
0 588 
Vertex 589 distance 29
0 615 69 304 589 
Vertex 590 distance 23
0 615 187 64 217 103 590 
Vertex 591 distance 38
0 19 495 465 380 409 322 591 
Vertex 592 distance 27
0 615 277 175 216 278 275 592 
Vertex 593 distance 37
0 19 495 264 593 
Vertex 594 distance 26
0 171 76 189 254 594 
Vertex 595 distance 27
0 164 542 215 595 
Vertex 596 distance 28
0 171 76 596 
Vertex 597 distance 29
0 19 495 465 380 412 597 
Vertex 598 distance 45
0 615 277 175 539 384 40 394 443 435 598 
Vertex 599 distance 17
0 171 76 599 
Vertex 600 distance 28
0 171 497 405 600 
Vertex 601 distance 44
0 171 76 87 9 523 18 601 
Vertex 602 distance 23
0 588 602 
Vertex 603 distance 35
0 615 187 64 397 33 138 574 513 603 
Vertex 604 distance 33
0 19 563 604 
Vertex 605 distance 39
0 171 484 458 605 
Vertex 606 distance 18
0 171 76 87 606 
Vertex 607 distance 44
0 615 187 64 217 482 96 425 607 
Vertex 608 distance 35
0 19 441 213 608 
Vertex 609 distance 22
0 171 396 258 42 609 
Vertex 610 distance 28
0 615 187 64 217 482 53 221 610 
Vertex 611 distance 35
0 164 542 401 611 
Vertex 612 distance 29
0 171 76 434 612 
Vertex 613 distance 23
0 19 495 613 
Vertex 614 distance 28
0 615 277 175 216 4 614 
Vertex 615 distance 5
0 615 
Vertex 616 distance 21
0 171 484 616 
Vertex 617 distance 36
0 19 495 344 466 617 
Vertex 618 distance 44
0 615 187 64 217 482 96 618 
Vertex 619 distance 21
0 615 187 64 217 482 619 
Vertex 620 distance 29
0 620 
Vertex 621 distance 30
0 171 497 123 140 170 621 
Vertex 622 distance 27
0 19 544 82 622 
Vertex 623 distance 37
0 171 396 300 623 
Vertex 624 distance 23
0 171 484 624 
Vertex 625 distance 24
0 171 396 258 42 625 
Vertex 626 distance 38
0 615 277 175 290 210 626 
Vertex 627 distance 25
0 615 187 64 83 467 627 
Vertex 628 distance 32
0 615 187 64 477 157 90 628 
Vertex 629 distance 28
0 615 187 64 397 48 629 
Vertex 630 distance 36
0 171 396 258 42 449 29 137 630 
Vertex 631 distance 35
0 19 495 465 380 255 399 521 631 
Vertex 632 distance 39
0 164 542 215 595 131 448 632 
Vertex 633 distance 28
0 615 187 64 397 48 633 
Vertex 634 distance 36
0 615 187 64 217 103 590 634 
Vertex 635 distance 31
0 171 396 535 635 
Vertex 636 distance 23
0 615 187 64 397 636 
Vertex 637 distance 35
0 171 497 123 140 170 27 637 
Vertex 638 distance 41
0 615 187 369 638 
Vertex 639 distance 42
0 171 484 458 403 639 
