Vertex 0 distance 0
0 0 
Vertex 1 distance 23
0 358 507 420 6 1 
Vertex 2 distance 24
0 431 259 375 328 2 
Vertex 3 distance 22
0 406 28 374 452 3 
Vertex 4 distance 20
0 431 259 375 571 270 351 4 
Vertex 5 distance 17
0 531 105 556 527 5 
Vertex 6 distance 14
0 358 507 420 6 
Vertex 7 distance 14
0 431 259 375 219 523 321 346 372 7 
Vertex 8 distance 28
0 202 314 8 
Vertex 9 distance 13
0 431 259 375 219 290 422 9 
Vertex 10 distance 13
0 431 259 375 571 403 383 10 
Vertex 11 distance 21
0 11 
Vertex 12 distance 17
0 288 12 
Vertex 13 distance 20
0 531 105 428 457 13 
Vertex 14 distance 10
0 202 14 
Vertex 15 distance 14
0 288 614 549 15 
Vertex 16 distance 21
0 431 259 375 571 626 441 103 16 
Vertex 17 distance 15
0 406 423 205 179 17 
Vertex 18 distance 15
0 51 225 18 
Vertex 19 distance 17
0 431 259 375 571 403 383 10 638 19 
Vertex 20 distance 18
0 431 259 375 219 523 321 346 20 
Vertex 21 distance 14
0 202 14 21 
Vertex 22 distance 18
0 51 225 478 22 
Vertex 23 distance 18
0 431 259 375 571 626 441 23 
Vertex 24 distance 17
0 406 562 249 24 
Vertex 25 distance 15
0 406 28 25 
Vertex 26 distance 18
0 202 14 21 247 26 
Vertex 27 distance 27
0 431 259 375 571 626 441 103 16 27 
Vertex 28 distance 14
0 406 28 
Vertex 29 distance 14
0 406 423 29 
Vertex 30 distance 15
0 431 330 453 30 
Vertex 31 distance 17
0 358 507 420 6 278 220 31 
Vertex 32 distance 23
0 431 259 375 219 290 32 
Vertex 33 distance 15
0 83 465 33 
Vertex 34 distance 19
0 158 637 34 
Vertex 35 distance 14
0 431 259 375 219 262 35 
Vertex 36 distance 17
0 431 259 375 571 253 322 36 
Vertex 37 distance 19
0 406 306 525 37 
Vertex 38 distance 14
0 431 259 375 571 38 
Vertex 39 distance 19
0 431 259 375 219 193 39 
Vertex 40 distance 19
0 586 40 
Vertex 41 distance 20
0 202 338 357 215 41 
Vertex 42 distance 14
0 431 330 42 
Vertex 43 distance 18
0 431 259 375 219 290 43 
Vertex 44 distance 22
0 431 259 375 219 523 321 286 44 
Vertex 45 distance 18
0 586 410 45 
Vertex 46 distance 21
0 288 614 549 46 
Vertex 47 distance 20
0 431 259 375 219 290 494 466 277 47 
Vertex 48 distance 14
0 202 48 
Vertex 49 distance 15
0 288 614 549 312 49 
Vertex 50 distance 22
0 406 28 293 50 
Vertex 51 distance 7
0 51 
Vertex 52 distance 27
0 406 306 525 37 57 52 
Vertex 53 distance 18
0 531 551 76 391 53 
Vertex 54 distance 20
0 406 544 582 75 54 
Vertex 55 distance 18
0 431 259 375 571 198 102 244 371 55 
Vertex 56 distance 20
0 431 259 375 571 198 102 255 56 
Vertex 57 distance 20
0 406 306 525 37 57 
Vertex 58 distance 16
0 288 614 549 312 58 
Vertex 59 distance 14
0 607 59 
Vertex 60 distance 22
0 431 259 375 127 388 60 
Vertex 61 distance 18
0 431 259 375 219 262 592 61 
Vertex 62 distance 15
0 431 259 375 219 290 422 183 62 
Vertex 63 distance 18
0 607 443 63 
Vertex 64 distance 23
0 431 259 375 219 523 321 346 487 629 70 64 
Vertex 65 distance 17
0 431 259 375 127 388 65 
Vertex 66 distance 17
0 431 259 375 571 253 66 
Vertex 67 distance 22
0 431 384 304 67 
Vertex 68 distance 17
0 406 544 582 75 68 
Vertex 69 distance 22
0 202 48 204 69 
Vertex 70 distance 21
0 431 259 375 219 523 321 346 487 629 70 
Vertex 71 distance 11
0 358 486 71 
Vertex 72 distance 17
0 51 72 
Vertex 73 distance 13
0 202 338 73 
Vertex 74 distance 16
0 431 259 375 219 290 422 74 
Vertex 75 distance 16
0 406 544 582 75 
Vertex 76 distance 14
0 531 551 76 
Vertex 77 distance 23
0 202 117 348 77 
Vertex 78 distance 23
0 431 259 375 571 198 102 244 371 78 
Vertex 79 distance 19
0 531 551 76 79 
Vertex 80 distance 20
0 431 259 375 219 290 633 631 80 
Vertex 81 distance 12
0 431 259 375 219 290 422 81 
Vertex 82 distance 15
0 202 338 357 82 
Vertex 83 distance 10
0 83 
Vertex 84 distance 12
0 531 84 
Vertex 85 distance 21
0 431 259 375 571 198 102 255 176 85 
Vertex 86 distance 17
0 531 551 76 86 
Vertex 87 distance 19
0 406 562 249 87 
Vertex 88 distance 23
0 431 259 375 127 339 88 
Vertex 89 distance 16
0 607 89 
Vertex 90 distance 22
0 358 507 369 473 501 90 
Vertex 91 distance 25
0 431 259 375 219 290 422 81 91 
Vertex 92 distance 20
0 288 614 549 92 
Vertex 93 distance 18
0 431 330 453 93 
Vertex 94 distance 18
0 431 259 375 571 270 508 94 
Vertex 95 distance 13
0 431 259 375 571 403 95 
Vertex 96 distance 17
0 431 259 375 219 193 496 96 
Vertex 97 distance 20
0 431 259 375 571 270 251 234 545 97 
Vertex 98 distance 21
0 202 360 100 98 
Vertex 99 distance 21
0 406 562 144 99 
Vertex 100 distance 16
0 202 360 100 
Vertex 101 distance 14
0 431 259 375 219 290 101 
Vertex 102 distance 11
0 431 259 375 571 198 102 
Vertex 103 distance 20
0 431 259 375 571 626 441 103 
Vertex 104 distance 16
0 406 423 205 179 617 104 
Vertex 105 distance 9
0 531 105 
Vertex 106 distance 23
0 607 59 106 
Vertex 107 distance 16
0 531 105 428 457 107 
Vertex 108 distance 22
0 358 507 369 473 356 108 
Vertex 109 distance 21
0 358 486 71 209 109 
Vertex 110 distance 22
0 431 330 42 318 110 
Vertex 111 distance 18
0 202 14 111 
Vertex 112 distance 22
0 406 423 205 179 112 
Vertex 113 distance 20
0 431 259 375 571 253 322 36 113 
Vertex 114 distance 17
0 431 330 300 370 210 114 
Vertex 115 distance 19
0 531 551 493 115 
Vertex 116 distance 20
0 531 84 462 116 
Vertex 117 distance 18
0 202 117 
Vertex 118 distance 22
0 431 259 375 571 403 421 355 118 
Vertex 119 distance 22
0 431 259 375 219 523 321 346 585 119 
Vertex 120 distance 20
0 431 259 375 571 270 351 268 396 120 
Vertex 121 distance 19
0 431 259 375 571 626 366 121 
Vertex 122 distance 16
0 431 259 375 571 270 154 122 
Vertex 123 distance 13
0 531 105 123 
Vertex 124 distance 21
0 406 423 528 124 
Vertex 125 distance 19
0 358 507 369 473 125 
Vertex 126 distance 21
0 607 241 454 126 
Vertex 127 distance 12
0 431 259 375 127 
Vertex 128 distance 16
0 607 128 
Vertex 129 distance 21
0 431 259 375 219 193 39 129 
Vertex 130 distance 18
0 431 259 375 219 290 633 631 130 
Vertex 131 distance 22
0 431 259 375 219 523 321 286 131 
Vertex 132 distance 17
0 406 28 25 132 
Vertex 133 distance 20
0 51 594 133 
Vertex 134 distance 20
0 431 259 375 219 523 298 134 
Vertex 135 distance 19
0 431 259 375 571 626 441 23 135 
Vertex 136 distance 16
0 202 627 136 
Vertex 137 distance 23
0 586 410 575 137 
Vertex 138 distance 17
0 406 423 205 185 138 
Vertex 139 distance 17
0 431 259 375 219 171 139 
Vertex 140 distance 18
0 431 259 375 219 523 321 346 140 
Vertex 141 distance 19
0 431 259 375 571 253 322 160 570 517 616 141 
Vertex 142 distance 17
0 531 105 428 457 142 
Vertex 143 distance 13
0 431 259 375 571 270 143 
Vertex 144 distance 14
0 406 562 144 
Vertex 145 distance 25
0 531 551 411 145 
Vertex 146 distance 15
0 431 259 375 219 523 321 146 
Vertex 147 distance 18
0 431 259 375 219 193 563 178 147 
Vertex 148 distance 14
0 288 148 
Vertex 149 distance 18
0 431 259 375 219 523 636 149 
Vertex 150 distance 19
0 531 551 493 150 
Vertex 151 distance 21
0 431 259 375 219 290 633 631 80 151 
Vertex 152 distance 18
0 406 562 249 488 152 
Vertex 153 distance 17
0 431 259 375 571 253 322 160 570 153 
Vertex 154 distance 13
0 431 259 375 571 270 154 
Vertex 155 distance 22
0 531 84 155 
Vertex 156 distance 20
0 431 330 156 
Vertex 157 distance 17
0 358 507 420 6 278 157 
Vertex 158 distance 10
0 158 
Vertex 159 distance 16
0 406 28 159 
Vertex 160 distance 13
0 431 259 375 571 253 322 160 
Vertex 161 distance 23
0 431 259 375 571 198 102 244 371 55 161 
Vertex 162 distance 15
0 406 423 205 162 
Vertex 163 distance 18
0 431 259 375 219 523 321 346 372 7 163 
Vertex 164 distance 17
0 202 14 21 247 164 
Vertex 165 distance 20
0 531 558 308 165 
Vertex 166 distance 27
0 531 551 76 86 166 
Vertex 167 distance 19
0 431 330 42 167 
Vertex 168 distance 27
0 158 291 168 
Vertex 169 distance 25
0 51 594 169 
Vertex 170 distance 18
0 431 259 375 219 290 422 74 170 
Vertex 171 distance 12
0 431 259 375 219 171 
Vertex 172 distance 18
0 83 172 
Vertex 173 distance 15
0 158 637 173 
Vertex 174 distance 21
0 431 259 375 219 290 422 9 174 
Vertex 175 distance 27
0 406 28 374 175 
Vertex 176 distance 17
0 431 259 375 571 198 102 255 176 
Vertex 177 distance 21
0 431 259 375 571 253 322 160 177 
Vertex 178 distance 15
0 431 259 375 219 193 563 178 
Vertex 179 distance 13
0 406 423 205 179 
Vertex 180 distance 18
0 202 627 180 
Vertex 181 distance 20
0 51 317 408 424 228 459 181 
Vertex 182 distance 21
0 531 551 187 325 182 
Vertex 183 distance 13
0 431 259 375 219 290 422 183 
Vertex 184 distance 25
0 431 259 375 571 270 251 234 545 184 
Vertex 185 distance 16
0 406 423 205 185 
Vertex 186 distance 21
0 358 507 369 473 186 
Vertex 187 distance 17
0 531 551 187 
Vertex 188 distance 15
0 431 259 375 571 253 322 160 188 
Vertex 189 distance 15
0 288 148 189 
Vertex 190 distance 16
0 431 259 375 219 262 592 190 
Vertex 191 distance 16
0 406 423 205 191 
Vertex 192 distance 18
0 431 259 375 127 339 192 
Vertex 193 distance 11
0 431 259 375 219 193 
Vertex 194 distance 15
0 431 259 375 219 523 636 194 
Vertex 195 distance 23
0 431 259 375 571 270 351 268 396 195 
Vertex 196 distance 25
0 431 259 375 571 253 392 196 
Vertex 197 distance 16
0 431 330 42 581 197 
Vertex 198 distance 10
0 431 259 375 571 198 
Vertex 199 distance 21
0 431 259 375 571 198 102 244 199 
Vertex 200 distance 20
0 406 423 29 439 200 
Vertex 201 distance 17
0 202 360 201 
Vertex 202 distance 6
0 202 
Vertex 203 distance 18
0 406 562 203 
Vertex 204 distance 21
0 202 48 204 
Vertex 205 distance 12
0 406 423 205 
Vertex 206 distance 22
0 406 423 29 326 206 
Vertex 207 distance 16
0 431 259 375 219 523 321 346 585 207 
Vertex 208 distance 19
0 406 423 205 235 208 
Vertex 209 distance 18
0 358 486 71 209 
Vertex 210 distance 14
0 431 330 300 370 210 
Vertex 211 distance 18
0 431 259 375 219 290 422 74 211 
Vertex 212 distance 16
0 202 338 357 82 212 
Vertex 213 distance 19
0 431 259 375 219 193 563 444 213 
Vertex 214 distance 19
0 531 214 
Vertex 215 distance 17
0 202 338 357 215 
Vertex 216 distance 16
0 406 28 216 
Vertex 217 distance 19
0 406 423 205 235 217 
Vertex 218 distance 12
0 431 218 
Vertex 219 distance 7
0 431 259 375 219 
Vertex 220 distance 16
0 358 507 420 6 278 220 
Vertex 221 distance 20
0 531 84 246 221 
Vertex 222 distance 23
0 431 259 375 571 626 441 533 222 
Vertex 223 distance 23
0 358 507 369 473 361 377 223 
Vertex 224 distance 21
0 288 614 549 476 224 
Vertex 225 distance 13
0 51 225 
Vertex 226 distance 19
0 586 410 621 226 
Vertex 227 distance 15
0 431 259 375 219 523 321 346 372 7 227 
Vertex 228 distance 15
0 51 317 408 424 228 
Vertex 229 distance 18
0 431 259 375 571 253 322 229 
Vertex 230 distance 20
0 431 259 375 219 523 321 250 402 615 230 
Vertex 231 distance 19
0 202 14 21 247 26 231 
Vertex 232 distance 20
0 431 259 375 219 262 378 232 
Vertex 233 distance 20
0 83 479 233 
Vertex 234 distance 15
0 431 259 375 571 270 251 234 
Vertex 235 distance 13
0 406 423 205 235 
Vertex 236 distance 14
0 431 259 375 127 236 
Vertex 237 distance 22
0 431 330 453 604 237 
Vertex 238 distance 21
0 431 259 375 219 290 238 
Vertex 239 distance 21
0 288 614 549 312 239 
Vertex 240 distance 17
0 358 507 420 6 278 220 240 
Vertex 241 distance 18
0 607 241 
Vertex 242 distance 21
0 242 
Vertex 243 distance 18
0 531 105 556 527 243 
Vertex 244 distance 16
0 431 259 375 571 198 102 244 
Vertex 245 distance 17
0 431 259 375 571 270 351 245 
Vertex 246 distance 13
0 531 84 246 
Vertex 247 distance 16
0 202 14 21 247 
Vertex 248 distance 19
0 406 423 205 185 303 248 
Vertex 249 distance 16
0 406 562 249 
Vertex 250 distance 11
0 431 259 375 219 523 321 250 
Vertex 251 distance 14
0 431 259 375 571 270 251 
Vertex 252 distance 19
0 431 259 375 571 403 383 10 638 19 252 
Vertex 253 distance 11
0 431 259 375 571 253 
Vertex 254 distance 22
0 431 259 375 571 270 351 268 254 
Vertex 255 distance 14
0 431 259 375 571 198 102 255 
Vertex 256 distance 23
0 202 578 256 
Vertex 257 distance 19
0 158 637 257 
Vertex 258 distance 24
0 202 14 21 413 521 258 
Vertex 259 distance 5
0 431 259 
Vertex 260 distance 26
0 431 259 375 219 193 563 178 260 
Vertex 261 distance 25
0 531 84 597 261 
Vertex 262 distance 13
0 431 259 375 219 262 
Vertex 263 distance 24
0 431 259 375 219 523 321 346 372 7 227 263 
Vertex 264 distance 23
0 406 28 216 529 264 
Vertex 265 distance 20
0 586 40 265 
Vertex 266 distance 24
0 358 486 266 
Vertex 267 distance 22
0 431 259 375 219 523 321 346 522 267 
Vertex 268 distance 17
0 431 259 375 571 270 351 268 
Vertex 269 distance 15
0 202 48 269 
Vertex 270 distance 12
0 431 259 375 571 270 
Vertex 271 distance 23
0 431 259 375 127 236 271 
Vertex 272 distance 20
0 431 330 42 272 
Vertex 273 distance 11
0 431 259 375 219 523 321 273 
Vertex 274 distance 21
0 531 105 556 527 5 274 
Vertex 275 distance 23
0 202 14 21 247 26 595 275 
Vertex 276 distance 20
0 406 562 249 488 152 276 
Vertex 277 distance 19
0 431 259 375 219 290 494 466 277 
Vertex 278 distance 15
0 358 507 420 6 278 
Vertex 279 distance 27
0 607 389 282 279 
Vertex 280 distance 19
0 431 330 42 581 197 280 
Vertex 281 distance 14
0 406 281 
Vertex 282 distance 20
0 607 389 282 
Vertex 283 distance 21
0 406 281 506 283 
Vertex 284 distance 22
0 431 259 375 219 193 563 178 147 284 
Vertex 285 distance 24
0 431 259 375 127 388 60 285 
Vertex 286 distance 19
0 431 259 375 219 523 321 286 
Vertex 287 distance 23
0 431 330 300 370 210 114 590 287 
Vertex 288 distance 10
0 288 
Vertex 289 distance 20
0 431 259 375 219 290 422 81 602 289 
Vertex 290 distance 10
0 431 259 375 219 290 
Vertex 291 distance 21
0 158 291 
Vertex 292 distance 22
0 431 259 375 219 290 633 341 294 292 
Vertex 293 distance 18
0 406 28 293 
Vertex 294 distance 21
0 431 259 375 219 290 633 341 294 
Vertex 295 distance 15
0 431 259 375 571 198 295 
Vertex 296 distance 20
0 531 551 493 150 296 
Vertex 297 distance 15
0 431 259 375 571 403 297 
Vertex 298 distance 13
0 431 259 375 219 523 298 
Vertex 299 distance 13
0 358 299 
Vertex 300 distance 8
0 431 330 300 
Vertex 301 distance 17
0 202 338 301 
Vertex 302 distance 19
0 51 225 478 302 
Vertex 303 distance 18
0 406 423 205 185 303 
Vertex 304 distance 21
0 431 384 304 
Vertex 305 distance 20
0 431 259 375 219 523 321 346 140 305 
Vertex 306 distance 10
0 406 306 
Vertex 307 distance 17
0 607 89 307 
Vertex 308 distance 19
0 531 558 308 
Vertex 309 distance 22
0 202 14 21 413 553 315 309 
Vertex 310 distance 20
0 51 336 448 634 310 
Vertex 311 distance 20
0 431 259 311 
Vertex 312 distance 14
0 288 614 549 312 
Vertex 313 distance 19
0 431 330 42 313 
Vertex 314 distance 17
0 202 314 
Vertex 315 distance 21
0 202 14 21 413 553 315 
Vertex 316 distance 16
0 431 259 375 219 193 563 316 
Vertex 317 distance 10
0 51 317 
Vertex 318 distance 16
0 431 330 42 318 
Vertex 319 distance 14
0 431 330 300 370 319 
Vertex 320 distance 18
0 431 259 375 219 193 563 444 320 
Vertex 321 distance 10
0 431 259 375 219 523 321 
Vertex 322 distance 12
0 431 259 375 571 253 322 
Vertex 323 distance 22
0 358 507 369 473 361 377 323 
Vertex 324 distance 19
0 607 324 
Vertex 325 distance 19
0 531 551 187 325 
Vertex 326 distance 15
0 406 423 29 326 
Vertex 327 distance 22
0 83 327 
Vertex 328 distance 17
0 431 259 375 328 
Vertex 329 distance 23
0 406 423 528 329 
Vertex 330 distance 7
0 431 330 
Vertex 331 distance 19
0 531 84 597 331 
Vertex 332 distance 17
0 431 259 375 571 270 143 332 
Vertex 333 distance 27
0 202 627 136 333 
Vertex 334 distance 22
0 431 259 375 219 523 321 146 334 
Vertex 335 distance 18
0 202 338 357 491 335 
Vertex 336 distance 12
0 51 336 
Vertex 337 distance 18
0 431 259 375 219 523 337 
Vertex 338 distance 10
0 202 338 
Vertex 339 distance 14
0 431 259 375 127 339 
Vertex 340 distance 20
0 431 259 375 219 193 563 178 340 
Vertex 341 distance 15
0 431 259 375 219 290 633 341 
Vertex 342 distance 22
0 431 330 453 604 538 505 342 
Vertex 343 distance 16
0 406 423 343 
Vertex 344 distance 17
0 431 259 375 219 290 422 183 344 
Vertex 345 distance 21
0 431 259 375 219 290 494 345 
Vertex 346 distance 11
0 431 259 375 219 523 321 346 
Vertex 347 distance 14
0 531 105 347 
Vertex 348 distance 19
0 202 117 348 
Vertex 349 distance 20
0 431 259 375 571 403 383 10 349 
Vertex 350 distance 31
0 431 259 375 219 290 422 81 350 
Vertex 351 distance 15
0 431 259 375 571 270 351 
Vertex 352 distance 16
0 431 259 375 571 198 102 461 352 
Vertex 353 distance 18
0 607 59 353 
Vertex 354 distance 20
0 358 507 420 6 278 220 31 354 
Vertex 355 distance 21
0 431 259 375 571 403 421 355 
Vertex 356 distance 14
0 358 507 369 473 356 
Vertex 357 distance 12
0 202 338 357 
Vertex 358 distance 6
0 358 
Vertex 359 distance 15
0 431 259 375 571 403 359 
Vertex 360 distance 15
0 202 360 
Vertex 361 distance 18
0 358 507 369 473 361 
Vertex 362 distance 25
0 431 259 375 219 523 636 194 445 362 
Vertex 363 distance 19
0 358 507 369 473 472 363 
Vertex 364 distance 19
0 358 507 369 473 356 364 
Vertex 365 distance 20
0 607 89 397 365 
Vertex 366 distance 17
0 431 259 375 571 626 366 
Vertex 367 distance 21
0 51 435 367 
Vertex 368 distance 21
0 607 89 368 
Vertex 369 distance 11
0 358 507 369 
Vertex 370 distance 12
0 431 330 300 370 
Vertex 371 distance 17
0 431 259 375 571 198 102 244 371 
Vertex 372 distance 13
0 431 259 375 219 523 321 346 372 
Vertex 373 distance 20
0 431 259 375 219 193 563 444 213 373 
Vertex 374 distance 15
0 406 28 374 
Vertex 375 distance 6
0 431 259 375 
Vertex 376 distance 19
0 431 259 375 376 
Vertex 377 distance 19
0 358 507 369 473 361 377 
Vertex 378 distance 18
0 431 259 375 219 262 378 
Vertex 379 distance 15
0 431 330 300 370 210 379 
Vertex 380 distance 15
0 607 443 380 
Vertex 381 distance 22
0 51 317 408 424 228 381 
Vertex 382 distance 20
0 202 338 357 436 382 
Vertex 383 distance 12
0 431 259 375 571 403 383 
Vertex 384 distance 15
0 431 384 
Vertex 385 distance 20
0 431 259 375 127 339 192 385 
Vertex 386 distance 20
0 431 259 375 571 253 392 386 
Vertex 387 distance 20
0 531 558 387 
Vertex 388 distance 16
0 431 259 375 127 388 
Vertex 389 distance 14
0 607 389 
Vertex 390 distance 27
0 431 390 
Vertex 391 distance 15
0 531 551 76 391 
Vertex 392 distance 18
0 431 259 375 571 253 392 
Vertex 393 distance 20
0 431 259 375 219 523 321 250 402 393 
Vertex 394 distance 21
0 431 330 42 394 
Vertex 395 distance 16
0 431 330 395 
Vertex 396 distance 19
0 431 259 375 571 270 351 268 396 
Vertex 397 distance 18
0 607 89 397 
Vertex 398 distance 21
0 431 259 375 571 253 66 398 
Vertex 399 distance 23
0 406 562 399 
Vertex 400 distance 23
0 431 259 375 219 523 636 194 526 400 
Vertex 401 distance 18
0 431 259 375 571 626 366 401 
Vertex 402 distance 15
0 431 259 375 219 523 321 250 402 
Vertex 403 distance 9
0 431 259 375 571 403 
Vertex 404 distance 23
0 51 225 588 404 
Vertex 405 distance 15
0 358 507 405 
Vertex 406 distance 9
0 406 
Vertex 407 distance 23
0 431 259 375 219 290 407 
Vertex 408 distance 13
0 51 317 408 
Vertex 409 distance 17
0 202 578 409 
Vertex 410 distance 16
0 586 410 
Vertex 411 distance 23
0 531 551 411 
Vertex 412 distance 15
0 431 259 375 219 290 422 9 412 
Vertex 413 distance 17
0 202 14 21 413 
Vertex 414 distance 21
0 531 214 414 
Vertex 415 distance 18
0 531 551 493 415 
Vertex 416 distance 21
0 607 416 
Vertex 417 distance 24
0 358 507 369 473 361 417 
Vertex 418 distance 21
0 431 218 418 
Vertex 419 distance 16
0 406 423 528 419 
Vertex 420 distance 13
0 358 507 420 
Vertex 421 distance 16
0 431 259 375 571 403 421 
Vertex 422 distance 11
0 431 259 375 219 290 422 
Vertex 423 distance 10
0 406 423 
Vertex 424 distance 14
0 51 317 408 424 
Vertex 425 distance 23
0 431 259 375 571 198 102 255 176 425 
Vertex 426 distance 24
0 431 259 375 571 198 102 461 352 542 564 426 
Vertex 427 distance 20
0 607 89 427 
Vertex 428 distance 14
0 531 105 428 
Vertex 429 distance 18
0 431 259 375 219 523 321 429 
Vertex 430 distance 21
0 431 259 375 127 236 430 
Vertex 431 distance 3
0 431 
Vertex 432 distance 16
0 531 551 76 432 
Vertex 433 distance 26
0 607 59 353 433 
Vertex 434 distance 19
0 431 259 375 571 253 322 160 434 
Vertex 435 distance 19
0 51 435 
Vertex 436 distance 13
0 202 338 357 436 
Vertex 437 distance 21
0 431 259 375 571 403 383 10 638 19 557 437 
Vertex 438 distance 24
0 431 259 375 219 290 633 559 438 
Vertex 439 distance 16
0 406 423 29 439 
Vertex 440 distance 23
0 586 410 621 226 477 440 
Vertex 441 distance 14
0 431 259 375 571 626 441 
Vertex 442 distance 19
0 531 558 442 
Vertex 443 distance 13
0 607 443 
Vertex 444 distance 15
0 431 259 375 219 193 563 444 
Vertex 445 distance 21
0 431 259 375 219 523 636 194 445 
Vertex 446 distance 24
0 431 259 375 449 540 619 624 446 
Vertex 447 distance 25
0 202 14 21 247 26 595 275 447 
Vertex 448 distance 13
0 51 336 448 
Vertex 449 distance 10
0 431 259 375 449 
Vertex 450 distance 16
0 358 486 71 450 
Vertex 451 distance 17
0 431 259 375 571 270 251 451 
Vertex 452 distance 18
0 406 28 374 452 
Vertex 453 distance 8
0 431 330 453 
Vertex 454 distance 20
0 607 241 454 
Vertex 455 distance 21
0 288 614 549 312 455 
Vertex 456 distance 19
0 51 336 456 
Vertex 457 distance 15
0 531 105 428 457 
Vertex 458 distance 21
0 431 330 458 
Vertex 459 distance 19
0 51 317 408 424 228 459 
Vertex 460 distance 28
0 431 259 375 219 290 422 583 568 460 
Vertex 461 distance 15
0 431 259 375 571 198 102 461 
Vertex 462 distance 13
0 531 84 462 
Vertex 463 distance 18
0 431 330 453 604 538 463 
Vertex 464 distance 20
0 202 338 357 82 212 464 
Vertex 465 distance 14
0 83 465 
Vertex 466 distance 17
0 431 259 375 219 290 494 466 
Vertex 467 distance 14
0 431 330 467 
Vertex 468 distance 24
0 431 259 375 219 481 468 
Vertex 469 distance 18
0 431 259 375 219 193 563 469 
Vertex 470 distance 15
0 431 259 375 219 523 470 
Vertex 471 distance 18
0 531 105 347 471 
Vertex 472 distance 18
0 358 507 369 473 472 
Vertex 473 distance 13
0 358 507 369 473 
Vertex 474 distance 26
0 431 259 375 571 270 251 234 474 
Vertex 475 distance 22
0 431 259 375 219 290 494 466 475 
Vertex 476 distance 13
0 288 614 549 476 
Vertex 477 distance 21
0 586 410 621 226 477 
Vertex 478 distance 16
0 51 225 478 
Vertex 479 distance 15
0 83 479 
Vertex 480 distance 14
0 431 218 480 
Vertex 481 distance 11
0 431 259 375 219 481 
Vertex 482 distance 19
0 431 330 300 370 210 114 482 
Vertex 483 distance 20
0 406 306 483 
Vertex 484 distance 15
0 431 218 484 
Vertex 485 distance 22
0 406 423 205 485 
Vertex 486 distance 10
0 358 486 
Vertex 487 distance 14
0 431 259 375 219 523 321 346 487 
Vertex 488 distance 17
0 406 562 249 488 
Vertex 489 distance 31
0 51 317 408 623 489 
Vertex 490 distance 17
0 431 259 375 571 198 102 490 
Vertex 491 distance 15
0 202 338 357 491 
Vertex 492 distance 17
0 531 84 492 
Vertex 493 distance 15
0 531 551 493 
Vertex 494 distance 15
0 431 259 375 219 290 494 
Vertex 495 distance 15
0 431 259 375 571 403 383 10 495 
Vertex 496 distance 15
0 431 259 375 219 193 496 
Vertex 497 distance 19
0 51 225 532 497 
Vertex 498 distance 20
0 431 259 375 219 290 101 498 
Vertex 499 distance 22
0 431 259 375 219 523 321 346 585 207 499 
Vertex 500 distance 18
0 531 551 76 391 500 
Vertex 501 distance 16
0 358 507 369 473 501 
Vertex 502 distance 32
0 406 423 205 235 502 
Vertex 503 distance 18
0 431 259 375 571 626 366 503 
Vertex 504 distance 13
0 431 218 504 
Vertex 505 distance 19
0 431 330 453 604 538 505 
Vertex 506 distance 19
0 406 281 506 
Vertex 507 distance 9
0 358 507 
Vertex 508 distance 17
0 431 259 375 571 270 508 
Vertex 509 distance 24
0 431 259 375 219 290 611 509 
Vertex 510 distance 16
0 288 510 
Vertex 511 distance 23
0 202 627 180 511 
Vertex 512 distance 17
0 406 562 249 512 
Vertex 513 distance 19
0 431 259 375 219 523 321 346 372 7 163 513 
Vertex 514 distance 20
0 202 627 136 514 
Vertex 515 distance 18
0 431 259 375 571 270 154 122 515 
Vertex 516 distance 20
0 431 259 375 219 523 636 516 
Vertex 517 distance 16
0 431 259 375 571 253 322 160 570 517 
Vertex 518 distance 23
0 431 259 375 219 523 321 346 487 518 
Vertex 519 distance 20
0 431 259 375 127 519 
Vertex 520 distance 16
0 431 259 375 571 38 520 
Vertex 521 distance 18
0 202 14 21 413 521 
Vertex 522 distance 15
0 431 259 375 219 523 321 346 522 
Vertex 523 distance 9
0 431 259 375 219 523 
Vertex 524 distance 19
0 358 507 420 6 278 524 
Vertex 525 distance 16
0 406 306 525 
Vertex 526 distance 20
0 431 259 375 219 523 636 194 526 
Vertex 527 distance 15
0 531 105 556 527 
Vertex 528 distance 12
0 406 423 528 
Vertex 529 distance 18
0 406 28 216 529 
Vertex 530 distance 21
0 406 28 25 530 
Vertex 531 distance 8
0 531 
Vertex 532 distance 17
0 51 225 532 
Vertex 533 distance 21
0 431 259 375 571 626 441 533 
Vertex 534 distance 24
0 406 28 293 534 
Vertex 535 distance 13
0 431 259 375 219 481 535 
Vertex 536 distance 30
0 607 89 368 536 
Vertex 537 distance 23
0 586 410 537 
Vertex 538 distance 14
0 431 330 453 604 538 
Vertex 539 distance 15
0 531 105 539 
Vertex 540 distance 17
0 431 259 375 449 540 
Vertex 541 distance 25
0 51 225 478 541 
Vertex 542 distance 17
0 431 259 375 571 198 102 461 352 542 
Vertex 543 distance 19
0 202 578 409 543 
Vertex 544 distance 14
0 406 544 
Vertex 545 distance 19
0 431 259 375 571 270 251 234 545 
Vertex 546 distance 19
0 358 486 71 450 546 
Vertex 547 distance 19
0 431 259 375 219 523 636 149 547 
Vertex 548 distance 25
0 431 259 375 219 523 636 194 526 400 548 
Vertex 549 distance 12
0 288 614 549 
Vertex 550 distance 22
0 431 259 375 219 193 563 178 550 
Vertex 551 distance 12
0 531 551 
Vertex 552 distance 14
0 431 259 375 552 
Vertex 553 distance 18
0 202 14 21 413 553 
Vertex 554 distance 18
0 358 507 420 6 278 157 554 
Vertex 555 distance 14
0 431 259 375 219 523 321 346 372 555 
Vertex 556 distance 14
0 531 105 556 
Vertex 557 distance 19
0 431 259 375 571 403 383 10 638 19 557 
Vertex 558 distance 17
0 531 558 
Vertex 559 distance 21
0 431 259 375 219 290 633 559 
Vertex 560 distance 19
0 158 637 173 560 
Vertex 561 distance 18
0 431 259 375 571 270 154 122 561 
Vertex 562 distance 13
0 406 562 
Vertex 563 distance 13
0 431 259 375 219 193 563 
Vertex 564 distance 22
0 431 259 375 571 198 102 461 352 542 564 
Vertex 565 distance 15
0 431 259 375 571 403 383 565 
Vertex 566 distance 20
0 431 259 375 571 253 392 566 
Vertex 567 distance 18
0 406 423 205 185 138 567 
Vertex 568 distance 21
0 431 259 375 219 290 422 583 568 
Vertex 569 distance 18
0 431 259 375 449 540 569 
Vertex 570 distance 14
0 431 259 375 571 253 322 160 570 
Vertex 571 distance 7
0 431 259 375 571 
Vertex 572 distance 25
0 202 578 572 
Vertex 573 distance 22
0 202 338 301 573 
Vertex 574 distance 19
0 607 89 307 574 
Vertex 575 distance 20
0 586 410 575 
Vertex 576 distance 15
0 406 423 205 576 
Vertex 577 distance 16
0 83 465 577 
Vertex 578 distance 15
0 202 578 
Vertex 579 distance 19
0 202 14 21 247 164 579 
Vertex 580 distance 18
0 431 259 375 219 523 321 346 522 580 
Vertex 581 distance 15
0 431 330 42 581 
Vertex 582 distance 15
0 406 544 582 
Vertex 583 distance 15
0 431 259 375 219 290 422 583 
Vertex 584 distance 20
0 431 259 375 219 523 321 346 372 7 584 
Vertex 585 distance 14
0 431 259 375 219 523 321 346 585 
Vertex 586 distance 15
0 586 
Vertex 587 distance 17
0 431 259 375 219 290 101 587 
Vertex 588 distance 18
0 51 225 588 
Vertex 589 distance 22
0 431 259 375 219 290 611 589 
Vertex 590 distance 18
0 431 330 300 370 210 114 590 
Vertex 591 distance 17
0 288 510 591 
Vertex 592 distance 15
0 431 259 375 219 262 592 
Vertex 593 distance 21
0 431 259 375 571 198 102 461 352 542 593 
Vertex 594 distance 19
0 51 594 
Vertex 595 distance 20
0 202 14 21 247 26 595 
Vertex 596 distance 20
0 202 578 409 543 596 
Vertex 597 distance 16
0 531 84 597 
Vertex 598 distance 20
0 202 14 21 247 164 598 
Vertex 599 distance 16
0 431 259 375 571 253 322 160 599 
Vertex 600 distance 18
0 431 259 375 219 523 636 194 600 
Vertex 601 distance 21
0 358 507 420 6 278 220 601 
Vertex 602 distance 17
0 431 259 375 219 290 422 81 602 
Vertex 603 distance 21
0 406 423 205 179 617 603 
Vertex 604 distance 11
0 431 330 453 604 
Vertex 605 distance 20
0 431 259 375 127 339 605 
Vertex 606 distance 19
0 431 259 375 219 523 636 149 606 
Vertex 607 distance 11
0 607 
Vertex 608 distance 21
0 406 28 293 608 
Vertex 609 distance 18
0 531 84 609 
Vertex 610 distance 21
0 202 338 357 491 335 610 
Vertex 611 distance 11
0 431 259 375 219 290 611 
Vertex 612 distance 23
0 431 259 375 219 290 422 74 612 
Vertex 613 distance 12
0 431 259 375 219 613 
Vertex 614 distance 11
0 288 614 
Vertex 615 distance 17
0 431 259 375 219 523 321 250 402 615 
Vertex 616 distance 17
0 431 259 375 571 253 322 160 570 517 616 
Vertex 617 distance 15
0 406 423 205 179 617 
Vertex 618 distance 19
0 431 259 375 219 290 422 583 618 
Vertex 619 distance 18
0 431 259 375 449 540 619 
Vertex 620 distance 25
0 431 259 375 571 270 251 234 545 97 620 
Vertex 621 distance 17
0 586 410 621 
Vertex 622 distance 17
0 431 259 375 571 403 95 622 
Vertex 623 distance 19
0 51 317 408 623 
Vertex 624 distance 19
0 431 259 375 449 540 619 624 
Vertex 625 distance 24
0 431 259 311 625 
Vertex 626 distance 13
0 431 259 375 571 626 
Vertex 627 distance 13
0 202 627 
Vertex 628 distance 25
0 531 105 556 527 5 628 
Vertex 629 distance 19
0 431 259 375 219 523 321 346 487 629 
Vertex 630 distance 27
0 431 259 375 219 262 630 
Vertex 631 distance 15
0 431 259 375 219 290 633 631 
Vertex 632 distance 16
0 431 259 375 571 198 102 632 
Vertex 633 distance 14
0 431 259 375 219 290 633 
Vertex 634 distance 15
0 51 336 448 634 
Vertex 635 distance 19
0 431 259 375 219 290 43 635 
Vertex 636 distance 12
0 431 259 375 219 523 636 
Vertex 637 distance 14
0 158 637 
Vertex 638 distance 16
0 431 259 375 571 403 383 10 638 
Vertex 639 distance 20
0 431 259 375 219 523 636 149 547 639 
