Vertex 0 distance 0
0 0 
Vertex 1 distance 28
0 229 189 24 86 56 1 
Vertex 2 distance 20
0 229 189 595 2 
Vertex 3 distance 25
0 521 55 44 3 
Vertex 4 distance 32
0 229 189 24 86 362 242 4 
Vertex 5 distance 29
0 229 189 120 502 573 5 
Vertex 6 distance 29
0 521 55 634 8 234 6 
Vertex 7 distance 30
0 229 189 120 502 339 288 7 
Vertex 8 distance 21
0 521 55 634 8 
Vertex 9 distance 29
0 421 370 628 182 9 
Vertex 10 distance 30
0 229 189 120 502 339 288 408 10 
Vertex 11 distance 30
0 229 189 24 86 337 90 11 
Vertex 12 distance 30
0 229 578 568 12 
Vertex 13 distance 23
0 521 55 634 8 13 
Vertex 14 distance 31
0 421 370 92 14 
Vertex 15 distance 34
0 229 189 120 282 312 621 225 15 
Vertex 16 distance 33
0 421 370 476 254 69 16 
Vertex 17 distance 27
0 229 189 120 220 187 113 17 
Vertex 18 distance 37
0 34 529 552 424 514 293 238 318 18 
Vertex 19 distance 44
0 521 55 634 8 499 243 549 570 19 
Vertex 20 distance 29
0 229 189 24 86 20 
Vertex 21 distance 30
0 276 613 304 21 
Vertex 22 distance 32
0 229 189 595 2 168 112 454 22 
Vertex 23 distance 32
0 229 189 120 282 312 299 23 
Vertex 24 distance 13
0 229 189 24 
Vertex 25 distance 33
0 229 189 595 373 25 
Vertex 26 distance 36
0 521 99 450 218 322 26 
Vertex 27 distance 29
0 229 27 
Vertex 28 distance 25
0 34 529 552 424 28 
Vertex 29 distance 31
0 229 189 24 86 211 169 29 
Vertex 30 distance 18
0 229 189 24 30 
Vertex 31 distance 31
0 521 55 634 8 234 31 
Vertex 32 distance 40
0 229 189 595 373 32 
Vertex 33 distance 27
0 421 370 476 33 
Vertex 34 distance 7
0 34 
Vertex 35 distance 21
0 229 189 35 
Vertex 36 distance 38
0 229 189 120 502 471 487 574 36 
Vertex 37 distance 32
0 521 55 634 8 499 243 549 37 
Vertex 38 distance 21
0 229 189 595 2 38 
Vertex 39 distance 36
0 229 189 24 86 211 62 39 
Vertex 40 distance 23
0 229 189 24 86 40 
Vertex 41 distance 24
0 229 189 24 559 41 
Vertex 42 distance 31
0 229 189 35 241 43 42 
Vertex 43 distance 29
0 229 189 35 241 43 
Vertex 44 distance 19
0 521 55 44 
Vertex 45 distance 30
0 521 393 277 45 
Vertex 46 distance 18
0 46 
Vertex 47 distance 37
0 229 27 47 
Vertex 48 distance 39
0 229 189 24 86 160 91 401 638 48 
Vertex 49 distance 28
0 421 370 476 254 49 
Vertex 50 distance 32
0 521 55 44 535 50 
Vertex 51 distance 31
0 276 613 304 21 51 
Vertex 52 distance 37
0 421 370 476 254 49 459 296 52 
Vertex 53 distance 33
0 229 189 24 86 211 169 53 
Vertex 54 distance 35
0 229 189 24 86 20 54 
Vertex 55 distance 18
0 521 55 
Vertex 56 distance 19
0 229 189 24 86 56 
Vertex 57 distance 35
0 46 136 57 
Vertex 58 distance 35
0 421 370 476 261 58 
Vertex 59 distance 39
0 229 189 24 30 236 359 432 516 59 
Vertex 60 distance 25
0 229 189 595 60 
Vertex 61 distance 41
0 34 529 552 424 28 452 61 
Vertex 62 distance 33
0 229 189 24 86 211 62 
Vertex 63 distance 42
0 521 55 634 462 184 444 63 
Vertex 64 distance 46
0 229 189 24 64 
Vertex 65 distance 39
0 229 189 595 2 168 112 65 
Vertex 66 distance 40
0 229 189 120 502 471 487 425 66 
Vertex 67 distance 34
0 421 370 476 254 67 
Vertex 68 distance 38
0 421 370 212 68 
Vertex 69 distance 25
0 421 370 476 254 69 
Vertex 70 distance 27
0 229 189 120 282 312 621 70 
Vertex 71 distance 39
0 229 189 24 86 337 125 148 171 89 71 
Vertex 72 distance 29
0 229 189 595 2 72 
Vertex 73 distance 23
0 421 195 73 
Vertex 74 distance 39
0 229 189 24 559 74 
Vertex 75 distance 35
0 276 613 304 21 51 274 223 75 
Vertex 76 distance 27
0 229 189 120 502 471 76 
Vertex 77 distance 26
0 229 189 120 502 339 77 
Vertex 78 distance 26
0 229 189 595 60 78 
Vertex 79 distance 31
0 229 189 120 282 312 621 79 
Vertex 80 distance 34
0 421 370 344 428 80 
Vertex 81 distance 40
0 521 55 548 289 81 
Vertex 82 distance 37
0 521 99 450 218 446 465 371 82 
Vertex 83 distance 34
0 229 189 120 282 83 
Vertex 84 distance 44
0 229 189 24 86 211 169 84 
Vertex 85 distance 55
0 276 613 245 530 85 
Vertex 86 distance 16
0 229 189 24 86 
Vertex 87 distance 28
0 229 189 24 87 
Vertex 88 distance 47
0 521 55 634 8 234 88 
Vertex 89 distance 34
0 229 189 24 86 337 125 148 171 89 
Vertex 90 distance 28
0 229 189 24 86 337 90 
Vertex 91 distance 24
0 229 189 24 86 160 91 
Vertex 92 distance 17
0 421 370 92 
Vertex 93 distance 21
0 521 55 44 93 
Vertex 94 distance 22
0 421 370 94 
Vertex 95 distance 34
0 521 166 95 
Vertex 96 distance 35
0 421 370 628 96 
Vertex 97 distance 37
0 421 370 476 254 69 482 97 
Vertex 98 distance 26
0 229 189 24 86 362 98 
Vertex 99 distance 19
0 521 99 
Vertex 100 distance 38
0 521 99 512 265 333 100 
Vertex 101 distance 42
0 421 195 463 101 
Vertex 102 distance 32
0 229 189 120 282 312 299 102 
Vertex 103 distance 24
0 521 103 
Vertex 104 distance 30
0 521 55 634 462 184 204 104 
Vertex 105 distance 38
0 421 370 476 254 49 105 
Vertex 106 distance 31
0 521 55 44 406 130 106 
Vertex 107 distance 51
0 229 189 595 2 168 112 454 22 107 
Vertex 108 distance 38
0 229 189 24 86 337 449 108 
Vertex 109 distance 28
0 421 370 476 109 
Vertex 110 distance 32
0 229 189 24 110 
Vertex 111 distance 44
0 229 189 120 220 187 113 111 
Vertex 112 distance 27
0 229 189 595 2 168 112 
Vertex 113 distance 25
0 229 189 120 220 187 113 
Vertex 114 distance 32
0 229 189 595 2 611 114 
Vertex 115 distance 33
0 229 189 24 86 160 91 612 115 
Vertex 116 distance 35
0 229 189 595 2 611 114 116 
Vertex 117 distance 35
0 229 189 120 282 312 398 117 
Vertex 118 distance 28
0 229 189 120 220 187 534 173 528 118 
Vertex 119 distance 38
0 229 189 24 86 337 125 340 596 119 
Vertex 120 distance 14
0 229 189 120 
Vertex 121 distance 29
0 229 189 120 220 381 154 121 
Vertex 122 distance 31
0 229 189 35 122 
Vertex 123 distance 35
0 421 370 476 109 123 
Vertex 124 distance 43
0 521 99 512 265 201 124 
Vertex 125 distance 24
0 229 189 24 86 337 125 
Vertex 126 distance 29
0 229 189 24 86 337 449 543 126 
Vertex 127 distance 38
0 229 214 127 
Vertex 128 distance 38
0 521 99 450 218 128 
Vertex 129 distance 28
0 421 370 129 
Vertex 130 distance 23
0 521 55 44 406 130 
Vertex 131 distance 42
0 521 99 450 218 446 465 371 131 
Vertex 132 distance 31
0 521 55 634 8 499 243 549 132 
Vertex 133 distance 37
0 421 195 73 133 
Vertex 134 distance 35
0 229 189 120 282 326 134 
Vertex 135 distance 34
0 521 55 135 
Vertex 136 distance 19
0 46 136 
Vertex 137 distance 33
0 229 189 120 282 312 299 23 137 
Vertex 138 distance 28
0 521 99 512 265 138 
Vertex 139 distance 47
0 229 189 24 86 56 1 139 
Vertex 140 distance 33
0 521 140 
Vertex 141 distance 33
0 421 370 350 141 
Vertex 142 distance 41
0 229 189 24 86 337 125 148 171 315 142 
Vertex 143 distance 35
0 34 529 552 424 514 293 631 143 
Vertex 144 distance 38
0 421 370 350 141 144 
Vertex 145 distance 30
0 421 195 145 
Vertex 146 distance 29
0 521 99 450 146 
Vertex 147 distance 40
0 229 189 120 282 326 134 147 
Vertex 148 distance 28
0 229 189 24 86 337 125 148 
Vertex 149 distance 52
0 229 189 120 502 471 487 425 149 
Vertex 150 distance 36
0 521 103 210 605 150 
Vertex 151 distance 34
0 46 151 
Vertex 152 distance 24
0 521 55 44 152 
Vertex 153 distance 41
0 229 189 120 220 381 154 460 153 
Vertex 154 distance 26
0 229 189 120 220 381 154 
Vertex 155 distance 26
0 421 412 155 
Vertex 156 distance 39
0 521 393 277 45 389 156 
Vertex 157 distance 40
0 521 99 450 218 446 302 157 
Vertex 158 distance 31
0 229 189 24 86 337 125 340 158 
Vertex 159 distance 23
0 421 159 
Vertex 160 distance 17
0 229 189 24 86 160 
Vertex 161 distance 35
0 521 55 44 161 
Vertex 162 distance 35
0 229 189 595 60 78 162 
Vertex 163 distance 28
0 276 163 
Vertex 164 distance 34
0 421 370 476 33 164 
Vertex 165 distance 28
0 276 196 343 165 
Vertex 166 distance 23
0 521 166 
Vertex 167 distance 25
0 421 370 92 167 
Vertex 168 distance 26
0 229 189 595 2 168 
Vertex 169 distance 29
0 229 189 24 86 211 169 
Vertex 170 distance 40
0 229 189 215 422 170 
Vertex 171 distance 30
0 229 189 24 86 337 125 148 171 
Vertex 172 distance 26
0 229 189 24 86 160 91 172 
Vertex 173 distance 24
0 229 189 120 220 187 534 173 
Vertex 174 distance 49
0 229 189 595 2 611 114 116 174 
Vertex 175 distance 27
0 34 529 175 
Vertex 176 distance 41
0 229 189 24 559 330 176 
Vertex 177 distance 48
0 276 613 304 21 51 327 177 
Vertex 178 distance 38
0 421 370 350 178 
Vertex 179 distance 32
0 276 196 343 165 179 
Vertex 180 distance 40
0 229 189 120 502 471 487 574 180 
Vertex 181 distance 40
0 34 529 181 
Vertex 182 distance 25
0 421 370 628 182 
Vertex 183 distance 33
0 521 99 450 146 183 
Vertex 184 distance 23
0 521 55 634 462 184 
Vertex 185 distance 40
0 521 55 634 8 499 243 549 570 185 
Vertex 186 distance 40
0 521 55 634 462 184 444 186 
Vertex 187 distance 22
0 229 189 120 220 187 
Vertex 188 distance 30
0 521 55 44 152 188 
Vertex 189 distance 10
0 229 189 
Vertex 190 distance 25
0 34 529 552 190 
Vertex 191 distance 36
0 421 370 129 582 468 191 
Vertex 192 distance 35
0 229 189 24 86 211 579 192 
Vertex 193 distance 36
0 421 370 129 193 
Vertex 194 distance 28
0 229 189 595 2 168 194 
Vertex 195 distance 17
0 421 195 
Vertex 196 distance 19
0 276 196 
Vertex 197 distance 34
0 521 55 634 8 499 437 197 
Vertex 198 distance 31
0 229 189 120 220 187 198 
Vertex 199 distance 40
0 229 189 35 241 43 42 199 
Vertex 200 distance 37
0 229 189 24 110 200 
Vertex 201 distance 30
0 521 99 512 265 201 
Vertex 202 distance 29
0 421 370 202 
Vertex 203 distance 37
0 229 189 595 373 203 
Vertex 204 distance 29
0 521 55 634 462 184 204 
Vertex 205 distance 26
0 229 189 24 86 160 91 205 
Vertex 206 distance 39
0 229 189 24 86 337 90 206 
Vertex 207 distance 38
0 421 370 476 254 594 213 207 
Vertex 208 distance 28
0 229 189 595 2 38 208 
Vertex 209 distance 32
0 34 529 552 424 514 209 
Vertex 210 distance 25
0 521 103 210 
Vertex 211 distance 26
0 229 189 24 86 211 
Vertex 212 distance 35
0 421 370 212 
Vertex 213 distance 33
0 421 370 476 254 594 213 
Vertex 214 distance 23
0 229 214 
Vertex 215 distance 14
0 229 189 215 
Vertex 216 distance 42
0 521 99 450 146 183 216 
Vertex 217 distance 33
0 521 55 634 8 13 217 
Vertex 218 distance 29
0 521 99 450 218 
Vertex 219 distance 41
0 521 55 634 294 219 
Vertex 220 distance 19
0 229 189 120 220 
Vertex 221 distance 30
0 229 189 595 2 38 221 
Vertex 222 distance 47
0 229 189 120 220 187 534 173 383 222 
Vertex 223 distance 34
0 276 613 304 21 51 274 223 
Vertex 224 distance 36
0 421 370 129 358 224 
Vertex 225 distance 32
0 229 189 120 282 312 621 225 
Vertex 226 distance 30
0 229 189 120 282 312 621 70 226 
Vertex 227 distance 35
0 229 189 120 220 187 534 173 227 
Vertex 228 distance 33
0 34 529 228 
Vertex 229 distance 8
0 229 
Vertex 230 distance 27
0 229 189 24 86 337 125 230 
Vertex 231 distance 27
0 229 189 24 30 233 231 
Vertex 232 distance 34
0 229 189 595 2 38 232 
Vertex 233 distance 19
0 229 189 24 30 233 
Vertex 234 distance 23
0 521 55 634 8 234 
Vertex 235 distance 37
0 521 55 44 535 235 
Vertex 236 distance 22
0 229 189 24 30 236 
Vertex 237 distance 31
0 421 370 476 254 594 237 
Vertex 238 distance 31
0 34 529 552 424 514 293 238 
Vertex 239 distance 35
0 521 166 95 239 
Vertex 240 distance 43
0 229 189 120 220 187 113 17 240 
Vertex 241 distance 25
0 229 189 35 241 
Vertex 242 distance 28
0 229 189 24 86 362 242 
Vertex 243 distance 28
0 521 55 634 8 499 243 
Vertex 244 distance 25
0 421 412 244 
Vertex 245 distance 34
0 276 613 245 
Vertex 246 distance 28
0 34 529 552 424 514 246 
Vertex 247 distance 34
0 421 370 476 254 69 16 247 
Vertex 248 distance 26
0 421 195 463 248 
Vertex 249 distance 31
0 421 412 155 464 249 
Vertex 250 distance 32
0 521 55 377 250 
Vertex 251 distance 37
0 421 370 129 193 251 
Vertex 252 distance 37
0 421 412 155 464 252 
Vertex 253 distance 39
0 229 189 215 447 253 
Vertex 254 distance 24
0 421 370 476 254 
Vertex 255 distance 36
0 229 578 255 
Vertex 256 distance 34
0 229 189 120 502 471 487 574 256 
Vertex 257 distance 36
0 229 189 409 257 
Vertex 258 distance 28
0 229 189 120 483 258 
Vertex 259 distance 45
0 421 352 518 505 472 259 
Vertex 260 distance 37
0 521 55 44 535 263 260 
Vertex 261 distance 28
0 421 370 476 261 
Vertex 262 distance 33
0 229 189 215 447 262 
Vertex 263 distance 30
0 521 55 44 535 263 
Vertex 264 distance 43
0 521 55 44 264 
Vertex 265 distance 27
0 521 99 512 265 
Vertex 266 distance 32
0 521 166 501 266 
Vertex 267 distance 27
0 267 
Vertex 268 distance 32
0 229 189 595 2 168 112 268 
Vertex 269 distance 36
0 229 189 24 86 337 449 360 269 
Vertex 270 distance 33
0 276 163 270 
Vertex 271 distance 42
0 521 55 634 462 184 204 104 451 271 
Vertex 272 distance 42
0 521 99 512 291 517 272 
Vertex 273 distance 30
0 229 273 
Vertex 274 distance 32
0 276 613 304 21 51 274 
Vertex 275 distance 33
0 521 55 634 462 486 496 275 
Vertex 276 distance 18
0 276 
Vertex 277 distance 23
0 521 393 277 
Vertex 278 distance 23
0 229 189 24 559 278 
Vertex 279 distance 39
0 46 136 303 279 
Vertex 280 distance 23
0 421 280 
Vertex 281 distance 33
0 521 99 512 281 
Vertex 282 distance 19
0 229 189 120 282 
Vertex 283 distance 34
0 421 280 283 
Vertex 284 distance 50
0 229 189 24 30 236 359 432 516 59 284 
Vertex 285 distance 27
0 421 195 73 285 
Vertex 286 distance 38
0 229 189 35 286 
Vertex 287 distance 33
0 229 189 24 86 160 91 612 287 
Vertex 288 distance 23
0 229 189 120 502 339 288 
Vertex 289 distance 22
0 521 55 548 289 
Vertex 290 distance 32
0 421 412 467 290 
Vertex 291 distance 30
0 521 99 512 291 
Vertex 292 distance 29
0 229 189 24 559 41 390 292 
Vertex 293 distance 26
0 34 529 552 424 514 293 
Vertex 294 distance 29
0 521 55 634 294 
Vertex 295 distance 33
0 421 412 493 504 295 
Vertex 296 distance 35
0 421 370 476 254 49 459 296 
Vertex 297 distance 30
0 421 195 73 297 
Vertex 298 distance 35
0 521 393 277 45 298 
Vertex 299 distance 23
0 229 189 120 282 312 299 
Vertex 300 distance 28
0 276 300 
Vertex 301 distance 28
0 229 189 24 86 301 
Vertex 302 distance 38
0 521 99 450 218 446 302 
Vertex 303 distance 35
0 46 136 303 
Vertex 304 distance 26
0 276 613 304 
Vertex 305 distance 35
0 229 189 120 282 312 621 338 328 305 
Vertex 306 distance 39
0 229 578 255 306 
Vertex 307 distance 39
0 421 195 73 317 399 307 
Vertex 308 distance 42
0 521 55 634 462 486 544 308 
Vertex 309 distance 31
0 276 163 309 
Vertex 310 distance 40
0 421 195 73 317 310 
Vertex 311 distance 37
0 421 412 493 311 
Vertex 312 distance 20
0 229 189 120 282 312 
Vertex 313 distance 36
0 421 370 629 313 
Vertex 314 distance 38
0 229 189 24 86 211 623 314 
Vertex 315 distance 39
0 229 189 24 86 337 125 148 171 315 
Vertex 316 distance 37
0 229 189 595 2 38 316 
Vertex 317 distance 33
0 421 195 73 317 
Vertex 318 distance 35
0 34 529 552 424 514 293 238 318 
Vertex 319 distance 35
0 276 613 304 319 
Vertex 320 distance 31
0 229 189 24 86 362 320 
Vertex 321 distance 42
0 421 370 628 182 9 321 
Vertex 322 distance 31
0 521 99 450 218 322 
Vertex 323 distance 42
0 229 635 323 
Vertex 324 distance 43
0 34 529 552 324 
Vertex 325 distance 42
0 276 196 343 547 325 
Vertex 326 distance 34
0 229 189 120 282 326 
Vertex 327 distance 34
0 276 613 304 21 51 327 
Vertex 328 distance 30
0 229 189 120 282 312 621 338 328 
Vertex 329 distance 39
0 421 370 476 329 
Vertex 330 distance 31
0 229 189 24 559 330 
Vertex 331 distance 41
0 229 189 120 282 312 621 225 331 
Vertex 332 distance 30
0 229 189 120 282 312 299 387 332 
Vertex 333 distance 28
0 521 99 512 265 333 
Vertex 334 distance 28
0 229 189 120 220 187 534 173 334 
Vertex 335 distance 31
0 229 189 24 86 160 91 172 522 335 
Vertex 336 distance 36
0 229 189 24 86 337 90 336 
Vertex 337 distance 23
0 229 189 24 86 337 
Vertex 338 distance 27
0 229 189 120 282 312 621 338 
Vertex 339 distance 20
0 229 189 120 502 339 
Vertex 340 distance 26
0 229 189 24 86 337 125 340 
Vertex 341 distance 37
0 229 189 595 2 168 539 341 
Vertex 342 distance 37
0 421 370 344 428 80 492 342 
Vertex 343 distance 25
0 276 196 343 
Vertex 344 distance 16
0 421 370 344 
Vertex 345 distance 29
0 229 189 120 483 345 
Vertex 346 distance 32
0 421 370 129 346 
Vertex 347 distance 33
0 229 189 120 220 347 
Vertex 348 distance 34
0 421 370 476 254 594 237 348 
Vertex 349 distance 33
0 229 189 595 2 168 583 386 349 
Vertex 350 distance 28
0 421 370 350 
Vertex 351 distance 65
0 229 189 595 2 611 351 
Vertex 352 distance 16
0 421 352 
Vertex 353 distance 29
0 229 189 595 60 78 353 
Vertex 354 distance 35
0 421 370 350 354 
Vertex 355 distance 40
0 421 370 629 355 
Vertex 356 distance 35
0 421 412 493 356 
Vertex 357 distance 44
0 229 189 24 86 20 357 
Vertex 358 distance 34
0 421 370 129 358 
Vertex 359 distance 24
0 229 189 24 30 236 359 
Vertex 360 distance 25
0 229 189 24 86 337 449 360 
Vertex 361 distance 35
0 229 189 120 502 471 76 367 361 
Vertex 362 distance 24
0 229 189 24 86 362 
Vertex 363 distance 36
0 521 55 44 152 188 363 
Vertex 364 distance 37
0 421 280 283 364 
Vertex 365 distance 36
0 229 189 120 502 365 
Vertex 366 distance 41
0 229 189 24 86 337 125 340 158 366 
Vertex 367 distance 33
0 229 189 120 502 471 76 367 
Vertex 368 distance 32
0 521 55 634 8 499 243 368 
Vertex 369 distance 35
0 229 189 120 502 339 288 408 369 
Vertex 370 distance 14
0 421 370 
Vertex 371 distance 35
0 521 99 450 218 446 465 371 
Vertex 372 distance 30
0 229 189 120 220 187 113 17 372 
Vertex 373 distance 30
0 229 189 595 373 
Vertex 374 distance 42
0 521 99 450 218 128 374 
Vertex 375 distance 32
0 229 189 120 502 471 375 
Vertex 376 distance 44
0 229 189 595 2 168 407 423 591 376 
Vertex 377 distance 30
0 521 55 377 
Vertex 378 distance 32
0 229 189 120 483 345 378 
Vertex 379 distance 31
0 229 189 24 86 160 379 
Vertex 380 distance 23
0 521 55 634 462 380 
Vertex 381 distance 25
0 229 189 120 220 381 
Vertex 382 distance 27
0 229 189 24 30 233 382 
Vertex 383 distance 32
0 229 189 120 220 187 534 173 383 
Vertex 384 distance 33
0 521 393 277 45 389 384 
Vertex 385 distance 38
0 34 529 552 424 514 293 238 318 385 
Vertex 386 distance 30
0 229 189 595 2 168 583 386 
Vertex 387 distance 28
0 229 189 120 282 312 299 387 
Vertex 388 distance 34
0 229 189 24 86 362 242 388 
Vertex 389 distance 32
0 521 393 277 45 389 
Vertex 390 distance 28
0 229 189 24 559 41 390 
Vertex 391 distance 31
0 229 189 24 86 160 91 172 522 391 
Vertex 392 distance 39
0 521 55 44 535 263 392 
Vertex 393 distance 22
0 521 393 
Vertex 394 distance 43
0 421 370 92 394 
Vertex 395 distance 39
0 229 189 24 86 56 395 
Vertex 396 distance 33
0 229 189 120 483 396 
Vertex 397 distance 37
0 521 55 44 535 263 397 
Vertex 398 distance 28
0 229 189 120 282 312 398 
Vertex 399 distance 38
0 421 195 73 317 399 
Vertex 400 distance 48
0 229 189 120 282 312 416 400 
Vertex 401 distance 33
0 229 189 24 86 160 91 401 
Vertex 402 distance 38
0 229 189 120 483 345 378 402 
Vertex 403 distance 42
0 229 189 595 60 78 353 403 
Vertex 404 distance 27
0 229 189 595 60 404 
Vertex 405 distance 32
0 229 189 120 220 187 534 173 528 118 405 
Vertex 406 distance 22
0 521 55 44 406 
Vertex 407 distance 29
0 229 189 595 2 168 407 
Vertex 408 distance 28
0 229 189 120 502 339 288 408 
Vertex 409 distance 33
0 229 189 409 
Vertex 410 distance 38
0 229 189 24 559 278 592 410 
Vertex 411 distance 36
0 521 55 44 535 50 411 
Vertex 412 distance 21
0 421 412 
Vertex 413 distance 36
0 521 55 634 8 13 413 
Vertex 414 distance 41
0 421 412 155 464 252 414 
Vertex 415 distance 32
0 421 195 463 415 
Vertex 416 distance 34
0 229 189 120 282 312 416 
Vertex 417 distance 31
0 229 189 120 502 339 417 
Vertex 418 distance 44
0 421 370 476 33 418 
Vertex 419 distance 50
0 521 99 512 291 517 272 419 
Vertex 420 distance 36
0 229 189 120 282 312 299 23 137 420 
Vertex 421 distance 10
0 421 
Vertex 422 distance 34
0 229 189 215 422 
Vertex 423 distance 30
0 229 189 595 2 168 407 423 
Vertex 424 distance 21
0 34 529 552 424 
Vertex 425 distance 35
0 229 189 120 502 471 487 425 
Vertex 426 distance 40
0 34 529 552 190 426 
Vertex 427 distance 43
0 229 189 24 86 20 54 427 
Vertex 428 distance 28
0 421 370 344 428 
Vertex 429 distance 30
0 521 55 44 406 429 
Vertex 430 distance 32
0 421 412 430 
Vertex 431 distance 31
0 229 189 120 220 187 113 431 
Vertex 432 distance 32
0 229 189 24 30 236 359 432 
Vertex 433 distance 40
0 421 370 344 428 433 
Vertex 434 distance 34
0 421 352 518 434 
Vertex 435 distance 34
0 229 273 435 
Vertex 436 distance 36
0 436 
Vertex 437 distance 33
0 521 55 634 8 499 437 
Vertex 438 distance 31
0 229 189 120 282 312 299 387 332 438 
Vertex 439 distance 29
0 421 195 463 439 
Vertex 440 distance 31
0 229 189 24 440 
Vertex 441 distance 33
0 521 55 548 441 
Vertex 442 distance 37
0 229 189 24 30 236 359 432 516 442 
Vertex 443 distance 26
0 229 189 24 86 337 449 360 443 
Vertex 444 distance 27
0 521 55 634 462 184 444 
Vertex 445 distance 38
0 276 613 304 21 445 
Vertex 446 distance 30
0 521 99 450 218 446 
Vertex 447 distance 29
0 229 189 215 447 
Vertex 448 distance 31
0 521 55 634 462 486 544 448 
Vertex 449 distance 24
0 229 189 24 86 337 449 
Vertex 450 distance 27
0 521 99 450 
Vertex 451 distance 34
0 521 55 634 462 184 204 104 451 
Vertex 452 distance 33
0 34 529 552 424 28 452 
Vertex 453 distance 34
0 421 370 476 254 49 459 477 453 
Vertex 454 distance 31
0 229 189 595 2 168 112 454 
Vertex 455 distance 42
0 229 189 120 220 455 
Vertex 456 distance 34
0 421 370 202 456 
Vertex 457 distance 35
0 229 189 595 2 38 208 457 
Vertex 458 distance 46
0 229 189 120 220 187 113 17 240 458 
Vertex 459 distance 29
0 421 370 476 254 49 459 
Vertex 460 distance 31
0 229 189 120 220 381 154 460 
Vertex 461 distance 37
0 229 189 595 60 78 589 461 
Vertex 462 distance 21
0 521 55 634 462 
Vertex 463 distance 23
0 421 195 463 
Vertex 464 distance 30
0 421 412 155 464 
Vertex 465 distance 32
0 521 99 450 218 446 465 
Vertex 466 distance 26
0 34 529 552 424 28 466 
Vertex 467 distance 25
0 421 412 467 
Vertex 468 distance 30
0 421 370 129 582 468 
Vertex 469 distance 33
0 229 189 120 220 187 534 469 
Vertex 470 distance 39
0 421 370 129 470 
Vertex 471 distance 24
0 229 189 120 502 471 
Vertex 472 distance 41
0 421 352 518 505 472 
Vertex 473 distance 47
0 229 189 120 483 345 378 402 473 
Vertex 474 distance 44
0 229 189 595 2 168 583 386 349 474 
Vertex 475 distance 34
0 521 55 634 8 499 537 475 
Vertex 476 distance 22
0 421 370 476 
Vertex 477 distance 30
0 421 370 476 254 49 459 477 
Vertex 478 distance 41
0 421 370 476 254 49 459 478 
Vertex 479 distance 37
0 421 370 476 254 594 479 
Vertex 480 distance 33
0 229 189 120 220 187 534 480 
Vertex 481 distance 32
0 521 55 44 93 481 
Vertex 482 distance 29
0 421 370 476 254 69 482 
Vertex 483 distance 26
0 229 189 120 483 
Vertex 484 distance 33
0 229 189 24 484 
Vertex 485 distance 37
0 229 189 24 86 337 90 336 485 
Vertex 486 distance 22
0 521 55 634 462 486 
Vertex 487 distance 26
0 229 189 120 502 471 487 
Vertex 488 distance 34
0 229 189 595 60 404 488 
Vertex 489 distance 37
0 229 489 
Vertex 490 distance 48
0 421 370 202 490 
Vertex 491 distance 48
0 229 189 24 86 337 449 543 126 491 
Vertex 492 distance 36
0 421 370 344 428 80 492 
Vertex 493 distance 28
0 421 412 493 
Vertex 494 distance 29
0 229 189 595 60 494 
Vertex 495 distance 24
0 421 370 92 495 
Vertex 496 distance 32
0 521 55 634 462 486 496 
Vertex 497 distance 30
0 229 189 24 86 40 497 
Vertex 498 distance 40
0 34 632 498 
Vertex 499 distance 27
0 521 55 634 8 499 
Vertex 500 distance 34
0 229 189 24 559 278 500 
Vertex 501 distance 27
0 521 166 501 
Vertex 502 distance 18
0 229 189 120 502 
Vertex 503 distance 41
0 521 99 512 291 503 
Vertex 504 distance 32
0 421 412 493 504 
Vertex 505 distance 39
0 421 352 518 505 
Vertex 506 distance 38
0 521 55 548 506 
Vertex 507 distance 40
0 421 280 283 507 
Vertex 508 distance 40
0 229 508 
Vertex 509 distance 35
0 229 189 595 2 72 509 
Vertex 510 distance 33
0 421 352 510 
Vertex 511 distance 38
0 421 370 476 254 594 479 511 
Vertex 512 distance 26
0 521 99 512 
Vertex 513 distance 34
0 229 189 24 86 337 449 543 126 513 
Vertex 514 distance 24
0 34 529 552 424 514 
Vertex 515 distance 31
0 421 370 476 33 515 
Vertex 516 distance 35
0 229 189 24 30 236 359 432 516 
Vertex 517 distance 36
0 521 99 512 291 517 
Vertex 518 distance 25
0 421 352 518 
Vertex 519 distance 30
0 229 578 604 519 
Vertex 520 distance 36
0 229 189 24 86 160 91 612 520 
Vertex 521 distance 16
0 521 
Vertex 522 distance 29
0 229 189 24 86 160 91 172 522 
Vertex 523 distance 39
0 229 189 120 220 187 534 173 383 523 
Vertex 524 distance 34
0 521 55 634 462 184 444 524 
Vertex 525 distance 25
0 521 55 634 8 13 525 
Vertex 526 distance 35
0 229 189 24 86 160 91 612 287 526 
Vertex 527 distance 39
0 229 189 595 2 168 194 527 
Vertex 528 distance 27
0 229 189 120 220 187 534 173 528 
Vertex 529 distance 18
0 34 529 
Vertex 530 distance 37
0 276 613 245 530 
Vertex 531 distance 43
0 421 280 283 507 531 
Vertex 532 distance 33
0 229 189 595 60 78 589 532 
Vertex 533 distance 34
0 229 189 24 86 160 91 172 522 391 533 
Vertex 534 distance 23
0 229 189 120 220 187 534 
Vertex 535 distance 25
0 521 55 44 535 
Vertex 536 distance 48
0 229 189 24 86 160 91 205 536 
Vertex 537 distance 28
0 521 55 634 8 499 537 
Vertex 538 distance 48
0 436 538 
Vertex 539 distance 30
0 229 189 595 2 168 539 
Vertex 540 distance 44
0 521 55 634 294 219 540 
Vertex 541 distance 38
0 521 55 634 8 13 217 541 
Vertex 542 distance 39
0 229 189 120 502 471 487 574 542 
Vertex 543 distance 25
0 229 189 24 86 337 449 543 
Vertex 544 distance 30
0 521 55 634 462 486 544 
Vertex 545 distance 35
0 229 189 24 86 337 125 230 545 
Vertex 546 distance 31
0 421 370 476 261 546 
Vertex 547 distance 36
0 276 196 343 547 
Vertex 548 distance 20
0 521 55 548 
Vertex 549 distance 30
0 521 55 634 8 499 243 549 
Vertex 550 distance 37
0 229 189 24 86 211 169 550 
Vertex 551 distance 34
0 229 578 568 551 
Vertex 552 distance 20
0 34 529 552 
Vertex 553 distance 40
0 229 189 120 502 471 487 574 542 553 
Vertex 554 distance 42
0 229 189 120 220 554 
Vertex 555 distance 45
0 521 393 555 
Vertex 556 distance 31
0 521 55 634 462 380 601 556 
Vertex 557 distance 36
0 421 370 476 33 515 557 
Vertex 558 distance 43
0 421 412 467 290 558 
Vertex 559 distance 18
0 229 189 24 559 
Vertex 560 distance 32
0 229 189 120 502 471 560 
Vertex 561 distance 35
0 521 55 44 535 561 
Vertex 562 distance 34
0 229 189 595 60 404 562 
Vertex 563 distance 44
0 229 189 120 282 312 299 563 
Vertex 564 distance 49
0 421 370 129 358 564 
Vertex 565 distance 33
0 229 189 120 282 312 565 
Vertex 566 distance 33
0 229 189 595 2 611 114 566 
Vertex 567 distance 44
0 421 195 73 317 567 
Vertex 568 distance 23
0 229 578 568 
Vertex 569 distance 45
0 229 578 255 569 
Vertex 570 distance 31
0 521 55 634 8 499 243 549 570 
Vertex 571 distance 42
0 521 55 634 8 13 413 571 
Vertex 572 distance 47
0 229 189 120 502 572 
Vertex 573 distance 26
0 229 189 120 502 573 
Vertex 574 distance 29
0 229 189 120 502 471 487 574 
Vertex 575 distance 52
0 229 189 24 86 56 395 575 
Vertex 576 distance 49
0 521 55 634 8 13 633 576 
Vertex 577 distance 48
0 421 370 344 428 80 577 
Vertex 578 distance 19
0 229 578 
Vertex 579 distance 30
0 229 189 24 86 211 579 
Vertex 580 distance 37
0 521 55 44 152 188 363 580 
Vertex 581 distance 33
0 521 103 210 581 
Vertex 582 distance 29
0 421 370 129 582 
Vertex 583 distance 27
0 229 189 595 2 168 583 
Vertex 584 distance 34
0 521 140 584 
Vertex 585 distance 41
0 521 99 450 218 446 465 371 585 
Vertex 586 distance 35
0 521 99 512 265 333 586 
Vertex 587 distance 55
0 521 55 44 535 235 587 
Vertex 588 distance 31
0 229 189 24 559 588 
Vertex 589 distance 30
0 229 189 595 60 78 589 
Vertex 590 distance 26
0 229 189 595 590 
Vertex 591 distance 31
0 229 189 595 2 168 407 423 591 
Vertex 592 distance 28
0 229 189 24 559 278 592 
Vertex 593 distance 33
0 229 189 24 86 337 90 11 593 
Vertex 594 distance 30
0 421 370 476 254 594 
Vertex 595 distance 19
0 229 189 595 
Vertex 596 distance 36
0 229 189 24 86 337 125 340 596 
Vertex 597 distance 32
0 421 370 92 14 597 
Vertex 598 distance 40
0 46 136 303 598 
Vertex 599 distance 33
0 421 370 92 14 597 599 
Vertex 600 distance 37
0 229 189 24 86 337 90 336 600 
Vertex 601 distance 30
0 521 55 634 462 380 601 
Vertex 602 distance 33
0 229 602 
Vertex 603 distance 37
0 229 189 120 502 471 76 367 361 603 
Vertex 604 distance 28
0 229 578 604 
Vertex 605 distance 26
0 521 103 210 605 
Vertex 606 distance 36
0 521 99 450 218 446 465 606 
Vertex 607 distance 45
0 229 189 120 220 187 113 17 607 
Vertex 608 distance 29
0 229 189 24 86 160 91 608 
Vertex 609 distance 32
0 229 189 24 86 56 1 609 
Vertex 610 distance 34
0 229 189 24 86 56 1 609 610 
Vertex 611 distance 22
0 229 189 595 2 611 
Vertex 612 distance 30
0 229 189 24 86 160 91 612 
Vertex 613 distance 25
0 276 613 
Vertex 614 distance 46
0 229 189 24 86 337 125 148 171 614 
Vertex 615 distance 38
0 229 189 120 502 471 375 615 
Vertex 616 distance 35
0 229 189 595 2 168 194 616 
Vertex 617 distance 40
0 421 370 476 33 515 617 
Vertex 618 distance 42
0 229 189 24 86 337 449 360 269 618 
Vertex 619 distance 51
0 229 189 24 86 211 623 619 
Vertex 620 distance 27
0 229 635 620 
Vertex 621 distance 25
0 229 189 120 282 312 621 
Vertex 622 distance 37
0 34 632 622 
Vertex 623 distance 32
0 229 189 24 86 211 623 
Vertex 624 distance 35
0 229 189 595 2 611 624 
Vertex 625 distance 34
0 276 163 625 
Vertex 626 distance 37
0 34 529 552 424 28 626 
Vertex 627 distance 40
0 276 300 627 
Vertex 628 distance 22
0 421 370 628 
Vertex 629 distance 35
0 421 370 629 
Vertex 630 distance 42
0 229 189 215 630 
Vertex 631 distance 31
0 34 529 552 424 514 293 631 
Vertex 632 distance 29
0 34 632 
Vertex 633 distance 39
0 521 55 634 8 13 633 
Vertex 634 distance 19
0 521 55 634 
Vertex 635 distance 19
0 229 635 
Vertex 636 distance 31
0 421 412 155 464 636 
Vertex 637 distance 37
0 421 370 628 637 
Vertex 638 distance 37
0 229 189 24 86 160 91 401 638 
Vertex 639 distance 48
0 34 632 622 639 
