Vertex 0 distance 0
0 0 
Vertex 1 distance 28
0 276 166 280 8 1 
Vertex 2 distance 17
0 276 435 298 452 2 
Vertex 3 distance 18
0 301 63 545 517 73 247 3 
Vertex 4 distance 19
0 301 537 317 599 10 4 
Vertex 5 distance 17
0 301 410 59 138 249 5 
Vertex 6 distance 18
0 301 518 628 43 197 126 6 
Vertex 7 distance 13
0 301 96 7 
Vertex 8 distance 10
0 276 166 280 8 
Vertex 9 distance 12
0 301 537 300 367 12 9 
Vertex 10 distance 10
0 301 537 317 599 10 
Vertex 11 distance 16
0 301 63 11 
Vertex 12 distance 10
0 301 537 300 367 12 
Vertex 13 distance 22
0 276 166 497 122 447 13 
Vertex 14 distance 21
0 276 435 298 616 266 38 14 
Vertex 15 distance 15
0 276 435 75 67 15 
Vertex 16 distance 22
0 276 435 298 616 266 168 54 311 16 
Vertex 17 distance 17
0 276 435 181 602 17 
Vertex 18 distance 11
0 301 18 
Vertex 19 distance 16
0 276 435 298 616 266 38 113 19 
Vertex 20 distance 20
0 301 410 308 533 20 
Vertex 21 distance 22
0 276 435 75 550 57 310 530 21 
Vertex 22 distance 16
0 301 63 545 390 220 22 
Vertex 23 distance 16
0 276 166 280 222 61 23 
Vertex 24 distance 14
0 301 410 59 314 432 24 
Vertex 25 distance 18
0 301 410 308 303 25 
Vertex 26 distance 16
0 301 537 300 367 107 176 305 26 
Vertex 27 distance 13
0 276 166 280 8 27 
Vertex 28 distance 24
0 200 28 
Vertex 29 distance 15
0 301 518 628 620 29 
Vertex 30 distance 22
0 301 63 350 30 
Vertex 31 distance 19
0 276 435 298 616 266 38 113 31 
Vertex 32 distance 17
0 301 410 59 335 32 
Vertex 33 distance 17
0 301 537 300 367 12 419 33 
Vertex 34 distance 11
0 301 537 317 34 
Vertex 35 distance 22
0 301 63 545 517 309 263 35 
Vertex 36 distance 18
0 301 63 36 
Vertex 37 distance 9
0 301 537 300 37 
Vertex 38 distance 13
0 276 435 298 616 266 38 
Vertex 39 distance 15
0 301 410 308 303 39 
Vertex 40 distance 17
0 301 410 59 314 432 24 40 
Vertex 41 distance 19
0 276 166 280 8 27 392 41 
Vertex 42 distance 21
0 301 537 300 367 107 176 305 227 42 
Vertex 43 distance 12
0 301 518 628 43 
Vertex 44 distance 17
0 301 537 317 599 74 494 44 
Vertex 45 distance 21
0 301 537 300 367 107 238 45 
Vertex 46 distance 8
0 276 435 46 
Vertex 47 distance 19
0 301 537 317 599 10 534 47 
Vertex 48 distance 22
0 276 435 75 625 48 
Vertex 49 distance 14
0 301 537 300 367 491 253 49 
Vertex 50 distance 14
0 301 410 308 303 378 50 
Vertex 51 distance 17
0 607 51 
Vertex 52 distance 24
0 276 435 75 52 
Vertex 53 distance 14
0 301 537 317 599 53 
Vertex 54 distance 14
0 276 435 298 616 266 168 54 
Vertex 55 distance 14
0 276 435 181 564 270 55 
Vertex 56 distance 19
0 301 410 59 439 191 556 90 56 
Vertex 57 distance 13
0 276 435 75 550 57 
Vertex 58 distance 13
0 301 518 357 58 
Vertex 59 distance 7
0 301 410 59 
Vertex 60 distance 17
0 301 410 580 60 
Vertex 61 distance 8
0 276 166 280 222 61 
Vertex 62 distance 21
0 94 62 
Vertex 63 distance 7
0 301 63 
Vertex 64 distance 10
0 301 518 64 
Vertex 65 distance 16
0 301 518 628 620 29 65 
Vertex 66 distance 6
0 66 
Vertex 67 distance 12
0 276 435 75 67 
Vertex 68 distance 15
0 276 435 46 406 68 
Vertex 69 distance 11
0 66 69 
Vertex 70 distance 16
0 301 537 300 367 12 70 
Vertex 71 distance 16
0 301 63 264 71 
Vertex 72 distance 18
0 301 63 545 517 72 
Vertex 73 distance 12
0 301 63 545 517 73 
Vertex 74 distance 11
0 301 537 317 599 74 
Vertex 75 distance 9
0 276 435 75 
Vertex 76 distance 17
0 301 63 100 76 
Vertex 77 distance 16
0 607 532 77 
Vertex 78 distance 18
0 276 435 75 625 561 78 
Vertex 79 distance 17
0 301 410 580 79 
Vertex 80 distance 12
0 301 410 59 314 80 
Vertex 81 distance 14
0 301 537 300 367 107 176 305 81 
Vertex 82 distance 19
0 276 435 75 539 82 
Vertex 83 distance 17
0 276 435 75 625 272 215 83 
Vertex 84 distance 19
0 301 537 300 367 107 176 305 227 562 84 
Vertex 85 distance 20
0 276 435 75 133 437 110 265 372 85 
Vertex 86 distance 17
0 276 435 298 86 
Vertex 87 distance 15
0 301 537 300 109 87 
Vertex 88 distance 15
0 301 410 59 314 88 
Vertex 89 distance 17
0 94 98 89 
Vertex 90 distance 18
0 301 410 59 439 191 556 90 
Vertex 91 distance 10
0 301 63 91 
Vertex 92 distance 19
0 301 63 92 
Vertex 93 distance 14
0 301 537 300 37 601 93 
Vertex 94 distance 10
0 94 
Vertex 95 distance 17
0 301 63 545 517 309 95 
Vertex 96 distance 8
0 301 96 
Vertex 97 distance 21
0 276 435 75 67 97 
Vertex 98 distance 13
0 94 98 
Vertex 99 distance 15
0 301 410 59 439 516 99 
Vertex 100 distance 13
0 301 63 100 
Vertex 101 distance 21
0 276 166 497 122 101 
Vertex 102 distance 19
0 301 518 628 43 201 102 
Vertex 103 distance 12
0 301 537 300 103 
Vertex 104 distance 11
0 301 537 300 367 491 544 104 
Vertex 105 distance 18
0 301 537 300 37 601 93 496 239 105 
Vertex 106 distance 19
0 276 435 298 616 557 106 
Vertex 107 distance 10
0 301 537 300 367 107 
Vertex 108 distance 20
0 276 435 181 602 108 
Vertex 109 distance 9
0 301 537 300 109 
Vertex 110 distance 13
0 276 435 75 133 437 110 
Vertex 111 distance 26
0 301 537 317 599 53 111 
Vertex 112 distance 20
0 301 518 479 112 
Vertex 113 distance 14
0 276 435 298 616 266 38 113 
Vertex 114 distance 22
0 276 166 280 222 61 351 114 
Vertex 115 distance 18
0 301 410 423 297 115 
Vertex 116 distance 20
0 301 410 580 116 
Vertex 117 distance 18
0 276 435 46 406 68 117 
Vertex 118 distance 19
0 276 435 75 133 171 603 185 404 617 118 
Vertex 119 distance 17
0 276 435 181 464 326 119 
Vertex 120 distance 18
0 94 120 
Vertex 121 distance 16
0 276 435 457 121 
Vertex 122 distance 18
0 276 166 497 122 
Vertex 123 distance 24
0 276 166 123 
Vertex 124 distance 19
0 301 96 182 223 459 405 124 
Vertex 125 distance 19
0 66 125 
Vertex 126 distance 17
0 301 518 628 43 197 126 
Vertex 127 distance 15
0 301 537 317 599 74 127 
Vertex 128 distance 20
0 276 435 298 452 128 
Vertex 129 distance 13
0 301 537 300 367 491 544 559 129 
Vertex 130 distance 17
0 276 166 497 130 
Vertex 131 distance 17
0 301 537 300 367 107 176 323 131 
Vertex 132 distance 20
0 301 537 317 599 10 373 336 132 
Vertex 133 distance 10
0 276 435 75 133 
Vertex 134 distance 15
0 301 63 134 
Vertex 135 distance 17
0 276 435 135 
Vertex 136 distance 17
0 301 537 300 367 107 176 305 207 136 
Vertex 137 distance 19
0 276 435 75 133 171 603 185 137 
Vertex 138 distance 9
0 301 410 59 138 
Vertex 139 distance 13
0 301 410 59 314 139 
Vertex 140 distance 16
0 301 410 59 138 140 
Vertex 141 distance 18
0 301 410 308 303 141 
Vertex 142 distance 19
0 301 18 142 
Vertex 143 distance 15
0 301 537 300 367 107 176 305 81 143 
Vertex 144 distance 18
0 607 144 
Vertex 145 distance 13
0 276 435 298 616 266 145 
Vertex 146 distance 18
0 301 410 59 314 156 146 
Vertex 147 distance 19
0 301 518 147 
Vertex 148 distance 13
0 301 537 300 367 12 148 
Vertex 149 distance 19
0 276 435 135 149 
Vertex 150 distance 16
0 301 537 300 367 491 544 559 129 150 
Vertex 151 distance 13
0 301 537 300 367 491 151 
Vertex 152 distance 14
0 301 537 300 37 152 
Vertex 153 distance 17
0 276 285 162 153 
Vertex 154 distance 17
0 301 537 300 367 12 419 154 
Vertex 155 distance 11
0 301 537 300 367 12 155 
Vertex 156 distance 15
0 301 410 59 314 156 
Vertex 157 distance 17
0 301 410 59 314 80 420 157 
Vertex 158 distance 14
0 301 537 300 109 158 
Vertex 159 distance 17
0 301 410 308 303 378 159 
Vertex 160 distance 17
0 301 410 59 577 160 
Vertex 161 distance 15
0 301 63 545 517 161 
Vertex 162 distance 12
0 276 285 162 
Vertex 163 distance 14
0 276 285 162 163 
Vertex 164 distance 18
0 301 96 164 
Vertex 165 distance 22
0 301 63 91 165 
Vertex 166 distance 4
0 276 166 
Vertex 167 distance 13
0 276 435 181 636 167 
Vertex 168 distance 13
0 276 435 298 616 266 168 
Vertex 169 distance 15
0 301 518 628 43 197 180 169 
Vertex 170 distance 17
0 301 537 300 37 170 
Vertex 171 distance 12
0 276 435 75 133 171 
Vertex 172 distance 18
0 276 435 75 625 272 501 172 
Vertex 173 distance 22
0 301 537 300 367 107 176 330 391 205 173 
Vertex 174 distance 21
0 301 63 460 538 174 
Vertex 175 distance 21
0 301 537 300 367 491 253 400 204 175 
Vertex 176 distance 11
0 301 537 300 367 107 176 
Vertex 177 distance 17
0 301 537 300 367 12 148 214 177 
Vertex 178 distance 18
0 301 518 64 178 
Vertex 179 distance 16
0 301 537 317 34 179 
Vertex 180 distance 14
0 301 518 628 43 197 180 
Vertex 181 distance 10
0 276 435 181 
Vertex 182 distance 9
0 301 96 182 
Vertex 183 distance 8
0 301 537 183 
Vertex 184 distance 18
0 276 435 75 625 272 501 184 
Vertex 185 distance 14
0 276 435 75 133 171 603 185 
Vertex 186 distance 15
0 301 518 186 
Vertex 187 distance 15
0 301 537 300 109 158 187 
Vertex 188 distance 17
0 301 537 317 599 53 341 188 
Vertex 189 distance 15
0 301 537 300 367 12 148 196 189 
Vertex 190 distance 13
0 301 63 350 630 190 
Vertex 191 distance 10
0 301 410 59 439 191 
Vertex 192 distance 17
0 276 435 75 625 561 192 
Vertex 193 distance 19
0 301 410 59 439 191 556 193 
Vertex 194 distance 18
0 301 410 308 194 
Vertex 195 distance 18
0 301 63 100 195 
Vertex 196 distance 14
0 301 537 300 367 12 148 196 
Vertex 197 distance 13
0 301 518 628 43 197 
Vertex 198 distance 11
0 276 166 280 198 
Vertex 199 distance 16
0 301 63 350 199 
Vertex 200 distance 10
0 200 
Vertex 201 distance 14
0 301 518 628 43 201 
Vertex 202 distance 15
0 276 435 298 616 266 168 434 202 
Vertex 203 distance 12
0 276 166 280 8 203 
Vertex 204 distance 18
0 301 537 300 367 491 253 400 204 
Vertex 205 distance 14
0 301 537 300 367 107 176 330 391 205 
Vertex 206 distance 12
0 301 537 300 367 206 
Vertex 207 distance 14
0 301 537 300 367 107 176 305 207 
Vertex 208 distance 18
0 301 410 59 439 461 521 208 
Vertex 209 distance 16
0 276 435 75 550 240 209 
Vertex 210 distance 17
0 301 63 545 517 541 431 210 
Vertex 211 distance 20
0 301 18 440 211 
Vertex 212 distance 8
0 276 166 212 
Vertex 213 distance 21
0 301 537 300 367 491 151 555 213 
Vertex 214 distance 16
0 301 537 300 367 12 148 214 
Vertex 215 distance 14
0 276 435 75 625 272 215 
Vertex 216 distance 15
0 276 435 298 616 266 38 113 216 
Vertex 217 distance 19
0 301 63 36 217 
Vertex 218 distance 15
0 301 537 300 267 218 
Vertex 219 distance 18
0 301 410 59 439 219 
Vertex 220 distance 14
0 301 63 545 390 220 
Vertex 221 distance 19
0 301 410 308 303 378 159 221 
Vertex 222 distance 7
0 276 166 280 222 
Vertex 223 distance 10
0 301 96 182 223 
Vertex 224 distance 20
0 276 435 75 625 272 501 184 224 
Vertex 225 distance 14
0 66 225 
Vertex 226 distance 14
0 276 435 46 554 226 
Vertex 227 distance 14
0 301 537 300 367 107 176 305 227 
Vertex 228 distance 17
0 301 63 545 517 541 431 228 
Vertex 229 distance 16
0 276 435 229 
Vertex 230 distance 12
0 301 410 59 314 230 
Vertex 231 distance 17
0 301 63 231 
Vertex 232 distance 17
0 276 435 75 133 437 110 232 
Vertex 233 distance 22
0 301 63 460 538 233 
Vertex 234 distance 15
0 627 234 
Vertex 235 distance 21
0 301 537 300 367 235 
Vertex 236 distance 14
0 301 63 264 236 
Vertex 237 distance 16
0 276 435 621 401 237 
Vertex 238 distance 15
0 301 537 300 367 107 238 
Vertex 239 distance 17
0 301 537 300 37 601 93 496 239 
Vertex 240 distance 13
0 276 435 75 550 240 
Vertex 241 distance 17
0 276 435 298 616 266 241 
Vertex 242 distance 16
0 607 242 
Vertex 243 distance 19
0 301 537 300 267 442 243 
Vertex 244 distance 29
0 276 435 75 133 437 110 232 244 
Vertex 245 distance 15
0 276 435 181 636 167 245 
Vertex 246 distance 21
0 301 410 308 533 246 
Vertex 247 distance 13
0 301 63 545 517 73 247 
Vertex 248 distance 13
0 301 410 308 615 637 248 
Vertex 249 distance 11
0 301 410 59 138 249 
Vertex 250 distance 21
0 276 435 75 625 272 215 526 250 
Vertex 251 distance 20
0 276 435 181 422 444 251 
Vertex 252 distance 18
0 301 537 300 367 107 260 252 
Vertex 253 distance 10
0 301 537 300 367 491 253 
Vertex 254 distance 19
0 276 435 298 616 266 635 254 
Vertex 255 distance 18
0 301 537 300 367 12 148 214 177 255 
Vertex 256 distance 15
0 276 285 343 639 256 
Vertex 257 distance 16
0 301 537 300 109 87 257 
Vertex 258 distance 17
0 301 537 300 367 491 544 559 258 
Vertex 259 distance 12
0 276 166 280 259 
Vertex 260 distance 12
0 301 537 300 367 107 260 
Vertex 261 distance 27
0 301 63 91 261 
Vertex 262 distance 17
0 301 537 300 367 491 544 559 344 262 
Vertex 263 distance 16
0 301 63 545 517 309 263 
Vertex 264 distance 12
0 301 63 264 
Vertex 265 distance 16
0 276 435 75 133 437 110 265 
Vertex 266 distance 12
0 276 435 298 616 266 
Vertex 267 distance 8
0 301 537 300 267 
Vertex 268 distance 13
0 301 537 300 367 491 544 104 268 
Vertex 269 distance 20
0 276 435 298 616 266 168 269 
Vertex 270 distance 12
0 276 435 181 564 270 
Vertex 271 distance 21
0 276 435 181 422 444 251 271 
Vertex 272 distance 13
0 276 435 75 625 272 
Vertex 273 distance 13
0 301 410 308 273 
Vertex 274 distance 22
0 301 537 300 367 491 253 400 204 274 
Vertex 275 distance 19
0 276 435 298 452 523 275 
Vertex 276 distance 2
0 276 
Vertex 277 distance 18
0 301 518 186 427 277 
Vertex 278 distance 18
0 276 435 75 67 383 619 278 
Vertex 279 distance 19
0 301 537 300 367 12 155 484 279 
Vertex 280 distance 5
0 276 166 280 
Vertex 281 distance 18
0 301 410 580 79 281 
Vertex 282 distance 17
0 276 435 75 133 171 282 
Vertex 283 distance 15
0 301 537 300 367 491 544 563 283 
Vertex 284 distance 24
0 301 410 59 439 191 556 90 56 284 
Vertex 285 distance 5
0 276 285 
Vertex 286 distance 14
0 66 69 286 
Vertex 287 distance 14
0 276 166 280 8 287 
Vertex 288 distance 21
0 301 537 300 367 107 260 288 
Vertex 289 distance 20
0 276 166 289 
Vertex 290 distance 18
0 301 18 440 290 
Vertex 291 distance 17
0 276 166 497 291 
Vertex 292 distance 15
0 276 285 343 639 292 
Vertex 293 distance 22
0 301 537 300 367 491 544 563 293 
Vertex 294 distance 19
0 294 
Vertex 295 distance 15
0 301 537 300 367 12 148 295 
Vertex 296 distance 14
0 276 435 46 296 
Vertex 297 distance 13
0 301 410 423 297 
Vertex 298 distance 9
0 276 435 298 
Vertex 299 distance 17
0 301 537 317 34 179 299 
Vertex 300 distance 7
0 301 537 300 
Vertex 301 distance 3
0 301 
Vertex 302 distance 20
0 301 537 300 367 491 253 49 302 
Vertex 303 distance 11
0 301 410 308 303 
Vertex 304 distance 17
0 301 537 300 367 107 238 304 
Vertex 305 distance 12
0 301 537 300 367 107 176 305 
Vertex 306 distance 18
0 301 96 182 223 459 322 306 
Vertex 307 distance 14
0 276 435 75 133 437 110 307 
Vertex 308 distance 9
0 301 410 308 
Vertex 309 distance 15
0 301 63 545 517 309 
Vertex 310 distance 14
0 276 435 75 550 57 310 
Vertex 311 distance 19
0 276 435 298 616 266 168 54 311 
Vertex 312 distance 18
0 301 410 59 314 594 312 
Vertex 313 distance 15
0 301 537 300 37 152 313 
Vertex 314 distance 9
0 301 410 59 314 
Vertex 315 distance 18
0 276 435 75 550 315 
Vertex 316 distance 21
0 301 18 316 
Vertex 317 distance 5
0 301 537 317 
Vertex 318 distance 17
0 276 435 75 625 318 
Vertex 319 distance 22
0 276 435 298 616 319 
Vertex 320 distance 15
0 301 410 59 335 320 
Vertex 321 distance 13
0 301 410 423 321 
Vertex 322 distance 15
0 301 96 182 223 459 322 
Vertex 323 distance 14
0 301 537 300 367 107 176 323 
Vertex 324 distance 13
0 276 435 324 
Vertex 325 distance 18
0 301 410 308 303 378 50 325 
Vertex 326 distance 12
0 276 435 181 464 326 
Vertex 327 distance 19
0 301 537 300 367 12 419 327 
Vertex 328 distance 20
0 301 518 628 43 197 126 328 
Vertex 329 distance 18
0 301 537 300 367 107 238 329 
Vertex 330 distance 12
0 301 537 300 367 107 176 330 
Vertex 331 distance 19
0 200 331 
Vertex 332 distance 18
0 276 166 334 332 
Vertex 333 distance 17
0 301 96 333 
Vertex 334 distance 14
0 276 166 334 
Vertex 335 distance 14
0 301 410 59 335 
Vertex 336 distance 18
0 301 537 317 599 10 373 336 
Vertex 337 distance 20
0 301 537 300 367 107 176 305 26 337 
Vertex 338 distance 14
0 276 435 324 338 
Vertex 339 distance 20
0 301 537 300 37 601 339 
Vertex 340 distance 14
0 301 63 340 
Vertex 341 distance 16
0 301 537 317 599 53 341 
Vertex 342 distance 14
0 301 537 300 367 107 176 342 
Vertex 343 distance 11
0 276 285 343 
Vertex 344 distance 16
0 301 537 300 367 491 544 559 344 
Vertex 345 distance 19
0 301 537 317 599 53 387 345 
Vertex 346 distance 21
0 301 410 580 60 346 
Vertex 347 distance 14
0 276 435 75 133 171 347 
Vertex 348 distance 19
0 276 435 75 67 15 348 
Vertex 349 distance 15
0 276 435 298 616 557 349 
Vertex 350 distance 10
0 301 63 350 
Vertex 351 distance 15
0 276 166 280 222 61 351 
Vertex 352 distance 26
0 301 537 300 37 601 93 496 486 352 
Vertex 353 distance 22
0 301 63 340 353 
Vertex 354 distance 15
0 301 410 59 314 80 573 354 
Vertex 355 distance 15
0 301 410 59 335 355 
Vertex 356 distance 18
0 301 63 350 630 190 356 
Vertex 357 distance 12
0 301 518 357 
Vertex 358 distance 15
0 301 63 264 358 
Vertex 359 distance 20
0 301 537 300 37 601 93 496 486 359 
Vertex 360 distance 19
0 301 537 317 34 179 360 
Vertex 361 distance 17
0 301 537 317 599 361 
Vertex 362 distance 15
0 301 63 350 630 190 362 
Vertex 363 distance 13
0 276 435 621 363 
Vertex 364 distance 12
0 301 63 364 
Vertex 365 distance 18
0 301 518 628 43 197 365 
Vertex 366 distance 21
0 276 435 75 625 561 487 366 
Vertex 367 distance 8
0 301 537 300 367 
Vertex 368 distance 16
0 301 410 308 615 368 
Vertex 369 distance 22
0 301 537 300 367 107 176 305 369 
Vertex 370 distance 13
0 276 435 75 133 437 370 
Vertex 371 distance 21
0 301 410 59 314 432 371 
Vertex 372 distance 19
0 276 435 75 133 437 110 265 372 
Vertex 373 distance 15
0 301 537 317 599 10 373 
Vertex 374 distance 16
0 276 435 298 616 266 38 113 374 
Vertex 375 distance 17
0 301 537 300 37 601 93 375 
Vertex 376 distance 18
0 301 537 300 367 107 238 304 376 
Vertex 377 distance 19
0 301 63 350 630 190 356 377 
Vertex 378 distance 12
0 301 410 308 303 378 
Vertex 379 distance 20
0 301 379 
Vertex 380 distance 27
0 276 435 298 452 523 380 
Vertex 381 distance 16
0 301 537 300 367 381 
Vertex 382 distance 14
0 301 410 59 439 191 421 382 
Vertex 383 distance 15
0 276 435 75 67 383 
Vertex 384 distance 15
0 276 435 181 464 326 384 
Vertex 385 distance 17
0 276 285 343 639 256 385 
Vertex 386 distance 19
0 301 537 300 367 12 70 386 
Vertex 387 distance 16
0 301 537 317 599 53 387 
Vertex 388 distance 18
0 276 435 75 550 240 388 
Vertex 389 distance 21
0 276 435 75 133 437 110 232 389 
Vertex 390 distance 11
0 301 63 545 390 
Vertex 391 distance 13
0 301 537 300 367 107 176 330 391 
Vertex 392 distance 14
0 276 166 280 8 27 392 
Vertex 393 distance 17
0 276 166 280 8 27 392 393 
Vertex 394 distance 18
0 276 435 75 133 437 110 407 394 
Vertex 395 distance 18
0 276 435 324 395 
Vertex 396 distance 20
0 94 396 
Vertex 397 distance 20
0 301 410 308 397 
Vertex 398 distance 16
0 301 537 300 367 12 155 484 398 
Vertex 399 distance 22
0 301 410 308 273 399 
Vertex 400 distance 15
0 301 537 300 367 491 253 400 
Vertex 401 distance 15
0 276 435 621 401 
Vertex 402 distance 15
0 301 63 402 
Vertex 403 distance 14
0 301 63 545 517 403 
Vertex 404 distance 17
0 276 435 75 133 171 603 185 404 
Vertex 405 distance 18
0 301 96 182 223 459 405 
Vertex 406 distance 10
0 276 435 46 406 
Vertex 407 distance 15
0 276 435 75 133 437 110 407 
Vertex 408 distance 19
0 301 537 300 367 491 544 104 408 
Vertex 409 distance 15
0 276 166 280 222 61 409 
Vertex 410 distance 5
0 301 410 
Vertex 411 distance 18
0 301 537 300 367 12 148 411 
Vertex 412 distance 13
0 301 63 412 
Vertex 413 distance 20
0 276 435 181 602 17 413 
Vertex 414 distance 21
0 301 518 628 414 
Vertex 415 distance 17
0 301 63 415 
Vertex 416 distance 17
0 301 410 59 577 416 
Vertex 417 distance 22
0 301 410 59 314 80 519 417 
Vertex 418 distance 20
0 301 410 59 456 418 
Vertex 419 distance 14
0 301 537 300 367 12 419 
Vertex 420 distance 14
0 301 410 59 314 80 420 
Vertex 421 distance 12
0 301 410 59 439 191 421 
Vertex 422 distance 14
0 276 435 181 422 
Vertex 423 distance 9
0 301 410 423 
Vertex 424 distance 16
0 276 166 280 198 424 
Vertex 425 distance 24
0 301 518 628 43 201 102 425 
Vertex 426 distance 15
0 276 435 75 133 171 347 426 
Vertex 427 distance 16
0 301 518 186 427 
Vertex 428 distance 19
0 276 435 75 133 624 428 
Vertex 429 distance 15
0 301 96 182 429 
Vertex 430 distance 15
0 276 435 298 616 266 430 
Vertex 431 distance 16
0 301 63 545 517 541 431 
Vertex 432 distance 10
0 301 410 59 314 432 
Vertex 433 distance 19
0 276 435 298 452 2 433 
Vertex 434 distance 14
0 276 435 298 616 266 168 434 
Vertex 435 distance 6
0 276 435 
Vertex 436 distance 17
0 276 435 75 67 15 492 436 
Vertex 437 distance 12
0 276 435 75 133 437 
Vertex 438 distance 15
0 301 537 183 438 
Vertex 439 distance 9
0 301 410 59 439 
Vertex 440 distance 15
0 301 18 440 
Vertex 441 distance 19
0 301 63 350 547 441 
Vertex 442 distance 16
0 301 537 300 267 442 
Vertex 443 distance 19
0 200 443 
Vertex 444 distance 16
0 276 435 181 422 444 
Vertex 445 distance 18
0 301 410 474 445 
Vertex 446 distance 22
0 301 518 479 112 446 
Vertex 447 distance 19
0 276 166 497 122 447 
Vertex 448 distance 15
0 66 69 286 448 
Vertex 449 distance 15
0 276 435 75 133 171 449 
Vertex 450 distance 23
0 276 435 181 636 450 
Vertex 451 distance 16
0 301 537 300 367 12 155 484 451 
Vertex 452 distance 15
0 276 435 298 452 
Vertex 453 distance 18
0 481 548 453 
Vertex 454 distance 15
0 276 435 298 616 266 168 434 454 
Vertex 455 distance 17
0 276 435 75 133 437 110 455 
Vertex 456 distance 8
0 301 410 59 456 
Vertex 457 distance 14
0 276 435 457 
Vertex 458 distance 16
0 301 537 300 37 458 
Vertex 459 distance 14
0 301 96 182 223 459 
Vertex 460 distance 16
0 301 63 460 
Vertex 461 distance 11
0 301 410 59 439 461 
Vertex 462 distance 23
0 301 537 300 367 12 148 462 
Vertex 463 distance 20
0 301 537 317 599 10 373 463 
Vertex 464 distance 11
0 276 435 181 464 
Vertex 465 distance 23
0 301 518 628 620 465 
Vertex 466 distance 18
0 276 435 621 401 237 466 
Vertex 467 distance 18
0 276 435 135 467 
Vertex 468 distance 20
0 301 410 59 439 191 556 90 468 
Vertex 469 distance 12
0 301 518 469 
Vertex 470 distance 25
0 276 285 162 470 
Vertex 471 distance 23
0 301 410 423 321 471 
Vertex 472 distance 18
0 301 63 460 538 472 
Vertex 473 distance 23
0 607 532 473 
Vertex 474 distance 12
0 301 410 474 
Vertex 475 distance 16
0 301 537 300 367 491 544 104 268 475 
Vertex 476 distance 19
0 301 537 300 367 491 151 574 476 
Vertex 477 distance 16
0 301 518 357 477 
Vertex 478 distance 16
0 481 548 478 
Vertex 479 distance 16
0 301 518 479 
Vertex 480 distance 15
0 276 435 480 
Vertex 481 distance 12
0 481 
Vertex 482 distance 21
0 276 435 181 564 270 55 482 
Vertex 483 distance 21
0 301 537 300 367 107 483 
Vertex 484 distance 12
0 301 537 300 367 12 155 484 
Vertex 485 distance 21
0 276 435 324 338 485 
Vertex 486 distance 17
0 301 537 300 37 601 93 496 486 
Vertex 487 distance 14
0 276 435 75 625 561 487 
Vertex 488 distance 19
0 301 518 628 488 
Vertex 489 distance 23
0 301 518 628 43 197 489 
Vertex 490 distance 15
0 301 537 490 
Vertex 491 distance 9
0 301 537 300 367 491 
Vertex 492 distance 16
0 276 435 75 67 15 492 
Vertex 493 distance 21
0 301 518 64 178 493 
Vertex 494 distance 15
0 301 537 317 599 74 494 
Vertex 495 distance 22
0 301 410 59 577 160 495 
Vertex 496 distance 16
0 301 537 300 37 601 93 496 
Vertex 497 distance 10
0 276 166 497 
Vertex 498 distance 15
0 301 410 59 314 139 498 
Vertex 499 distance 20
0 301 537 300 37 499 
Vertex 500 distance 24
0 276 435 75 133 171 603 185 404 617 500 
Vertex 501 distance 15
0 276 435 75 625 272 501 
Vertex 502 distance 22
0 301 410 59 439 191 556 90 468 502 
Vertex 503 distance 24
0 301 537 300 367 12 148 462 503 
Vertex 504 distance 22
0 301 410 59 314 80 519 504 
Vertex 505 distance 13
0 301 96 182 634 505 
Vertex 506 distance 16
0 301 410 308 303 378 50 506 
Vertex 507 distance 18
0 301 537 300 367 107 176 305 207 136 507 
Vertex 508 distance 21
0 301 410 308 511 508 
Vertex 509 distance 17
0 301 537 300 367 491 544 559 509 
Vertex 510 distance 23
0 301 537 300 267 442 243 510 
Vertex 511 distance 18
0 301 410 308 511 
Vertex 512 distance 15
0 301 537 300 109 512 
Vertex 513 distance 18
0 276 435 298 616 266 38 113 513 
Vertex 514 distance 22
0 276 435 181 564 270 514 
Vertex 515 distance 17
0 301 410 308 615 368 515 
Vertex 516 distance 14
0 301 410 59 439 516 
Vertex 517 distance 11
0 301 63 545 517 
Vertex 518 distance 4
0 301 518 
Vertex 519 distance 17
0 301 410 59 314 80 519 
Vertex 520 distance 14
0 301 410 59 439 191 421 520 
Vertex 521 distance 15
0 301 410 59 439 461 521 
Vertex 522 distance 19
0 301 63 364 522 
Vertex 523 distance 16
0 276 435 298 452 523 
Vertex 524 distance 18
0 276 435 75 67 15 524 
Vertex 525 distance 18
0 301 63 545 517 73 525 
Vertex 526 distance 17
0 276 435 75 625 272 215 526 
Vertex 527 distance 16
0 276 435 621 401 527 
Vertex 528 distance 20
0 301 537 300 367 12 419 529 528 
Vertex 529 distance 17
0 301 537 300 367 12 419 529 
Vertex 530 distance 15
0 276 435 75 550 57 310 530 
Vertex 531 distance 18
0 276 435 298 616 266 145 531 
Vertex 532 distance 13
0 607 532 
Vertex 533 distance 14
0 301 410 308 533 
Vertex 534 distance 18
0 301 537 317 599 10 534 
Vertex 535 distance 20
0 276 285 343 639 292 535 
Vertex 536 distance 22
0 301 518 628 590 536 
Vertex 537 distance 4
0 301 537 
Vertex 538 distance 17
0 301 63 460 538 
Vertex 539 distance 16
0 276 435 75 539 
Vertex 540 distance 18
0 301 537 300 367 491 544 559 344 262 540 
Vertex 541 distance 14
0 301 63 545 517 541 
Vertex 542 distance 19
0 276 435 46 406 542 
Vertex 543 distance 20
0 301 410 59 138 543 
Vertex 544 distance 10
0 301 537 300 367 491 544 
Vertex 545 distance 10
0 301 63 545 
Vertex 546 distance 20
0 301 63 264 358 546 
Vertex 547 distance 14
0 301 63 350 547 
Vertex 548 distance 13
0 481 548 
Vertex 549 distance 18
0 276 435 298 616 266 168 434 581 549 
Vertex 550 distance 11
0 276 435 75 550 
Vertex 551 distance 15
0 301 410 59 314 80 420 551 
Vertex 552 distance 17
0 301 410 308 615 637 248 552 
Vertex 553 distance 18
0 276 435 75 625 272 501 553 
Vertex 554 distance 9
0 276 435 46 554 
Vertex 555 distance 15
0 301 537 300 367 491 151 555 
Vertex 556 distance 17
0 301 410 59 439 191 556 
Vertex 557 distance 12
0 276 435 298 616 557 
Vertex 558 distance 20
0 301 537 317 558 
Vertex 559 distance 12
0 301 537 300 367 491 544 559 
Vertex 560 distance 18
0 276 435 298 616 266 430 560 
Vertex 561 distance 13
0 276 435 75 625 561 
Vertex 562 distance 17
0 301 537 300 367 107 176 305 227 562 
Vertex 563 distance 11
0 301 537 300 367 491 544 563 
Vertex 564 distance 11
0 276 435 181 564 
Vertex 565 distance 22
0 301 410 308 303 378 50 506 565 
Vertex 566 distance 14
0 276 435 46 554 566 
Vertex 567 distance 18
0 66 69 286 448 567 
Vertex 568 distance 18
0 301 518 186 427 568 
Vertex 569 distance 21
0 94 120 569 
Vertex 570 distance 26
0 301 537 300 367 491 253 400 570 
Vertex 571 distance 16
0 301 537 300 109 158 571 
Vertex 572 distance 14
0 301 537 300 367 491 544 104 268 572 
Vertex 573 distance 14
0 301 410 59 314 80 573 
Vertex 574 distance 16
0 301 537 300 367 491 151 574 
Vertex 575 distance 18
0 301 518 357 477 575 
Vertex 576 distance 20
0 301 63 350 199 576 
Vertex 577 distance 16
0 301 410 59 577 
Vertex 578 distance 16
0 301 63 350 630 190 362 578 
Vertex 579 distance 19
0 301 96 182 223 459 405 579 
Vertex 580 distance 12
0 301 410 580 
Vertex 581 distance 15
0 276 435 298 616 266 168 434 581 
Vertex 582 distance 15
0 301 537 317 582 
Vertex 583 distance 22
0 276 435 298 616 266 168 434 202 583 
Vertex 584 distance 22
0 66 69 584 
Vertex 585 distance 21
0 276 435 75 133 171 603 185 585 
Vertex 586 distance 17
0 301 96 182 223 586 
Vertex 587 distance 27
0 276 166 280 8 287 612 587 
Vertex 588 distance 17
0 301 537 300 367 12 148 588 
Vertex 589 distance 19
0 301 537 300 109 158 589 
Vertex 590 distance 15
0 301 518 628 590 
Vertex 591 distance 21
0 66 69 591 
Vertex 592 distance 20
0 301 537 300 367 491 592 
Vertex 593 distance 15
0 301 63 264 236 593 
Vertex 594 distance 11
0 301 410 59 314 594 
Vertex 595 distance 18
0 301 410 308 273 595 
Vertex 596 distance 24
0 301 410 59 138 249 596 
Vertex 597 distance 18
0 301 63 460 597 
Vertex 598 distance 18
0 94 98 598 
Vertex 599 distance 8
0 301 537 317 599 
Vertex 600 distance 12
0 276 166 212 600 
Vertex 601 distance 13
0 301 537 300 37 601 
Vertex 602 distance 16
0 276 435 181 602 
Vertex 603 distance 13
0 276 435 75 133 171 603 
Vertex 604 distance 17
0 301 410 59 439 191 604 
Vertex 605 distance 20
0 301 410 308 615 605 
Vertex 606 distance 23
0 301 410 59 577 160 606 
Vertex 607 distance 11
0 607 
Vertex 608 distance 11
0 301 410 608 
Vertex 609 distance 16
0 301 63 545 517 541 609 
Vertex 610 distance 18
0 301 537 317 599 53 341 188 610 
Vertex 611 distance 18
0 276 435 298 616 266 168 434 611 
Vertex 612 distance 19
0 276 166 280 8 287 612 
Vertex 613 distance 21
0 301 410 423 321 613 
Vertex 614 distance 18
0 276 435 298 616 266 168 614 
Vertex 615 distance 10
0 301 410 308 615 
Vertex 616 distance 11
0 276 435 298 616 
Vertex 617 distance 18
0 276 435 75 133 171 603 185 404 617 
Vertex 618 distance 17
0 276 435 618 
Vertex 619 distance 17
0 276 435 75 67 383 619 
Vertex 620 distance 13
0 301 518 628 620 
Vertex 621 distance 11
0 276 435 621 
Vertex 622 distance 13
0 276 435 621 622 
Vertex 623 distance 11
0 301 96 623 
Vertex 624 distance 16
0 276 435 75 133 624 
Vertex 625 distance 10
0 276 435 75 625 
Vertex 626 distance 14
0 301 410 423 626 
Vertex 627 distance 14
0 627 
Vertex 628 distance 11
0 301 518 628 
Vertex 629 distance 18
0 276 435 75 133 437 110 629 
Vertex 630 distance 11
0 301 63 350 630 
Vertex 631 distance 19
0 301 410 59 314 88 631 
Vertex 632 distance 16
0 301 410 59 314 139 498 632 
Vertex 633 distance 25
0 301 63 460 633 
Vertex 634 distance 10
0 301 96 182 634 
Vertex 635 distance 15
0 276 435 298 616 266 635 
Vertex 636 distance 12
0 276 435 181 636 
Vertex 637 distance 12
0 301 410 308 615 637 
Vertex 638 distance 16
0 301 537 300 367 12 148 196 638 
Vertex 639 distance 14
0 276 285 343 639 
