Vertex 0 distance 0
0 0 
Vertex 1 distance 27
0 237 1 
Vertex 2 distance 31
0 106 256 533 306 470 35 324 2 
Vertex 3 distance 35
0 106 566 457 15 3 
Vertex 4 distance 12
0 237 548 4 
Vertex 5 distance 30
0 106 256 286 109 301 335 44 5 
Vertex 6 distance 29
0 106 256 533 306 470 137 6 
Vertex 7 distance 49
0 106 251 526 573 514 303 146 7 
Vertex 8 distance 26
0 106 391 8 
Vertex 9 distance 32
0 237 61 55 9 
Vertex 10 distance 36
0 106 251 526 573 514 202 240 10 
Vertex 11 distance 23
0 106 256 597 634 267 11 
Vertex 12 distance 30
0 106 251 526 573 514 205 331 344 482 12 
Vertex 13 distance 32
0 106 251 526 573 277 198 388 13 
Vertex 14 distance 37
0 106 251 216 558 293 14 
Vertex 15 distance 25
0 106 566 457 15 
Vertex 16 distance 29
0 106 251 526 573 277 198 16 
Vertex 17 distance 28
0 237 548 176 72 270 424 629 17 
Vertex 18 distance 22
0 106 256 286 109 18 
Vertex 19 distance 26
0 106 251 526 19 
Vertex 20 distance 27
0 106 251 526 573 514 205 156 20 
Vertex 21 distance 21
0 106 623 438 21 
Vertex 22 distance 29
0 106 256 286 109 301 335 44 22 
Vertex 23 distance 47
0 106 251 526 573 514 421 23 
Vertex 24 distance 23
0 237 548 24 
Vertex 25 distance 34
0 237 288 399 302 285 621 25 
Vertex 26 distance 33
0 106 391 8 40 26 
Vertex 27 distance 45
0 106 599 27 
Vertex 28 distance 39
0 106 623 438 234 407 28 
Vertex 29 distance 32
0 106 251 526 573 514 205 331 344 29 
Vertex 30 distance 36
0 106 256 286 109 30 
Vertex 31 distance 34
0 106 256 286 109 301 193 373 31 
Vertex 32 distance 32
0 237 548 176 72 270 189 190 292 32 
Vertex 33 distance 23
0 106 256 597 634 33 
Vertex 34 distance 37
0 106 256 286 109 301 335 315 428 565 631 639 34 
Vertex 35 distance 25
0 106 256 533 306 470 35 
Vertex 36 distance 28
0 237 288 399 302 285 36 
Vertex 37 distance 35
0 106 251 526 573 514 205 331 344 37 
Vertex 38 distance 34
0 237 548 4 522 38 
Vertex 39 distance 32
0 106 251 526 573 514 205 183 39 
Vertex 40 distance 27
0 106 391 8 40 
Vertex 41 distance 23
0 237 548 4 386 41 
Vertex 42 distance 46
0 192 42 
Vertex 43 distance 35
0 106 251 526 573 514 567 627 43 
Vertex 44 distance 25
0 106 256 286 109 301 335 44 
Vertex 45 distance 29
0 106 256 597 634 568 45 
Vertex 46 distance 33
0 237 548 176 72 266 46 
Vertex 47 distance 23
0 237 288 399 47 
Vertex 48 distance 23
0 106 256 440 48 
Vertex 49 distance 32
0 106 251 526 573 514 523 542 49 
Vertex 50 distance 30
0 106 256 600 50 
Vertex 51 distance 32
0 237 548 176 72 270 162 569 528 370 51 
Vertex 52 distance 29
0 106 256 597 634 244 52 
Vertex 53 distance 46
0 106 391 53 
Vertex 54 distance 32
0 237 548 54 
Vertex 55 distance 25
0 237 61 55 
Vertex 56 distance 42
0 106 251 526 573 514 567 164 585 56 
Vertex 57 distance 35
0 106 251 526 573 514 205 248 590 57 
Vertex 58 distance 29
0 237 288 58 
Vertex 59 distance 32
0 106 256 533 306 470 35 324 2 59 
Vertex 60 distance 21
0 106 251 526 573 514 567 60 
Vertex 61 distance 18
0 237 61 
Vertex 62 distance 39
0 237 548 176 72 270 162 70 62 
Vertex 63 distance 28
0 106 251 526 573 239 63 
Vertex 64 distance 30
0 106 251 526 573 434 64 
Vertex 65 distance 36
0 106 256 545 314 65 
Vertex 66 distance 32
0 106 256 597 634 244 52 66 
Vertex 67 distance 27
0 237 548 176 72 270 162 70 481 67 
Vertex 68 distance 34
0 237 288 271 245 68 
Vertex 69 distance 28
0 106 256 597 634 33 91 69 
Vertex 70 distance 22
0 237 548 176 72 270 162 70 
Vertex 71 distance 26
0 106 251 526 573 277 71 
Vertex 72 distance 13
0 237 548 176 72 
Vertex 73 distance 49
0 237 288 399 302 611 201 73 
Vertex 74 distance 43
0 106 256 286 109 301 335 315 428 565 631 74 
Vertex 75 distance 27
0 106 256 440 349 404 75 
Vertex 76 distance 49
0 106 256 286 109 301 312 76 
Vertex 77 distance 35
0 106 256 286 109 18 77 
Vertex 78 distance 32
0 106 251 526 573 514 205 331 344 433 238 78 
Vertex 79 distance 36
0 106 251 526 215 79 
Vertex 80 distance 28
0 106 256 597 634 244 80 
Vertex 81 distance 32
0 106 256 286 477 81 
Vertex 82 distance 36
0 106 256 286 109 301 312 150 276 82 
Vertex 83 distance 40
0 106 256 286 448 83 
Vertex 84 distance 37
0 106 251 526 573 514 303 250 84 
Vertex 85 distance 36
0 106 251 526 573 514 205 248 85 
Vertex 86 distance 32
0 106 256 286 109 301 312 531 86 
Vertex 87 distance 25
0 237 548 4 386 41 504 87 
Vertex 88 distance 37
0 106 251 216 493 88 
Vertex 89 distance 19
0 237 548 176 72 89 
Vertex 90 distance 30
0 106 256 597 634 568 329 90 
Vertex 91 distance 27
0 106 256 597 634 33 91 
Vertex 92 distance 36
0 106 251 526 573 514 205 183 310 309 92 
Vertex 93 distance 28
0 106 251 526 573 514 93 
Vertex 94 distance 42
0 237 288 58 589 94 
Vertex 95 distance 41
0 106 251 526 573 514 205 331 344 482 12 626 95 
Vertex 96 distance 35
0 106 251 526 573 514 205 331 344 433 299 96 
Vertex 97 distance 31
0 106 251 526 573 464 97 
Vertex 98 distance 40
0 106 256 286 109 301 312 498 225 98 
Vertex 99 distance 27
0 106 251 99 
Vertex 100 distance 27
0 106 256 286 448 100 
Vertex 101 distance 34
0 106 251 526 573 514 205 248 260 101 
Vertex 102 distance 24
0 106 256 286 249 102 
Vertex 103 distance 33
0 237 548 176 72 270 162 569 103 
Vertex 104 distance 34
0 237 548 176 72 270 162 70 481 104 
Vertex 105 distance 36
0 106 251 216 558 298 105 
Vertex 106 distance 7
0 106 
Vertex 107 distance 27
0 106 256 545 107 
Vertex 108 distance 29
0 237 548 176 72 270 424 629 155 490 108 
Vertex 109 distance 17
0 106 256 286 109 
Vertex 110 distance 36
0 237 548 176 72 270 189 547 532 110 
Vertex 111 distance 43
0 237 61 55 111 
Vertex 112 distance 39
0 106 256 597 253 112 
Vertex 113 distance 31
0 106 251 216 558 113 
Vertex 114 distance 24
0 106 251 526 573 514 567 627 114 
Vertex 115 distance 16
0 237 115 
Vertex 116 distance 35
0 106 251 526 573 514 116 
Vertex 117 distance 29
0 106 251 526 573 514 303 409 152 117 
Vertex 118 distance 37
0 237 548 24 154 118 
Vertex 119 distance 23
0 106 566 536 467 119 
Vertex 120 distance 39
0 106 256 533 306 470 35 120 
Vertex 121 distance 28
0 106 251 526 573 514 567 627 121 
Vertex 122 distance 35
0 106 256 440 122 
Vertex 123 distance 31
0 106 256 286 249 638 123 
Vertex 124 distance 29
0 237 548 176 72 270 424 629 17 124 
Vertex 125 distance 24
0 106 256 597 634 244 125 
Vertex 126 distance 34
0 106 256 286 305 126 
Vertex 127 distance 15
0 106 251 127 
Vertex 128 distance 40
0 106 256 286 109 301 335 315 163 128 
Vertex 129 distance 47
0 106 256 545 356 129 
Vertex 130 distance 18
0 106 251 526 130 
Vertex 131 distance 31
0 106 391 8 342 131 
Vertex 132 distance 30
0 106 256 533 360 132 
Vertex 133 distance 35
0 106 251 526 573 514 205 331 344 433 133 
Vertex 134 distance 29
0 106 391 8 40 134 
Vertex 135 distance 25
0 237 548 176 72 89 135 
Vertex 136 distance 33
0 106 623 438 259 570 136 
Vertex 137 distance 26
0 106 256 533 306 470 137 
Vertex 138 distance 35
0 106 623 438 259 570 138 
Vertex 139 distance 24
0 106 566 139 
Vertex 140 distance 32
0 106 251 526 573 239 149 140 
Vertex 141 distance 30
0 106 566 457 141 
Vertex 142 distance 28
0 192 142 
Vertex 143 distance 34
0 106 391 143 
Vertex 144 distance 23
0 106 256 440 144 
Vertex 145 distance 45
0 106 623 438 21 426 575 145 
Vertex 146 distance 25
0 106 251 526 573 514 303 146 
Vertex 147 distance 35
0 106 256 286 109 301 335 315 428 565 631 147 
Vertex 148 distance 30
0 106 623 438 21 148 
Vertex 149 distance 28
0 106 251 526 573 239 149 
Vertex 150 distance 27
0 106 256 286 109 301 312 150 
Vertex 151 distance 24
0 106 566 536 467 119 151 
Vertex 152 distance 28
0 106 251 526 573 514 303 409 152 
Vertex 153 distance 31
0 237 548 4 386 41 518 235 153 
Vertex 154 distance 29
0 237 548 24 154 
Vertex 155 distance 27
0 237 548 176 72 270 424 629 155 
Vertex 156 distance 22
0 106 251 526 573 514 205 156 
Vertex 157 distance 35
0 106 251 526 573 514 523 542 157 
Vertex 158 distance 26
0 237 548 176 72 270 158 
Vertex 159 distance 31
0 106 256 597 634 267 381 159 
Vertex 160 distance 41
0 106 256 545 107 229 160 
Vertex 161 distance 33
0 237 288 258 161 
Vertex 162 distance 20
0 237 548 176 72 270 162 
Vertex 163 distance 24
0 106 256 286 109 301 335 315 163 
Vertex 164 distance 26
0 106 251 526 573 514 567 164 
Vertex 165 distance 32
0 237 61 55 165 
Vertex 166 distance 32
0 106 256 533 306 470 35 324 166 
Vertex 167 distance 27
0 237 548 176 348 167 
Vertex 168 distance 32
0 106 251 526 19 168 
Vertex 169 distance 39
0 106 256 597 634 169 
Vertex 170 distance 35
0 106 251 526 130 170 
Vertex 171 distance 27
0 106 251 216 171 
Vertex 172 distance 36
0 106 251 526 573 514 303 208 436 172 
Vertex 173 distance 32
0 237 115 173 
Vertex 174 distance 26
0 106 256 533 306 470 174 
Vertex 175 distance 38
0 106 251 526 573 514 202 175 
Vertex 176 distance 11
0 237 548 176 
Vertex 177 distance 26
0 106 256 597 634 33 177 
Vertex 178 distance 33
0 237 115 178 
Vertex 179 distance 34
0 106 599 179 
Vertex 180 distance 37
0 237 548 176 72 270 162 220 180 
Vertex 181 distance 36
0 106 256 286 109 301 181 
Vertex 182 distance 32
0 106 251 526 573 514 303 409 185 182 
Vertex 183 distance 23
0 106 251 526 573 514 205 183 
Vertex 184 distance 42
0 106 256 286 448 184 
Vertex 185 distance 27
0 106 251 526 573 514 303 409 185 
Vertex 186 distance 33
0 106 251 526 573 514 303 409 152 117 210 186 
Vertex 187 distance 33
0 237 548 4 386 41 504 87 187 
Vertex 188 distance 30
0 237 548 176 72 270 158 188 
Vertex 189 distance 20
0 237 548 176 72 270 189 
Vertex 190 distance 28
0 237 548 176 72 270 189 190 
Vertex 191 distance 43
0 237 548 176 72 270 162 191 
Vertex 192 distance 6
0 192 
Vertex 193 distance 30
0 106 256 286 109 301 193 
Vertex 194 distance 41
0 106 251 526 573 514 205 183 310 309 443 194 
Vertex 195 distance 30
0 237 288 58 195 
Vertex 196 distance 23
0 106 256 286 109 301 335 315 196 
Vertex 197 distance 40
0 106 251 526 573 239 561 197 
Vertex 198 distance 27
0 106 251 526 573 277 198 
Vertex 199 distance 32
0 106 566 536 467 199 
Vertex 200 distance 36
0 106 251 526 573 514 205 331 344 482 12 200 
Vertex 201 distance 40
0 237 288 399 302 611 201 
Vertex 202 distance 25
0 106 251 526 573 514 202 
Vertex 203 distance 29
0 237 115 403 203 
Vertex 204 distance 35
0 237 115 429 204 
Vertex 205 distance 17
0 106 251 526 573 514 205 
Vertex 206 distance 29
0 106 256 286 602 206 
Vertex 207 distance 37
0 106 251 526 573 410 447 207 
Vertex 208 distance 27
0 106 251 526 573 514 303 208 
Vertex 209 distance 21
0 237 548 176 209 
Vertex 210 distance 31
0 106 251 526 573 514 303 409 152 117 210 
Vertex 211 distance 32
0 237 288 519 211 
Vertex 212 distance 28
0 106 251 526 573 434 212 
Vertex 213 distance 22
0 106 251 526 573 514 213 
Vertex 214 distance 48
0 106 251 526 573 464 214 
Vertex 215 distance 26
0 106 251 526 215 
Vertex 216 distance 19
0 106 251 216 
Vertex 217 distance 43
0 106 251 526 573 514 567 336 571 217 
Vertex 218 distance 22
0 237 548 4 386 218 
Vertex 219 distance 34
0 106 251 219 
Vertex 220 distance 24
0 237 548 176 72 270 162 220 
Vertex 221 distance 28
0 237 288 399 221 
Vertex 222 distance 32
0 106 256 533 306 470 137 222 
Vertex 223 distance 30
0 106 256 440 48 417 223 
Vertex 224 distance 30
0 106 251 127 224 
Vertex 225 distance 31
0 106 256 286 109 301 312 498 225 
Vertex 226 distance 26
0 237 548 176 72 270 162 569 226 
Vertex 227 distance 21
0 106 391 227 
Vertex 228 distance 27
0 237 548 176 72 270 424 228 
Vertex 229 distance 35
0 106 256 545 107 229 
Vertex 230 distance 28
0 106 256 286 109 301 312 498 230 
Vertex 231 distance 32
0 237 548 176 348 167 231 
Vertex 232 distance 30
0 106 256 440 232 
Vertex 233 distance 27
0 237 548 4 386 41 504 87 233 
Vertex 234 distance 23
0 106 623 438 234 
Vertex 235 distance 30
0 237 548 4 386 41 518 235 
Vertex 236 distance 46
0 106 256 597 634 568 466 502 405 236 
Vertex 237 distance 8
0 237 
Vertex 238 distance 31
0 106 251 526 573 514 205 331 344 433 238 
Vertex 239 distance 19
0 106 251 526 573 239 
Vertex 240 distance 26
0 106 251 526 573 514 202 240 
Vertex 241 distance 25
0 237 548 4 386 241 
Vertex 242 distance 37
0 237 115 178 242 
Vertex 243 distance 34
0 106 256 533 360 132 243 
Vertex 244 distance 23
0 106 256 597 634 244 
Vertex 245 distance 33
0 237 288 271 245 
Vertex 246 distance 30
0 106 566 139 539 246 
Vertex 247 distance 25
0 106 251 526 573 514 567 627 114 247 
Vertex 248 distance 30
0 106 251 526 573 514 205 248 
Vertex 249 distance 20
0 106 256 286 249 
Vertex 250 distance 25
0 106 251 526 573 514 303 250 
Vertex 251 distance 10
0 106 251 
Vertex 252 distance 32
0 237 548 176 72 270 424 629 354 632 252 
Vertex 253 distance 25
0 106 256 597 253 
Vertex 254 distance 38
0 237 548 176 72 270 254 
Vertex 255 distance 27
0 237 548 176 72 89 135 255 
Vertex 256 distance 12
0 106 256 
Vertex 257 distance 39
0 106 256 533 510 560 257 
Vertex 258 distance 19
0 237 288 258 
Vertex 259 distance 24
0 106 623 438 259 
Vertex 260 distance 31
0 106 251 526 573 514 205 248 260 
Vertex 261 distance 32
0 106 256 503 261 
Vertex 262 distance 35
0 106 251 526 573 514 213 262 
Vertex 263 distance 28
0 106 251 526 573 514 205 183 310 263 
Vertex 264 distance 38
0 106 251 526 573 514 205 156 442 264 
Vertex 265 distance 30
0 237 548 176 72 89 408 265 
Vertex 266 distance 29
0 237 548 176 72 266 
Vertex 267 distance 19
0 106 256 597 634 267 
Vertex 268 distance 30
0 237 548 176 334 268 
Vertex 269 distance 29
0 106 256 597 634 568 466 502 269 
Vertex 270 distance 19
0 237 548 176 72 270 
Vertex 271 distance 32
0 237 288 271 
Vertex 272 distance 58
0 106 251 526 573 514 93 489 486 272 
Vertex 273 distance 37
0 237 548 176 72 266 46 273 
Vertex 274 distance 38
0 237 288 58 274 
Vertex 275 distance 36
0 106 256 597 634 244 52 66 275 
Vertex 276 distance 35
0 106 256 286 109 301 312 150 276 
Vertex 277 distance 24
0 106 251 526 573 277 
Vertex 278 distance 39
0 106 566 536 467 581 278 
Vertex 279 distance 35
0 237 548 176 72 270 162 70 481 104 279 
Vertex 280 distance 23
0 106 251 216 280 
Vertex 281 distance 35
0 106 256 597 634 568 466 502 269 281 
Vertex 282 distance 38
0 106 256 597 634 568 466 502 405 282 
Vertex 283 distance 29
0 106 251 526 573 514 205 183 283 
Vertex 284 distance 23
0 284 
Vertex 285 distance 26
0 237 288 399 302 285 
Vertex 286 distance 14
0 106 256 286 
Vertex 287 distance 39
0 106 566 457 15 287 
Vertex 288 distance 12
0 237 288 
Vertex 289 distance 36
0 237 548 176 72 270 162 289 
Vertex 290 distance 35
0 106 251 526 573 277 290 
Vertex 291 distance 33
0 106 251 526 573 464 291 
Vertex 292 distance 31
0 237 548 176 72 270 189 190 292 
Vertex 293 distance 30
0 106 251 216 558 293 
Vertex 294 distance 29
0 106 251 526 573 514 202 294 
Vertex 295 distance 39
0 106 256 286 109 301 312 498 295 
Vertex 296 distance 28
0 106 251 216 280 296 
Vertex 297 distance 29
0 284 297 
Vertex 298 distance 32
0 106 251 216 558 298 
Vertex 299 distance 34
0 106 251 526 573 514 205 331 344 433 299 
Vertex 300 distance 37
0 106 623 438 21 300 
Vertex 301 distance 19
0 106 256 286 109 301 
Vertex 302 distance 24
0 237 288 399 302 
Vertex 303 distance 19
0 106 251 526 573 514 303 
Vertex 304 distance 29
0 106 251 216 304 
Vertex 305 distance 22
0 106 256 286 305 
Vertex 306 distance 21
0 106 256 533 306 
Vertex 307 distance 33
0 106 256 286 109 301 335 315 428 565 631 307 
Vertex 308 distance 36
0 106 251 526 573 514 205 156 442 308 
Vertex 309 distance 29
0 106 251 526 573 514 205 183 310 309 
Vertex 310 distance 24
0 106 251 526 573 514 205 183 310 
Vertex 311 distance 30
0 106 566 536 467 479 311 
Vertex 312 distance 24
0 106 256 286 109 301 312 
Vertex 313 distance 32
0 237 288 399 302 285 36 327 313 
Vertex 314 distance 25
0 106 256 545 314 
Vertex 315 distance 22
0 106 256 286 109 301 335 315 
Vertex 316 distance 28
0 237 548 4 386 41 504 87 233 316 
Vertex 317 distance 25
0 106 251 526 573 317 
Vertex 318 distance 32
0 237 288 399 302 285 318 
Vertex 319 distance 47
0 106 256 533 306 470 35 319 
Vertex 320 distance 41
0 237 548 176 72 270 162 459 320 
Vertex 321 distance 34
0 106 251 526 573 514 205 355 321 
Vertex 322 distance 39
0 237 548 176 72 270 162 220 180 322 
Vertex 323 distance 39
0 106 623 438 323 
Vertex 324 distance 27
0 106 256 533 306 470 35 324 
Vertex 325 distance 53
0 237 548 176 334 268 325 
Vertex 326 distance 32
0 106 391 227 326 
Vertex 327 distance 31
0 237 288 399 302 285 36 327 
Vertex 328 distance 35
0 106 256 597 634 568 466 502 328 
Vertex 329 distance 27
0 106 256 597 634 568 329 
Vertex 330 distance 34
0 106 256 597 634 244 52 330 
Vertex 331 distance 22
0 106 251 526 573 514 205 331 
Vertex 332 distance 28
0 106 256 533 306 470 332 
Vertex 333 distance 30
0 237 61 496 333 
Vertex 334 distance 23
0 237 548 176 334 
Vertex 335 distance 21
0 106 256 286 109 301 335 
Vertex 336 distance 29
0 106 251 526 573 514 567 336 
Vertex 337 distance 35
0 237 288 399 337 
Vertex 338 distance 29
0 106 251 526 573 514 205 183 310 263 338 
Vertex 339 distance 32
0 106 256 597 634 568 339 
Vertex 340 distance 35
0 106 251 526 130 414 462 340 
Vertex 341 distance 33
0 237 61 341 
Vertex 342 distance 29
0 106 391 8 342 
Vertex 343 distance 34
0 106 256 440 349 404 343 
Vertex 344 distance 23
0 106 251 526 573 514 205 331 344 
Vertex 345 distance 32
0 106 251 127 345 
Vertex 346 distance 38
0 106 251 526 573 277 71 473 346 
Vertex 347 distance 29
0 106 251 216 280 347 
Vertex 348 distance 19
0 237 548 176 348 
Vertex 349 distance 24
0 106 256 440 349 
Vertex 350 distance 37
0 106 251 526 573 514 567 627 114 247 400 350 
Vertex 351 distance 34
0 106 623 438 234 351 
Vertex 352 distance 44
0 237 548 176 72 270 424 629 155 490 108 606 352 
Vertex 353 distance 41
0 237 548 176 334 353 
Vertex 354 distance 27
0 237 548 176 72 270 424 629 354 
Vertex 355 distance 28
0 106 251 526 573 514 205 355 
Vertex 356 distance 30
0 106 256 545 356 
Vertex 357 distance 29
0 106 391 357 
Vertex 358 distance 24
0 106 251 216 358 
Vertex 359 distance 30
0 106 251 526 573 514 303 409 359 
Vertex 360 distance 29
0 106 256 533 360 
Vertex 361 distance 27
0 106 256 286 109 301 335 315 617 361 
Vertex 362 distance 32
0 106 256 597 634 568 466 362 
Vertex 363 distance 38
0 106 256 440 349 404 75 572 363 
Vertex 364 distance 28
0 106 256 545 364 
Vertex 365 distance 35
0 106 251 526 573 514 303 409 152 117 210 365 
Vertex 366 distance 27
0 106 256 440 48 366 
Vertex 367 distance 32
0 106 566 536 467 367 
Vertex 368 distance 38
0 237 548 368 
Vertex 369 distance 40
0 237 115 178 242 369 
Vertex 370 distance 29
0 237 548 176 72 270 162 569 528 370 
Vertex 371 distance 30
0 237 548 4 386 371 
Vertex 372 distance 31
0 106 256 440 48 372 
Vertex 373 distance 32
0 106 256 286 109 301 193 373 
Vertex 374 distance 26
0 106 251 216 358 374 
Vertex 375 distance 41
0 106 251 127 375 
Vertex 376 distance 38
0 106 566 139 539 246 376 
Vertex 377 distance 40
0 237 1 377 
Vertex 378 distance 35
0 237 548 176 72 270 158 188 378 
Vertex 379 distance 38
0 106 256 597 634 568 466 502 405 379 
Vertex 380 distance 35
0 106 251 526 573 514 205 331 344 433 238 78 380 
Vertex 381 distance 30
0 106 256 597 634 267 381 
Vertex 382 distance 39
0 106 256 440 48 417 382 
Vertex 383 distance 31
0 106 251 526 573 514 303 409 383 
Vertex 384 distance 33
0 106 256 440 349 384 
Vertex 385 distance 24
0 237 548 24 385 
Vertex 386 distance 16
0 237 548 4 386 
Vertex 387 distance 54
0 106 256 533 360 132 483 387 
Vertex 388 distance 29
0 106 251 526 573 277 198 388 
Vertex 389 distance 24
0 106 256 286 109 389 
Vertex 390 distance 29
0 106 256 533 306 470 137 390 
Vertex 391 distance 19
0 106 391 
Vertex 392 distance 32
0 106 256 286 602 392 
Vertex 393 distance 40
0 106 256 286 109 301 335 44 587 393 
Vertex 394 distance 39
0 106 256 597 634 244 52 330 394 
Vertex 395 distance 26
0 106 256 440 48 417 395 
Vertex 396 distance 34
0 237 288 58 195 396 
Vertex 397 distance 44
0 106 251 526 573 514 93 489 397 
Vertex 398 distance 43
0 237 548 176 72 270 189 547 532 110 398 
Vertex 399 distance 22
0 237 288 399 
Vertex 400 distance 32
0 106 251 526 573 514 567 627 114 247 400 
Vertex 401 distance 34
0 237 548 176 72 270 162 220 401 
Vertex 402 distance 34
0 106 623 438 259 551 402 
Vertex 403 distance 22
0 237 115 403 
Vertex 404 distance 26
0 106 256 440 349 404 
Vertex 405 distance 32
0 106 256 597 634 568 466 502 405 
Vertex 406 distance 31
0 106 251 526 573 514 567 60 406 
Vertex 407 distance 27
0 106 623 438 234 407 
Vertex 408 distance 29
0 237 548 176 72 89 408 
Vertex 409 distance 22
0 106 251 526 573 514 303 409 
Vertex 410 distance 24
0 106 251 526 573 410 
Vertex 411 distance 33
0 106 256 533 306 470 35 324 166 411 
Vertex 412 distance 36
0 106 256 440 349 384 412 
Vertex 413 distance 31
0 106 256 440 144 413 
Vertex 414 distance 21
0 106 251 526 130 414 
Vertex 415 distance 29
0 106 566 536 467 535 415 
Vertex 416 distance 38
0 106 256 286 249 580 416 
Vertex 417 distance 24
0 106 256 440 48 417 
Vertex 418 distance 39
0 106 256 597 418 
Vertex 419 distance 30
0 237 548 176 72 270 424 629 155 419 
Vertex 420 distance 39
0 106 256 533 360 132 483 420 
Vertex 421 distance 29
0 106 251 526 573 514 421 
Vertex 422 distance 28
0 106 251 526 573 317 422 
Vertex 423 distance 29
0 237 548 176 72 270 162 220 423 
Vertex 424 distance 20
0 237 548 176 72 270 424 
Vertex 425 distance 30
0 192 142 425 
Vertex 426 distance 32
0 106 623 438 21 426 
Vertex 427 distance 33
0 106 256 286 109 301 335 315 617 361 427 
Vertex 428 distance 23
0 106 256 286 109 301 335 315 428 
Vertex 429 distance 19
0 237 115 429 
Vertex 430 distance 33
0 237 288 58 195 430 
Vertex 431 distance 35
0 237 288 58 195 396 431 
Vertex 432 distance 34
0 237 548 176 72 270 162 220 423 432 
Vertex 433 distance 30
0 106 251 526 573 514 205 331 344 433 
Vertex 434 distance 23
0 106 251 526 573 434 
Vertex 435 distance 29
0 237 548 176 72 270 424 629 17 435 
Vertex 436 distance 31
0 106 251 526 573 514 303 208 436 
Vertex 437 distance 35
0 106 251 526 573 514 567 627 114 247 400 437 
Vertex 438 distance 18
0 106 623 438 
Vertex 439 distance 38
0 237 288 399 439 
Vertex 440 distance 18
0 106 256 440 
Vertex 441 distance 28
0 237 288 258 441 
Vertex 442 distance 28
0 106 251 526 573 514 205 156 442 
Vertex 443 distance 40
0 106 251 526 573 514 205 183 310 309 443 
Vertex 444 distance 36
0 106 251 526 573 514 567 336 571 444 
Vertex 445 distance 32
0 106 251 526 573 514 205 183 310 263 338 445 
Vertex 446 distance 30
0 237 548 4 386 41 504 87 233 316 446 
Vertex 447 distance 28
0 106 251 526 573 410 447 
Vertex 448 distance 24
0 106 256 286 448 
Vertex 449 distance 28
0 106 256 597 634 33 449 
Vertex 450 distance 47
0 237 548 176 72 270 424 629 354 632 450 
Vertex 451 distance 31
0 106 251 526 573 317 451 
Vertex 452 distance 28
0 106 623 452 
Vertex 453 distance 41
0 237 548 24 385 604 453 
Vertex 454 distance 36
0 237 548 176 72 270 162 569 528 370 51 454 
Vertex 455 distance 37
0 106 256 533 306 470 35 324 166 455 
Vertex 456 distance 45
0 237 548 176 72 270 189 547 532 110 398 456 
Vertex 457 distance 24
0 106 566 457 
Vertex 458 distance 34
0 106 251 458 
Vertex 459 distance 30
0 237 548 176 72 270 162 459 
Vertex 460 distance 38
0 106 391 460 
Vertex 461 distance 41
0 106 256 533 306 470 35 324 2 59 461 
Vertex 462 distance 27
0 106 251 526 130 414 462 
Vertex 463 distance 32
0 237 548 176 334 268 463 
Vertex 464 distance 29
0 106 251 526 573 464 
Vertex 465 distance 52
0 284 465 
Vertex 466 distance 26
0 106 256 597 634 568 466 
Vertex 467 distance 22
0 106 566 536 467 
Vertex 468 distance 35
0 237 288 399 302 285 468 
Vertex 469 distance 34
0 237 548 176 72 270 593 469 
Vertex 470 distance 23
0 106 256 533 306 470 
Vertex 471 distance 40
0 106 251 526 573 514 202 294 471 
Vertex 472 distance 35
0 237 472 
Vertex 473 distance 35
0 106 251 526 573 277 71 473 
Vertex 474 distance 32
0 106 391 357 508 474 
Vertex 475 distance 41
0 237 548 24 385 475 
Vertex 476 distance 33
0 106 251 526 573 514 303 409 185 182 476 
Vertex 477 distance 23
0 106 256 286 477 
Vertex 478 distance 35
0 237 61 485 478 
Vertex 479 distance 24
0 106 566 536 467 479 
Vertex 480 distance 35
0 106 251 99 500 480 
Vertex 481 distance 23
0 237 548 176 72 270 162 70 481 
Vertex 482 distance 27
0 106 251 526 573 514 205 331 344 482 
Vertex 483 distance 31
0 106 256 533 360 132 483 
Vertex 484 distance 31
0 106 256 440 349 404 484 
Vertex 485 distance 19
0 237 61 485 
Vertex 486 distance 35
0 106 251 526 573 514 93 489 486 
Vertex 487 distance 25
0 192 487 
Vertex 488 distance 25
0 106 251 526 573 239 488 
Vertex 489 distance 32
0 106 251 526 573 514 93 489 
Vertex 490 distance 28
0 237 548 176 72 270 424 629 155 490 
Vertex 491 distance 30
0 237 115 429 491 
Vertex 492 distance 37
0 106 256 597 634 568 466 502 269 492 
Vertex 493 distance 29
0 106 251 216 493 
Vertex 494 distance 33
0 106 256 286 109 301 312 498 230 494 
Vertex 495 distance 36
0 106 251 526 573 514 303 250 495 
Vertex 496 distance 26
0 237 61 496 
Vertex 497 distance 28
0 106 256 286 109 301 312 498 497 
Vertex 498 distance 26
0 106 256 286 109 301 312 498 
Vertex 499 distance 36
0 106 251 526 573 505 499 
Vertex 500 distance 33
0 106 251 99 500 
Vertex 501 distance 32
0 106 256 597 634 267 501 
Vertex 502 distance 28
0 106 256 597 634 568 466 502 
Vertex 503 distance 27
0 106 256 503 
Vertex 504 distance 24
0 237 548 4 386 41 504 
Vertex 505 distance 24
0 106 251 526 573 505 
Vertex 506 distance 34
0 106 256 286 109 301 335 315 617 361 427 506 
Vertex 507 distance 30
0 192 487 507 
Vertex 508 distance 30
0 106 391 357 508 
Vertex 509 distance 28
0 106 256 286 305 509 
Vertex 510 distance 22
0 106 256 533 510 
Vertex 511 distance 27
0 106 251 511 
Vertex 512 distance 30
0 106 566 536 467 581 512 
Vertex 513 distance 32
0 106 256 286 109 301 335 44 513 
Vertex 514 distance 15
0 106 251 526 573 514 
Vertex 515 distance 39
0 106 251 526 573 514 205 156 20 515 
Vertex 516 distance 24
0 237 115 516 
Vertex 517 distance 38
0 106 256 597 634 517 
Vertex 518 distance 29
0 237 548 4 386 41 518 
Vertex 519 distance 26
0 237 288 519 
Vertex 520 distance 32
0 106 251 526 573 277 198 388 520 
Vertex 521 distance 36
0 237 548 176 72 270 189 547 532 521 
Vertex 522 distance 27
0 237 548 4 522 
Vertex 523 distance 22
0 106 251 526 573 514 523 
Vertex 524 distance 28
0 106 251 526 573 514 205 524 
Vertex 525 distance 26
0 106 256 597 525 
Vertex 526 distance 11
0 106 251 526 
Vertex 527 distance 28
0 106 256 440 349 404 75 527 
Vertex 528 distance 24
0 237 548 176 72 270 162 569 528 
Vertex 529 distance 31
0 106 529 
Vertex 530 distance 38
0 106 251 526 573 277 71 636 530 
Vertex 531 distance 29
0 106 256 286 109 301 312 531 
Vertex 532 distance 28
0 237 548 176 72 270 189 547 532 
Vertex 533 distance 17
0 106 256 533 
Vertex 534 distance 38
0 106 251 526 573 514 205 156 442 308 534 
Vertex 535 distance 26
0 106 566 536 467 535 
Vertex 536 distance 20
0 106 566 536 
Vertex 537 distance 31
0 106 251 526 573 514 567 164 585 537 
Vertex 538 distance 44
0 106 251 526 573 514 567 60 406 538 
Vertex 539 distance 28
0 106 566 139 539 
Vertex 540 distance 31
0 237 548 176 72 270 540 
Vertex 541 distance 90
0 106 256 440 144 413 541 
Vertex 542 distance 26
0 106 251 526 573 514 523 542 
Vertex 543 distance 40
0 106 256 440 349 404 75 572 543 
Vertex 544 distance 45
0 237 548 176 72 270 189 547 532 110 398 544 
Vertex 545 distance 24
0 106 256 545 
Vertex 546 distance 40
0 237 548 4 386 41 504 87 233 546 
Vertex 547 distance 27
0 237 548 176 72 270 189 547 
Vertex 548 distance 10
0 237 548 
Vertex 549 distance 30
0 106 251 526 573 514 93 549 
Vertex 550 distance 39
0 237 548 176 72 270 189 547 532 521 550 
Vertex 551 distance 30
0 106 623 438 259 551 
Vertex 552 distance 30
0 106 391 8 40 134 552 
Vertex 553 distance 38
0 106 256 597 634 33 177 553 
Vertex 554 distance 33
0 106 256 597 634 33 177 554 
Vertex 555 distance 32
0 237 548 176 72 270 189 190 555 
Vertex 556 distance 28
0 106 391 227 556 
Vertex 557 distance 27
0 106 566 536 467 119 151 557 
Vertex 558 distance 29
0 106 251 216 558 
Vertex 559 distance 39
0 106 623 438 259 570 138 559 
Vertex 560 distance 37
0 106 256 533 510 560 
Vertex 561 distance 32
0 106 251 526 573 239 561 
Vertex 562 distance 28
0 237 548 176 72 270 162 220 562 
Vertex 563 distance 35
0 237 61 55 9 563 
Vertex 564 distance 33
0 106 251 99 564 
Vertex 565 distance 25
0 106 256 286 109 301 335 315 428 565 
Vertex 566 distance 16
0 106 566 
Vertex 567 distance 17
0 106 251 526 573 514 567 
Vertex 568 distance 25
0 106 256 597 634 568 
Vertex 569 distance 22
0 237 548 176 72 270 162 569 
Vertex 570 distance 29
0 106 623 438 259 570 
Vertex 571 distance 32
0 106 251 526 573 514 567 336 571 
Vertex 572 distance 29
0 106 256 440 349 404 75 572 
Vertex 573 distance 12
0 106 251 526 573 
Vertex 574 distance 34
0 106 251 526 573 317 422 574 
Vertex 575 distance 40
0 106 623 438 21 426 575 
Vertex 576 distance 47
0 106 251 526 573 514 205 331 344 482 12 576 
Vertex 577 distance 42
0 237 548 176 72 270 424 629 17 124 577 
Vertex 578 distance 38
0 106 566 536 467 367 578 
Vertex 579 distance 24
0 106 256 286 109 301 335 315 617 579 
Vertex 580 distance 29
0 106 256 286 249 580 
Vertex 581 distance 23
0 106 566 536 467 581 
Vertex 582 distance 32
0 106 256 533 582 
Vertex 583 distance 33
0 106 251 526 573 239 583 
Vertex 584 distance 31
0 106 566 536 467 119 151 584 
Vertex 585 distance 27
0 106 251 526 573 514 567 164 585 
Vertex 586 distance 33
0 237 548 176 72 270 189 547 586 
Vertex 587 distance 37
0 106 256 286 109 301 335 44 587 
Vertex 588 distance 37
0 106 251 526 573 514 205 156 20 588 
Vertex 589 distance 32
0 237 288 58 589 
Vertex 590 distance 31
0 106 251 526 573 514 205 248 590 
Vertex 591 distance 37
0 106 256 533 306 591 
Vertex 592 distance 33
0 106 256 440 349 592 
Vertex 593 distance 26
0 237 548 176 72 270 593 
Vertex 594 distance 36
0 106 256 286 602 594 
Vertex 595 distance 31
0 237 548 176 72 270 162 595 
Vertex 596 distance 34
0 106 251 216 558 113 596 
Vertex 597 distance 14
0 106 256 597 
Vertex 598 distance 30
0 106 251 216 493 598 
Vertex 599 distance 33
0 106 599 
Vertex 600 distance 19
0 106 256 600 
Vertex 601 distance 25
0 106 251 526 573 514 205 156 601 
Vertex 602 distance 23
0 106 256 286 602 
Vertex 603 distance 28
0 106 256 286 109 301 335 44 603 
Vertex 604 distance 30
0 237 548 24 385 604 
Vertex 605 distance 48
0 237 548 605 
Vertex 606 distance 34
0 237 548 176 72 270 424 629 155 490 108 606 
Vertex 607 distance 24
0 106 256 533 306 607 
Vertex 608 distance 39
0 106 256 286 109 301 312 531 608 
Vertex 609 distance 40
0 237 609 
Vertex 610 distance 41
0 106 256 597 418 610 
Vertex 611 distance 30
0 237 288 399 302 611 
Vertex 612 distance 31
0 237 288 612 
Vertex 613 distance 30
0 106 251 526 573 514 567 613 
Vertex 614 distance 49
0 106 256 440 48 417 395 614 
Vertex 615 distance 34
0 237 61 341 615 
Vertex 616 distance 38
0 106 251 526 573 514 303 250 495 616 
Vertex 617 distance 23
0 106 256 286 109 301 335 315 617 
Vertex 618 distance 30
0 106 623 438 234 618 
Vertex 619 distance 30
0 106 566 139 619 
Vertex 620 distance 32
0 106 251 526 573 514 567 60 406 620 
Vertex 621 distance 33
0 237 288 399 302 285 621 
Vertex 622 distance 38
0 106 256 286 109 301 622 
Vertex 623 distance 16
0 106 623 
Vertex 624 distance 37
0 106 251 526 573 505 624 
Vertex 625 distance 37
0 106 599 625 
Vertex 626 distance 38
0 106 251 526 573 514 205 331 344 482 12 626 
Vertex 627 distance 21
0 106 251 526 573 514 567 627 
Vertex 628 distance 39
0 106 251 526 19 168 628 
Vertex 629 distance 21
0 237 548 176 72 270 424 629 
Vertex 630 distance 39
0 237 288 399 302 285 630 
Vertex 631 distance 27
0 106 256 286 109 301 335 315 428 565 631 
Vertex 632 distance 30
0 237 548 176 72 270 424 629 354 632 
Vertex 633 distance 36
0 237 288 399 302 285 36 327 633 
Vertex 634 distance 15
0 106 256 597 634 
Vertex 635 distance 26
0 106 251 526 573 514 567 627 635 
Vertex 636 distance 33
0 106 251 526 573 277 71 636 
Vertex 637 distance 23
0 106 623 438 21 637 
Vertex 638 distance 22
0 106 256 286 249 638 
Vertex 639 distance 28
0 106 256 286 109 301 335 315 428 565 631 639 
