Vertex 0 distance 0
0 0 
Vertex 1 distance 24
0 606 347 432 490 407 209 526 557 638 1 
Vertex 2 distance 18
0 606 347 432 490 407 2 
Vertex 3 distance 41
0 423 224 492 298 3 
Vertex 4 distance 43
0 606 347 432 490 407 370 5 4 
Vertex 5 distance 38
0 606 347 432 490 407 370 5 
Vertex 6 distance 25
0 606 630 197 550 327 598 6 
Vertex 7 distance 30
0 423 309 433 116 236 7 
Vertex 8 distance 18
0 606 630 481 8 
Vertex 9 distance 25
0 423 224 60 33 9 
Vertex 10 distance 33
0 541 10 
Vertex 11 distance 34
0 606 347 432 319 11 
Vertex 12 distance 37
0 606 630 197 550 327 598 43 70 142 12 
Vertex 13 distance 28
0 606 347 566 502 589 13 
Vertex 14 distance 26
0 606 467 123 14 
Vertex 15 distance 24
0 606 361 264 15 
Vertex 16 distance 40
0 423 224 60 317 594 16 
Vertex 17 distance 45
0 606 630 197 550 327 460 314 110 441 17 
Vertex 18 distance 27
0 606 630 197 550 562 390 18 
Vertex 19 distance 28
0 606 630 197 550 562 390 19 
Vertex 20 distance 20
0 606 347 628 20 
Vertex 21 distance 53
0 606 347 432 84 161 473 149 21 
Vertex 22 distance 31
0 606 347 432 490 124 436 22 
Vertex 23 distance 32
0 606 347 432 490 407 209 526 557 213 544 23 
Vertex 24 distance 28
0 606 630 197 334 435 24 
Vertex 25 distance 28
0 606 467 58 72 377 580 25 
Vertex 26 distance 25
0 606 467 58 482 26 
Vertex 27 distance 43
0 606 347 628 596 210 241 341 534 27 
Vertex 28 distance 29
0 606 28 
Vertex 29 distance 32
0 606 347 432 490 407 2 166 120 512 29 
Vertex 30 distance 34
0 591 505 551 30 
Vertex 31 distance 24
0 606 630 197 550 327 460 337 31 
Vertex 32 distance 33
0 606 347 250 261 32 
Vertex 33 distance 24
0 423 224 60 33 
Vertex 34 distance 43
0 606 347 250 261 352 297 34 
Vertex 35 distance 41
0 423 88 461 188 143 416 35 
Vertex 36 distance 38
0 606 347 432 84 161 514 569 36 
Vertex 37 distance 27
0 606 347 250 558 37 
Vertex 38 distance 31
0 606 347 432 84 38 
Vertex 39 distance 43
0 606 347 432 490 407 209 526 557 638 227 39 
Vertex 40 distance 39
0 606 630 197 550 327 598 43 70 142 40 
Vertex 41 distance 31
0 606 347 432 490 407 209 526 557 312 41 
Vertex 42 distance 31
0 606 630 595 587 42 
Vertex 43 distance 27
0 606 630 197 550 327 598 43 
Vertex 44 distance 28
0 212 44 
Vertex 45 distance 37
0 606 630 197 550 327 223 45 
Vertex 46 distance 35
0 606 347 432 490 407 46 
Vertex 47 distance 59
0 606 630 197 550 573 47 
Vertex 48 distance 35
0 606 347 432 490 407 2 166 120 262 48 
Vertex 49 distance 33
0 606 347 432 490 124 436 138 49 
Vertex 50 distance 29
0 423 224 60 50 
Vertex 51 distance 37
0 591 103 382 194 403 51 
Vertex 52 distance 27
0 606 630 595 548 52 
Vertex 53 distance 22
0 423 88 461 53 
Vertex 54 distance 29
0 423 309 437 54 
Vertex 55 distance 42
0 606 630 197 550 327 598 55 
Vertex 56 distance 42
0 423 309 546 56 
Vertex 57 distance 25
0 423 88 461 188 143 57 
Vertex 58 distance 11
0 606 467 58 
Vertex 59 distance 43
0 606 347 432 490 407 209 526 557 213 323 59 
Vertex 60 distance 21
0 423 224 60 
Vertex 61 distance 18
0 606 630 197 334 61 
Vertex 62 distance 25
0 606 347 432 490 407 2 166 120 62 
Vertex 63 distance 21
0 606 467 58 63 
Vertex 64 distance 34
0 606 347 432 490 407 2 371 251 64 
Vertex 65 distance 21
0 606 347 432 490 407 209 625 232 65 
Vertex 66 distance 34
0 606 630 481 8 629 230 109 66 
Vertex 67 distance 19
0 606 630 197 565 67 
Vertex 68 distance 27
0 606 630 68 
Vertex 69 distance 30
0 606 630 148 498 69 
Vertex 70 distance 28
0 606 630 197 550 327 598 43 70 
Vertex 71 distance 22
0 423 180 71 
Vertex 72 distance 14
0 606 467 58 72 
Vertex 73 distance 25
0 606 467 58 63 73 
Vertex 74 distance 21
0 606 347 432 490 635 74 
Vertex 75 distance 43
0 606 347 432 490 521 616 75 
Vertex 76 distance 27
0 606 347 432 84 161 486 172 76 
Vertex 77 distance 34
0 606 630 197 550 327 460 337 31 77 
Vertex 78 distance 40
0 606 347 432 490 612 78 
Vertex 79 distance 31
0 606 467 58 72 377 580 631 79 
Vertex 80 distance 58
0 606 347 432 98 332 80 
Vertex 81 distance 32
0 606 347 432 490 127 81 
Vertex 82 distance 32
0 423 309 433 116 82 
Vertex 83 distance 33
0 606 467 123 353 604 83 
Vertex 84 distance 13
0 606 347 432 84 
Vertex 85 distance 48
0 606 630 595 548 153 85 
Vertex 86 distance 34
0 606 630 197 550 327 330 391 86 
Vertex 87 distance 25
0 606 530 87 
Vertex 88 distance 12
0 423 88 
Vertex 89 distance 27
0 606 347 432 490 407 2 89 
Vertex 90 distance 43
0 606 630 595 296 238 159 90 
Vertex 91 distance 29
0 606 630 197 550 327 598 91 
Vertex 92 distance 32
0 606 630 595 587 42 92 
Vertex 93 distance 25
0 606 630 481 8 93 
Vertex 94 distance 35
0 606 630 197 550 327 460 337 94 
Vertex 95 distance 31
0 606 347 432 490 407 209 625 232 95 
Vertex 96 distance 27
0 423 224 96 
Vertex 97 distance 35
0 606 347 432 490 407 209 526 557 213 544 246 97 
Vertex 98 distance 22
0 606 347 432 98 
Vertex 99 distance 28
0 423 88 461 53 99 
Vertex 100 distance 32
0 606 630 148 498 446 100 
Vertex 101 distance 25
0 423 309 546 101 
Vertex 102 distance 25
0 423 309 546 151 102 
Vertex 103 distance 21
0 591 103 
Vertex 104 distance 36
0 423 224 492 104 
Vertex 105 distance 41
0 606 347 432 490 407 574 286 199 105 
Vertex 106 distance 21
0 606 630 197 334 61 106 
Vertex 107 distance 33
0 606 630 197 334 378 107 
Vertex 108 distance 24
0 606 630 197 334 61 108 
Vertex 109 distance 29
0 606 630 481 8 629 230 109 
Vertex 110 distance 26
0 606 630 197 550 327 460 314 110 
Vertex 111 distance 34
0 606 347 432 490 407 209 526 557 213 544 246 111 
Vertex 112 distance 26
0 606 347 432 490 168 112 
Vertex 113 distance 27
0 606 630 197 113 
Vertex 114 distance 24
0 606 347 432 490 218 114 
Vertex 115 distance 32
0 606 630 481 8 629 464 417 115 
Vertex 116 distance 19
0 423 309 433 116 
Vertex 117 distance 27
0 212 117 
Vertex 118 distance 23
0 606 347 432 490 407 209 625 232 315 118 
Vertex 119 distance 34
0 423 309 433 116 593 119 
Vertex 120 distance 24
0 606 347 432 490 407 2 166 120 
Vertex 121 distance 35
0 606 630 197 565 357 121 
Vertex 122 distance 32
0 606 347 432 490 407 370 122 
Vertex 123 distance 20
0 606 467 123 
Vertex 124 distance 22
0 606 347 432 490 124 
Vertex 125 distance 23
0 606 347 125 
Vertex 126 distance 27
0 606 467 58 72 377 126 
Vertex 127 distance 29
0 606 347 432 490 127 
Vertex 128 distance 22
0 423 224 174 128 
Vertex 129 distance 27
0 606 347 432 490 407 209 526 557 638 1 457 129 
Vertex 130 distance 30
0 606 347 432 490 407 574 130 
Vertex 131 distance 20
0 423 309 433 131 
Vertex 132 distance 26
0 606 630 410 132 
Vertex 133 distance 30
0 606 630 197 550 327 330 391 133 
Vertex 134 distance 30
0 606 530 87 134 
Vertex 135 distance 26
0 423 180 135 
Vertex 136 distance 27
0 606 630 197 550 327 330 136 
Vertex 137 distance 35
0 606 347 628 596 210 137 
Vertex 138 distance 25
0 606 347 432 490 124 436 138 
Vertex 139 distance 29
0 606 347 432 490 407 209 526 557 312 139 
Vertex 140 distance 29
0 606 347 566 502 140 
Vertex 141 distance 25
0 591 103 382 194 141 
Vertex 142 distance 30
0 606 630 197 550 327 598 43 70 142 
Vertex 143 distance 23
0 423 88 461 188 143 
Vertex 144 distance 30
0 606 630 595 548 144 
Vertex 145 distance 35
0 591 505 145 
Vertex 146 distance 34
0 606 347 432 490 407 209 526 557 213 544 246 146 
Vertex 147 distance 29
0 591 505 211 147 
Vertex 148 distance 23
0 606 630 148 
Vertex 149 distance 33
0 606 347 432 84 161 473 149 
Vertex 150 distance 35
0 606 630 197 565 357 150 
Vertex 151 distance 20
0 423 309 546 151 
Vertex 152 distance 33
0 606 630 197 334 378 152 
Vertex 153 distance 32
0 606 630 595 548 153 
Vertex 154 distance 25
0 606 630 481 8 629 154 
Vertex 155 distance 27
0 423 180 135 155 
Vertex 156 distance 30
0 536 156 
Vertex 157 distance 24
0 606 630 197 550 157 
Vertex 158 distance 30
0 606 467 58 72 377 580 259 158 
Vertex 159 distance 38
0 606 630 595 296 238 159 
Vertex 160 distance 29
0 423 309 546 151 102 160 
Vertex 161 distance 17
0 606 347 432 84 161 
Vertex 162 distance 40
0 606 630 197 550 327 598 43 455 162 
Vertex 163 distance 23
0 423 88 461 188 163 
Vertex 164 distance 34
0 423 309 546 348 203 164 
Vertex 165 distance 28
0 423 309 546 151 165 
Vertex 166 distance 22
0 606 347 432 490 407 2 166 
Vertex 167 distance 40
0 423 224 174 167 
Vertex 168 distance 15
0 606 347 432 490 168 
Vertex 169 distance 28
0 606 467 58 72 377 580 169 
Vertex 170 distance 45
0 606 347 432 84 161 491 170 
Vertex 171 distance 20
0 606 347 432 490 407 2 171 
Vertex 172 distance 23
0 606 347 432 84 161 486 172 
Vertex 173 distance 18
0 606 630 595 173 
Vertex 174 distance 15
0 423 224 174 
Vertex 175 distance 19
0 423 309 433 175 
Vertex 176 distance 38
0 606 630 197 550 327 598 43 455 176 
Vertex 177 distance 39
0 606 630 197 550 327 418 426 177 
Vertex 178 distance 21
0 606 630 481 8 629 178 
Vertex 179 distance 46
0 606 630 197 550 562 390 179 
Vertex 180 distance 17
0 423 180 
Vertex 181 distance 27
0 606 347 432 490 407 209 526 557 213 544 246 181 
Vertex 182 distance 37
0 606 347 566 502 589 451 182 
Vertex 183 distance 28
0 423 309 546 101 183 
Vertex 184 distance 35
0 606 347 432 84 161 491 267 184 
Vertex 185 distance 48
0 423 309 546 101 183 185 
Vertex 186 distance 33
0 606 347 432 490 407 209 526 557 312 518 186 
Vertex 187 distance 41
0 423 309 433 116 187 
Vertex 188 distance 21
0 423 88 461 188 
Vertex 189 distance 33
0 423 88 461 188 325 189 
Vertex 190 distance 33
0 423 309 433 175 292 190 
Vertex 191 distance 26
0 606 630 197 191 
Vertex 192 distance 39
0 606 347 432 490 407 209 526 557 312 139 192 
Vertex 193 distance 36
0 606 630 481 466 484 193 
Vertex 194 distance 23
0 591 103 382 194 
Vertex 195 distance 37
0 606 347 432 490 124 436 195 
Vertex 196 distance 32
0 606 630 68 196 
Vertex 197 distance 12
0 606 630 197 
Vertex 198 distance 27
0 606 467 58 63 198 
Vertex 199 distance 27
0 606 347 432 490 407 574 286 199 
Vertex 200 distance 25
0 606 347 432 490 218 114 200 
Vertex 201 distance 32
0 606 630 410 201 
Vertex 202 distance 30
0 606 630 197 550 327 418 345 202 
Vertex 203 distance 32
0 423 309 546 348 203 
Vertex 204 distance 29
0 606 467 58 72 204 
Vertex 205 distance 39
0 423 224 96 470 205 
Vertex 206 distance 21
0 606 347 432 490 206 
Vertex 207 distance 41
0 606 347 432 490 407 209 625 207 
Vertex 208 distance 29
0 606 630 197 565 67 456 208 
Vertex 209 distance 15
0 606 347 432 490 407 209 
Vertex 210 distance 24
0 606 347 628 596 210 
Vertex 211 distance 27
0 591 505 211 
Vertex 212 distance 21
0 212 
Vertex 213 distance 22
0 606 347 432 490 407 209 526 557 213 
Vertex 214 distance 31
0 606 630 197 550 327 598 43 214 
Vertex 215 distance 29
0 606 467 58 72 377 580 259 215 
Vertex 216 distance 47
0 606 347 432 490 407 2 371 216 
Vertex 217 distance 20
0 606 347 432 490 407 2 217 
Vertex 218 distance 22
0 606 347 432 490 218 
Vertex 219 distance 37
0 606 630 197 565 357 121 219 
Vertex 220 distance 30
0 606 630 197 334 378 220 
Vertex 221 distance 29
0 606 347 432 490 407 209 526 557 638 1 457 221 
Vertex 222 distance 24
0 606 347 432 490 407 209 526 557 213 222 
Vertex 223 distance 25
0 606 630 197 550 327 223 
Vertex 224 distance 11
0 423 224 
Vertex 225 distance 36
0 606 630 197 550 327 460 337 31 626 326 516 225 
Vertex 226 distance 33
0 423 224 60 317 594 226 
Vertex 227 distance 24
0 606 347 432 490 407 209 526 557 638 227 
Vertex 228 distance 28
0 606 630 197 550 327 460 228 
Vertex 229 distance 34
0 606 630 595 548 229 
Vertex 230 distance 26
0 606 630 481 8 629 230 
Vertex 231 distance 29
0 606 530 231 
Vertex 232 distance 17
0 606 347 432 490 407 209 625 232 
Vertex 233 distance 36
0 606 630 197 565 359 233 
Vertex 234 distance 30
0 606 347 432 490 127 234 
Vertex 235 distance 28
0 606 630 481 8 93 235 
Vertex 236 distance 21
0 423 309 433 116 236 
Vertex 237 distance 35
0 606 347 432 490 168 420 431 237 
Vertex 238 distance 25
0 606 630 595 296 238 
Vertex 239 distance 30
0 606 467 58 63 198 239 
Vertex 240 distance 30
0 606 347 432 490 407 209 526 557 356 240 
Vertex 241 distance 28
0 606 347 628 596 210 241 
Vertex 242 distance 33
0 606 630 197 550 327 598 43 242 
Vertex 243 distance 31
0 606 467 58 63 198 239 243 
Vertex 244 distance 37
0 606 347 432 84 161 244 
Vertex 245 distance 33
0 591 505 551 245 
Vertex 246 distance 26
0 606 347 432 490 407 209 526 557 213 544 246 
Vertex 247 distance 23
0 606 347 566 247 
Vertex 248 distance 30
0 606 347 432 84 161 486 248 
Vertex 249 distance 24
0 606 347 432 490 124 249 
Vertex 250 distance 18
0 606 347 250 
Vertex 251 distance 30
0 606 347 432 490 407 2 371 251 
Vertex 252 distance 21
0 606 630 197 550 252 
Vertex 253 distance 39
0 423 224 60 253 
Vertex 254 distance 30
0 606 347 250 558 465 291 254 
Vertex 255 distance 21
0 606 347 432 490 407 2 217 255 
Vertex 256 distance 30
0 423 180 135 256 
Vertex 257 distance 26
0 423 309 433 257 
Vertex 258 distance 27
0 606 347 432 633 258 
Vertex 259 distance 28
0 606 467 58 72 377 580 259 
Vertex 260 distance 38
0 606 347 250 261 260 
Vertex 261 distance 22
0 606 347 250 261 
Vertex 262 distance 25
0 606 347 432 490 407 2 166 120 262 
Vertex 263 distance 31
0 606 347 432 490 407 2 371 251 263 
Vertex 264 distance 22
0 606 361 264 
Vertex 265 distance 29
0 606 347 432 490 407 574 265 
Vertex 266 distance 33
0 606 630 197 550 327 460 228 266 
Vertex 267 distance 20
0 606 347 432 84 161 491 267 
Vertex 268 distance 27
0 606 347 432 490 218 114 200 268 
Vertex 269 distance 39
0 606 467 58 72 377 580 259 269 
Vertex 270 distance 31
0 606 347 432 490 407 599 270 
Vertex 271 distance 26
0 606 630 197 550 327 271 
Vertex 272 distance 33
0 423 224 492 570 272 
Vertex 273 distance 33
0 606 347 432 84 161 491 290 273 
Vertex 274 distance 43
0 423 309 433 116 82 274 
Vertex 275 distance 25
0 606 347 432 490 407 209 526 557 638 275 
Vertex 276 distance 28
0 423 180 331 349 276 
Vertex 277 distance 29
0 606 347 432 84 161 491 277 
Vertex 278 distance 40
0 212 117 278 
Vertex 279 distance 35
0 423 309 433 116 279 
Vertex 280 distance 45
0 423 224 96 470 375 280 
Vertex 281 distance 30
0 606 347 432 490 407 209 526 557 312 518 281 
Vertex 282 distance 33
0 606 630 148 498 282 
Vertex 283 distance 27
0 606 347 432 490 407 209 526 557 356 283 
Vertex 284 distance 27
0 606 347 432 490 284 
Vertex 285 distance 32
0 606 467 123 353 285 
Vertex 286 distance 26
0 606 347 432 490 407 574 286 
Vertex 287 distance 30
0 606 467 58 482 26 287 
Vertex 288 distance 36
0 606 630 148 324 354 288 
Vertex 289 distance 28
0 606 347 432 490 407 209 526 557 638 275 289 
Vertex 290 distance 29
0 606 347 432 84 161 491 290 
Vertex 291 distance 29
0 606 347 250 558 465 291 
Vertex 292 distance 24
0 423 309 433 175 292 
Vertex 293 distance 24
0 606 630 595 548 293 
Vertex 294 distance 25
0 606 347 432 84 161 491 267 294 
Vertex 295 distance 45
0 423 224 60 33 9 295 
Vertex 296 distance 19
0 606 630 595 296 
Vertex 297 distance 35
0 606 347 250 261 352 297 
Vertex 298 distance 23
0 423 224 492 298 
Vertex 299 distance 21
0 606 347 628 299 
Vertex 300 distance 33
0 606 530 87 300 
Vertex 301 distance 41
0 606 630 481 466 484 193 301 
Vertex 302 distance 25
0 423 224 174 128 302 
Vertex 303 distance 30
0 606 347 250 558 465 303 
Vertex 304 distance 32
0 606 630 197 550 327 460 337 31 442 304 
Vertex 305 distance 26
0 606 630 197 550 327 460 337 305 
Vertex 306 distance 35
0 606 347 250 558 465 303 306 
Vertex 307 distance 29
0 606 347 432 633 307 
Vertex 308 distance 28
0 606 347 555 308 
Vertex 309 distance 13
0 423 309 
Vertex 310 distance 34
0 310 
Vertex 311 distance 28
0 606 347 432 490 407 209 625 232 65 311 
Vertex 312 distance 23
0 606 347 432 490 407 209 526 557 312 
Vertex 313 distance 36
0 423 313 
Vertex 314 distance 21
0 606 630 197 550 327 460 314 
Vertex 315 distance 20
0 606 347 432 490 407 209 625 232 315 
Vertex 316 distance 34
0 423 224 96 316 
Vertex 317 distance 23
0 423 224 60 317 
Vertex 318 distance 37
0 606 347 628 596 318 
Vertex 319 distance 18
0 606 347 432 319 
Vertex 320 distance 33
0 606 347 555 320 
Vertex 321 distance 30
0 606 467 58 72 377 126 321 
Vertex 322 distance 34
0 606 630 595 296 238 322 
Vertex 323 distance 36
0 606 347 432 490 407 209 526 557 213 323 
Vertex 324 distance 27
0 606 630 148 324 
Vertex 325 distance 25
0 423 88 461 188 325 
Vertex 326 distance 30
0 606 630 197 550 327 460 337 31 626 326 
Vertex 327 distance 17
0 606 630 197 550 327 
Vertex 328 distance 31
0 606 347 566 632 328 
Vertex 329 distance 34
0 606 467 123 353 604 329 
Vertex 330 distance 19
0 606 630 197 550 327 330 
Vertex 331 distance 20
0 423 180 331 
Vertex 332 distance 28
0 606 347 432 98 332 
Vertex 333 distance 30
0 606 347 432 490 127 333 
Vertex 334 distance 15
0 606 630 197 334 
Vertex 335 distance 30
0 606 347 335 
Vertex 336 distance 30
0 606 630 481 8 629 154 553 336 
Vertex 337 distance 22
0 606 630 197 550 327 460 337 
Vertex 338 distance 39
0 606 347 432 490 124 436 22 338 
Vertex 339 distance 33
0 606 347 432 490 206 450 339 
Vertex 340 distance 38
0 423 224 60 33 9 340 
Vertex 341 distance 30
0 606 347 628 596 210 241 341 
Vertex 342 distance 42
0 606 630 148 498 69 342 
Vertex 343 distance 42
0 606 347 432 490 407 209 526 557 213 222 563 343 
Vertex 344 distance 34
0 606 467 58 63 198 239 344 
Vertex 345 distance 27
0 606 630 197 550 327 418 345 
Vertex 346 distance 35
0 606 347 432 490 407 209 526 557 312 518 346 
Vertex 347 distance 4
0 606 347 
Vertex 348 distance 28
0 423 309 546 348 
Vertex 349 distance 25
0 423 180 331 349 
Vertex 350 distance 39
0 606 347 432 490 124 350 
Vertex 351 distance 35
0 606 630 197 550 327 330 391 351 
Vertex 352 distance 28
0 606 347 250 261 352 
Vertex 353 distance 25
0 606 467 123 353 
Vertex 354 distance 28
0 606 630 148 324 354 
Vertex 355 distance 53
0 606 630 197 550 327 598 55 355 
Vertex 356 distance 24
0 606 347 432 490 407 209 526 557 356 
Vertex 357 distance 21
0 606 630 197 565 357 
Vertex 358 distance 24
0 606 630 358 
Vertex 359 distance 26
0 606 630 197 565 359 
Vertex 360 distance 39
0 423 309 433 175 592 609 360 
Vertex 361 distance 7
0 606 361 
Vertex 362 distance 28
0 423 309 433 131 362 
Vertex 363 distance 27
0 606 347 432 84 161 514 363 
Vertex 364 distance 32
0 606 467 123 364 
Vertex 365 distance 30
0 606 630 365 
Vertex 366 distance 44
0 606 630 148 498 446 601 366 
Vertex 367 distance 33
0 606 630 595 548 454 367 
Vertex 368 distance 38
0 606 630 197 550 327 460 314 368 
Vertex 369 distance 26
0 423 224 369 
Vertex 370 distance 25
0 606 347 432 490 407 370 
Vertex 371 distance 28
0 606 347 432 490 407 2 371 
Vertex 372 distance 38
0 606 630 197 550 327 460 314 110 372 
Vertex 373 distance 24
0 423 309 546 402 373 
Vertex 374 distance 29
0 606 347 432 490 407 2 371 374 
Vertex 375 distance 36
0 423 224 96 470 375 
Vertex 376 distance 34
0 423 309 546 151 165 376 
Vertex 377 distance 21
0 606 467 58 72 377 
Vertex 378 distance 21
0 606 630 197 334 378 
Vertex 379 distance 33
0 606 630 481 8 629 379 
Vertex 380 distance 39
0 606 467 58 63 198 380 
Vertex 381 distance 26
0 606 630 481 8 629 381 
Vertex 382 distance 22
0 591 103 382 
Vertex 383 distance 29
0 606 347 432 490 218 114 383 
Vertex 384 distance 34
0 423 224 96 384 
Vertex 385 distance 33
0 606 630 481 8 385 
Vertex 386 distance 28
0 606 386 
Vertex 387 distance 31
0 606 630 148 387 
Vertex 388 distance 30
0 606 347 432 490 407 574 265 388 
Vertex 389 distance 40
0 606 467 58 72 204 389 
Vertex 390 distance 26
0 606 630 197 550 562 390 
Vertex 391 distance 29
0 606 630 197 550 327 330 391 
Vertex 392 distance 39
0 423 88 461 188 163 392 
Vertex 393 distance 43
0 606 347 250 261 352 297 393 
Vertex 394 distance 32
0 591 394 
Vertex 395 distance 39
0 606 630 197 550 562 395 
Vertex 396 distance 33
0 606 630 197 550 327 460 396 
Vertex 397 distance 28
0 606 630 595 548 454 397 
Vertex 398 distance 25
0 606 347 432 98 398 
Vertex 399 distance 33
0 606 630 197 565 357 469 399 
Vertex 400 distance 40
0 606 630 197 191 400 
Vertex 401 distance 28
0 606 347 432 84 161 486 172 76 401 
Vertex 402 distance 22
0 423 309 546 402 
Vertex 403 distance 27
0 591 103 382 194 403 
Vertex 404 distance 19
0 606 630 595 173 404 
Vertex 405 distance 26
0 606 630 197 550 327 460 405 
Vertex 406 distance 35
0 606 347 432 490 407 2 166 120 512 406 
Vertex 407 distance 13
0 606 347 432 490 407 
Vertex 408 distance 37
0 606 347 432 490 407 209 526 557 638 408 
Vertex 409 distance 30
0 606 347 432 490 407 209 526 557 312 518 409 
Vertex 410 distance 18
0 606 630 410 
Vertex 411 distance 31
0 606 347 250 261 411 
Vertex 412 distance 23
0 423 309 412 
Vertex 413 distance 35
0 423 309 433 175 292 413 
Vertex 414 distance 27
0 423 224 174 128 414 
Vertex 415 distance 32
0 606 347 432 490 407 2 371 251 415 
Vertex 416 distance 30
0 423 88 461 188 143 416 
Vertex 417 distance 23
0 606 630 481 8 629 464 417 
Vertex 418 distance 23
0 606 630 197 550 327 418 
Vertex 419 distance 28
0 606 347 250 419 
Vertex 420 distance 22
0 606 347 432 490 168 420 
Vertex 421 distance 34
0 606 630 197 550 573 421 
Vertex 422 distance 26
0 606 630 595 296 238 422 
Vertex 423 distance 10
0 423 
Vertex 424 distance 29
0 606 630 197 550 157 424 
Vertex 425 distance 21
0 606 347 432 490 407 2 217 425 
Vertex 426 distance 35
0 606 630 197 550 327 418 426 
Vertex 427 distance 27
0 606 630 197 565 357 469 427 
Vertex 428 distance 34
0 606 347 250 419 428 
Vertex 429 distance 33
0 606 347 432 490 168 429 
Vertex 430 distance 26
0 606 630 197 334 61 108 430 
Vertex 431 distance 29
0 606 347 432 490 168 420 431 
Vertex 432 distance 6
0 606 347 432 
Vertex 433 distance 14
0 423 309 433 
Vertex 434 distance 21
0 606 630 595 548 434 
Vertex 435 distance 23
0 606 630 197 334 435 
Vertex 436 distance 24
0 606 347 432 490 124 436 
Vertex 437 distance 23
0 423 309 437 
Vertex 438 distance 32
0 606 347 432 490 407 2 171 438 
Vertex 439 distance 43
0 606 347 432 490 206 439 
Vertex 440 distance 32
0 606 630 481 8 561 440 
Vertex 441 distance 28
0 606 630 197 550 327 460 314 110 441 
Vertex 442 distance 25
0 606 630 197 550 327 460 337 31 442 
Vertex 443 distance 22
0 606 347 432 84 443 
Vertex 444 distance 28
0 606 630 481 8 629 178 444 
Vertex 445 distance 26
0 606 630 197 550 157 445 
Vertex 446 distance 27
0 606 630 148 498 446 
Vertex 447 distance 35
0 606 347 250 447 
Vertex 448 distance 35
0 606 467 58 63 198 448 
Vertex 449 distance 34
0 423 309 546 151 449 
Vertex 450 distance 32
0 606 347 432 490 206 450 
Vertex 451 distance 35
0 606 347 566 502 589 451 
Vertex 452 distance 34
0 606 347 250 261 411 452 
Vertex 453 distance 27
0 606 630 481 466 453 
Vertex 454 distance 25
0 606 630 595 548 454 
Vertex 455 distance 28
0 606 630 197 550 327 598 43 455 
Vertex 456 distance 24
0 606 630 197 565 67 456 
Vertex 457 distance 26
0 606 347 432 490 407 209 526 557 638 1 457 
Vertex 458 distance 28
0 606 347 432 490 407 209 479 458 
Vertex 459 distance 30
0 606 630 197 550 562 390 459 
Vertex 460 distance 18
0 606 630 197 550 327 460 
Vertex 461 distance 14
0 423 88 461 
Vertex 462 distance 32
0 606 347 432 490 407 209 526 557 312 518 281 462 
Vertex 463 distance 42
0 606 347 432 490 407 209 526 557 312 518 409 463 
Vertex 464 distance 22
0 606 630 481 8 629 464 
Vertex 465 distance 27
0 606 347 250 558 465 
Vertex 466 distance 22
0 606 630 481 466 
Vertex 467 distance 10
0 606 467 
Vertex 468 distance 46
0 606 347 628 596 210 468 
Vertex 469 distance 25
0 606 630 197 565 357 469 
Vertex 470 distance 32
0 423 224 96 470 
Vertex 471 distance 34
0 606 347 250 261 352 471 
Vertex 472 distance 24
0 606 347 432 84 161 491 472 
Vertex 473 distance 26
0 606 347 432 84 161 473 
Vertex 474 distance 36
0 606 347 432 490 407 2 166 120 512 29 474 
Vertex 475 distance 32
0 423 309 546 151 475 
Vertex 476 distance 27
0 476 
Vertex 477 distance 35
0 536 477 
Vertex 478 distance 30
0 423 88 461 53 478 
Vertex 479 distance 22
0 606 347 432 490 407 209 479 
Vertex 480 distance 36
0 606 347 432 490 407 2 371 251 263 480 
Vertex 481 distance 17
0 606 630 481 
Vertex 482 distance 24
0 606 467 58 482 
Vertex 483 distance 30
0 423 309 433 116 236 614 483 
Vertex 484 distance 34
0 606 630 481 466 484 
Vertex 485 distance 42
0 606 630 197 550 327 460 314 110 372 485 
Vertex 486 distance 21
0 606 347 432 84 161 486 
Vertex 487 distance 43
0 606 630 197 550 562 390 18 487 
Vertex 488 distance 33
0 606 467 58 63 198 488 
Vertex 489 distance 33
0 606 347 250 558 465 303 489 
Vertex 490 distance 12
0 606 347 432 490 
Vertex 491 distance 18
0 606 347 432 84 161 491 
Vertex 492 distance 22
0 423 224 492 
Vertex 493 distance 30
0 606 467 58 63 198 493 
Vertex 494 distance 36
0 423 180 71 494 
Vertex 495 distance 23
0 495 
Vertex 496 distance 33
0 606 467 58 496 
Vertex 497 distance 27
0 606 630 197 550 327 460 405 497 
Vertex 498 distance 25
0 606 630 148 498 
Vertex 499 distance 33
0 606 347 432 490 407 2 166 499 
Vertex 500 distance 30
0 606 530 231 500 
Vertex 501 distance 39
0 606 347 432 490 407 370 5 501 
Vertex 502 distance 22
0 606 347 566 502 
Vertex 503 distance 27
0 606 630 595 296 238 503 
Vertex 504 distance 44
0 423 224 96 525 504 
Vertex 505 distance 25
0 591 505 
Vertex 506 distance 33
0 606 347 432 490 407 2 171 438 506 
Vertex 507 distance 43
0 606 630 197 550 327 598 43 70 142 12 507 
Vertex 508 distance 20
0 606 347 432 84 161 508 
Vertex 509 distance 36
0 212 509 
Vertex 510 distance 32
0 606 630 197 550 327 460 314 110 441 510 
Vertex 511 distance 39
0 606 630 197 565 357 511 
Vertex 512 distance 26
0 606 347 432 490 407 2 166 120 512 
Vertex 513 distance 40
0 606 630 481 8 385 513 
Vertex 514 distance 20
0 606 347 432 84 161 514 
Vertex 515 distance 32
0 606 630 595 173 404 515 
Vertex 516 distance 31
0 606 630 197 550 327 460 337 31 626 326 516 
Vertex 517 distance 32
0 606 347 432 490 407 209 526 557 213 517 
Vertex 518 distance 27
0 606 347 432 490 407 209 526 557 312 518 
Vertex 519 distance 30
0 423 88 461 188 143 57 519 
Vertex 520 distance 34
0 423 180 71 520 
Vertex 521 distance 19
0 606 347 432 490 521 
Vertex 522 distance 33
0 606 347 432 490 407 574 130 522 
Vertex 523 distance 41
0 606 467 58 482 26 523 
Vertex 524 distance 36
0 423 309 546 151 475 524 
Vertex 525 distance 41
0 423 224 96 525 
Vertex 526 distance 18
0 606 347 432 490 407 209 526 
Vertex 527 distance 33
0 606 630 148 527 
Vertex 528 distance 34
0 606 630 197 565 357 528 
Vertex 529 distance 26
0 423 224 60 317 529 
Vertex 530 distance 19
0 606 530 
Vertex 531 distance 25
0 606 630 481 8 531 
Vertex 532 distance 35
0 606 347 432 490 407 2 532 
Vertex 533 distance 28
0 606 347 566 502 589 533 
Vertex 534 distance 34
0 606 347 628 596 210 241 341 534 
Vertex 535 distance 30
0 606 630 68 535 
Vertex 536 distance 21
0 536 
Vertex 537 distance 30
0 606 347 432 490 407 2 371 374 537 
Vertex 538 distance 45
0 541 538 
Vertex 539 distance 35
0 606 467 58 63 198 239 539 
Vertex 540 distance 29
0 606 347 432 84 161 514 363 540 
Vertex 541 distance 29
0 541 
Vertex 542 distance 44
0 606 347 432 490 407 209 526 557 312 518 346 542 
Vertex 543 distance 28
0 606 347 432 490 407 209 526 557 638 227 543 
Vertex 544 distance 24
0 606 347 432 490 407 209 526 557 213 544 
Vertex 545 distance 35
0 423 309 433 116 236 614 483 545 
Vertex 546 distance 17
0 423 309 546 
Vertex 547 distance 38
0 606 347 432 84 547 
Vertex 548 distance 18
0 606 630 595 548 
Vertex 549 distance 24
0 606 347 432 490 407 209 526 557 638 549 
Vertex 550 distance 16
0 606 630 197 550 
Vertex 551 distance 29
0 591 505 551 
Vertex 552 distance 43
0 606 347 432 490 407 2 166 499 552 
Vertex 553 distance 27
0 606 630 481 8 629 154 553 
Vertex 554 distance 39
0 606 630 365 554 
Vertex 555 distance 26
0 606 347 555 
Vertex 556 distance 28
0 606 347 432 490 407 209 526 557 638 549 556 
Vertex 557 distance 21
0 606 347 432 490 407 209 526 557 
Vertex 558 distance 26
0 606 347 250 558 
Vertex 559 distance 26
0 606 347 432 84 161 486 172 559 
Vertex 560 distance 28
0 606 347 432 84 161 514 560 
Vertex 561 distance 20
0 606 630 481 8 561 
Vertex 562 distance 19
0 606 630 197 550 562 
Vertex 563 distance 26
0 606 347 432 490 407 209 526 557 213 222 563 
Vertex 564 distance 27
0 606 630 197 565 564 
Vertex 565 distance 14
0 606 630 197 565 
Vertex 566 distance 21
0 606 347 566 
Vertex 567 distance 31
0 606 347 432 490 218 114 200 567 
Vertex 568 distance 34
0 423 224 60 33 9 568 
Vertex 569 distance 22
0 606 347 432 84 161 514 569 
Vertex 570 distance 30
0 423 224 492 570 
Vertex 571 distance 25
0 606 467 58 72 571 
Vertex 572 distance 45
0 423 180 135 155 572 
Vertex 573 distance 29
0 606 630 197 550 573 
Vertex 574 distance 25
0 606 347 432 490 407 574 
Vertex 575 distance 40
0 606 347 432 490 407 2 166 120 62 575 
Vertex 576 distance 30
0 606 630 197 334 61 106 576 
Vertex 577 distance 29
0 606 467 58 63 73 577 
Vertex 578 distance 46
0 423 309 433 175 592 609 360 578 
Vertex 579 distance 30
0 606 347 432 490 521 579 
Vertex 580 distance 26
0 606 467 58 72 377 580 
Vertex 581 distance 40
0 606 347 432 490 407 2 371 251 263 581 
Vertex 582 distance 38
0 423 224 174 128 302 582 
Vertex 583 distance 41
0 606 630 595 296 583 
Vertex 584 distance 37
0 606 630 481 8 629 230 584 
Vertex 585 distance 36
0 423 309 546 402 373 585 
Vertex 586 distance 26
0 606 630 197 334 378 586 
Vertex 587 distance 27
0 606 630 595 587 
Vertex 588 distance 38
0 606 630 481 8 629 230 109 588 
Vertex 589 distance 23
0 606 347 566 502 589 
Vertex 590 distance 35
0 423 180 331 590 
Vertex 591 distance 20
0 591 
Vertex 592 distance 24
0 423 309 433 175 592 
Vertex 593 distance 28
0 423 309 433 116 593 
Vertex 594 distance 29
0 423 224 60 317 594 
Vertex 595 distance 14
0 606 630 595 
Vertex 596 distance 21
0 606 347 628 596 
Vertex 597 distance 32
0 606 347 432 490 407 2 166 120 597 
Vertex 598 distance 22
0 606 630 197 550 327 598 
Vertex 599 distance 29
0 606 347 432 490 407 599 
Vertex 600 distance 30
0 606 630 481 466 453 600 
Vertex 601 distance 35
0 606 630 148 498 446 601 
Vertex 602 distance 31
0 606 630 197 550 327 418 345 202 602 
Vertex 603 distance 27
0 606 347 432 490 168 112 603 
Vertex 604 distance 28
0 606 467 123 353 604 
Vertex 605 distance 23
0 591 103 382 605 
Vertex 606 distance 3
0 606 
Vertex 607 distance 33
0 606 347 628 596 607 
Vertex 608 distance 38
0 423 180 135 256 608 
Vertex 609 distance 35
0 423 309 433 175 592 609 
Vertex 610 distance 28
0 423 309 546 402 610 
Vertex 611 distance 28
0 423 309 546 402 611 
Vertex 612 distance 21
0 606 347 432 490 612 
Vertex 613 distance 34
0 606 347 432 490 407 209 526 557 638 1 457 613 
Vertex 614 distance 28
0 423 309 433 116 236 614 
Vertex 615 distance 32
0 606 630 197 550 327 330 615 
Vertex 616 distance 26
0 606 347 432 490 521 616 
Vertex 617 distance 30
0 423 309 546 151 617 
Vertex 618 distance 26
0 606 630 595 618 
Vertex 619 distance 35
0 606 630 595 296 238 619 
Vertex 620 distance 45
0 423 180 331 590 620 
Vertex 621 distance 32
0 606 347 432 490 407 2 371 251 621 
Vertex 622 distance 34
0 606 347 432 490 218 114 200 268 622 
Vertex 623 distance 36
0 606 467 58 72 377 580 631 623 
Vertex 624 distance 30
0 423 224 60 317 529 624 
Vertex 625 distance 16
0 606 347 432 490 407 209 625 
Vertex 626 distance 28
0 606 630 197 550 327 460 337 31 626 
Vertex 627 distance 34
0 606 347 432 490 124 436 627 
Vertex 628 distance 12
0 606 347 628 
Vertex 629 distance 19
0 606 630 481 8 629 
Vertex 630 distance 11
0 606 630 
Vertex 631 distance 29
0 606 467 58 72 377 580 631 
Vertex 632 distance 28
0 606 347 566 632 
Vertex 633 distance 20
0 606 347 432 633 
Vertex 634 distance 32
0 606 467 58 63 198 239 634 
Vertex 635 distance 20
0 606 347 432 490 635 
Vertex 636 distance 32
0 423 309 433 131 636 
Vertex 637 distance 40
0 423 309 433 116 236 614 483 545 637 
Vertex 638 distance 23
0 606 347 432 490 407 209 526 557 638 
Vertex 639 distance 34
0 606 630 197 550 562 390 19 639 
