Vertex 0 distance 0
0 0 
Vertex 1 distance 34
0 309 607 326 204 186 1 
Vertex 2 distance 19
0 309 607 2 
Vertex 3 distance 30
0 309 74 285 554 3 
Vertex 4 distance 23
0 309 74 285 554 4 
Vertex 5 distance 35
0 309 74 285 554 3 372 5 
Vertex 6 distance 37
0 571 392 357 81 6 
Vertex 7 distance 40
0 309 74 285 448 405 86 396 321 7 
Vertex 8 distance 46
0 309 74 285 411 485 380 562 429 8 
Vertex 9 distance 46
0 309 173 320 152 548 184 9 
Vertex 10 distance 30
0 309 435 10 
Vertex 11 distance 32
0 309 607 638 342 491 237 521 11 
Vertex 12 distance 38
0 309 173 320 586 345 105 628 12 
Vertex 13 distance 38
0 309 74 285 554 533 464 13 
Vertex 14 distance 28
0 309 74 285 43 477 231 14 
Vertex 15 distance 31
0 309 74 285 43 477 231 14 409 15 
Vertex 16 distance 39
0 309 607 638 342 41 16 
Vertex 17 distance 44
0 309 435 608 148 401 220 17 
Vertex 18 distance 39
0 309 607 326 390 88 61 18 
Vertex 19 distance 24
0 571 555 260 36 19 
Vertex 20 distance 31
0 309 435 608 251 20 
Vertex 21 distance 37
0 309 173 320 366 418 507 21 
Vertex 22 distance 36
0 309 607 490 377 427 22 
Vertex 23 distance 42
0 309 173 320 152 159 23 
Vertex 24 distance 35
0 571 555 260 36 19 444 24 
Vertex 25 distance 30
0 309 74 285 411 485 380 629 506 256 25 
Vertex 26 distance 38
0 309 74 285 554 258 443 212 509 26 
Vertex 27 distance 33
0 309 173 320 108 589 27 
Vertex 28 distance 35
0 309 173 320 108 589 402 28 
Vertex 29 distance 38
0 309 74 285 468 561 150 203 29 
Vertex 30 distance 29
0 309 607 490 30 
Vertex 31 distance 37
0 309 607 638 342 491 237 31 
Vertex 32 distance 34
0 309 74 32 
Vertex 33 distance 51
0 309 74 285 468 471 544 33 
Vertex 34 distance 33
0 309 607 490 337 272 34 
Vertex 35 distance 44
0 309 607 326 204 186 1 35 
Vertex 36 distance 23
0 571 555 260 36 
Vertex 37 distance 27
0 571 555 260 36 364 37 
Vertex 38 distance 38
0 309 74 285 468 561 150 210 302 38 
Vertex 39 distance 34
0 309 607 490 337 194 639 39 
Vertex 40 distance 35
0 309 74 285 554 533 167 359 275 40 
Vertex 41 distance 28
0 309 607 638 342 41 
Vertex 42 distance 40
0 309 607 638 342 41 16 42 
Vertex 43 distance 17
0 309 74 285 43 
Vertex 44 distance 33
0 309 74 285 554 533 167 621 44 
Vertex 45 distance 36
0 309 607 216 447 381 45 
Vertex 46 distance 31
0 309 74 285 448 46 
Vertex 47 distance 26
0 315 47 
Vertex 48 distance 21
0 309 74 285 43 48 
Vertex 49 distance 37
0 309 74 285 468 561 200 49 
Vertex 50 distance 27
0 309 74 285 468 561 50 
Vertex 51 distance 34
0 309 435 608 109 323 51 
Vertex 52 distance 45
0 309 173 320 586 559 106 306 565 52 
Vertex 53 distance 36
0 309 173 320 586 132 53 
Vertex 54 distance 38
0 309 74 285 411 479 286 54 
Vertex 55 distance 29
0 309 607 216 447 230 55 
Vertex 56 distance 41
0 309 74 285 468 526 280 481 56 
Vertex 57 distance 48
0 315 404 452 407 460 57 
Vertex 58 distance 33
0 315 404 452 166 58 
Vertex 59 distance 32
0 551 59 
Vertex 60 distance 22
0 315 60 
Vertex 61 distance 30
0 309 607 326 390 88 61 
Vertex 62 distance 32
0 309 607 638 342 491 62 
Vertex 63 distance 30
0 309 63 
Vertex 64 distance 33
0 309 74 285 43 477 231 14 64 
Vertex 65 distance 51
0 309 607 467 87 65 
Vertex 66 distance 26
0 309 74 285 468 526 259 66 
Vertex 67 distance 32
0 309 607 346 67 
Vertex 68 distance 35
0 309 173 320 152 382 126 68 
Vertex 69 distance 26
0 309 74 285 468 561 69 
Vertex 70 distance 28
0 309 74 285 411 485 70 
Vertex 71 distance 35
0 309 607 638 342 41 71 
Vertex 72 distance 54
0 571 555 260 36 364 72 
Vertex 73 distance 29
0 309 607 326 531 73 
Vertex 74 distance 8
0 309 74 
Vertex 75 distance 37
0 309 173 320 586 132 434 75 
Vertex 76 distance 35
0 309 435 608 148 401 76 
Vertex 77 distance 32
0 309 74 285 43 477 231 14 409 15 77 
Vertex 78 distance 40
0 571 293 78 
Vertex 79 distance 32
0 309 74 285 43 48 580 79 
Vertex 80 distance 32
0 309 435 608 94 80 
Vertex 81 distance 30
0 571 392 357 81 
Vertex 82 distance 41
0 309 74 285 468 561 438 239 82 
Vertex 83 distance 37
0 309 74 285 411 485 70 83 
Vertex 84 distance 47
0 309 74 285 411 485 431 616 505 84 
Vertex 85 distance 30
0 309 74 285 468 561 85 
Vertex 86 distance 31
0 309 74 285 448 405 86 
Vertex 87 distance 40
0 309 607 467 87 
Vertex 88 distance 26
0 309 607 326 390 88 
Vertex 89 distance 30
0 309 214 89 
Vertex 90 distance 26
0 309 607 216 447 90 
Vertex 91 distance 29
0 309 607 216 447 230 195 91 
Vertex 92 distance 44
0 309 74 285 554 3 372 111 92 
Vertex 93 distance 35
0 309 74 383 354 93 
Vertex 94 distance 29
0 309 435 608 94 
Vertex 95 distance 27
0 309 173 320 586 345 105 95 
Vertex 96 distance 34
0 309 74 285 468 526 606 417 96 
Vertex 97 distance 33
0 309 607 638 342 491 97 
Vertex 98 distance 14
0 571 98 
Vertex 99 distance 37
0 309 74 285 411 99 
Vertex 100 distance 30
0 309 74 285 554 533 167 100 
Vertex 101 distance 32
0 571 98 116 546 101 
Vertex 102 distance 32
0 309 607 467 287 102 
Vertex 103 distance 37
0 309 74 285 43 477 231 139 103 
Vertex 104 distance 16
0 309 74 104 
Vertex 105 distance 26
0 309 173 320 586 345 105 
Vertex 106 distance 25
0 309 173 320 586 559 106 
Vertex 107 distance 34
0 309 607 638 342 491 237 107 
Vertex 108 distance 21
0 309 173 320 108 
Vertex 109 distance 28
0 309 435 608 109 
Vertex 110 distance 41
0 309 173 320 586 345 466 110 
Vertex 111 distance 34
0 309 74 285 554 3 372 111 
Vertex 112 distance 46
0 309 74 285 468 526 259 66 384 617 112 
Vertex 113 distance 30
0 309 173 320 366 632 113 
Vertex 114 distance 34
0 309 173 320 366 418 114 
Vertex 115 distance 34
0 571 98 116 115 
Vertex 116 distance 20
0 571 98 116 
Vertex 117 distance 37
0 309 607 216 243 591 117 
Vertex 118 distance 41
0 309 74 285 468 344 582 118 
Vertex 119 distance 32
0 309 607 467 119 
Vertex 120 distance 29
0 309 74 285 468 526 120 
Vertex 121 distance 46
0 315 404 452 572 503 121 
Vertex 122 distance 37
0 571 392 348 228 455 122 
Vertex 123 distance 46
0 309 607 638 351 284 123 
Vertex 124 distance 41
0 571 392 348 543 164 124 
Vertex 125 distance 18
0 571 98 125 
Vertex 126 distance 30
0 309 173 320 152 382 126 
Vertex 127 distance 37
0 309 74 285 43 477 231 127 
Vertex 128 distance 35
0 309 74 285 554 4 224 128 
Vertex 129 distance 28
0 129 
Vertex 130 distance 37
0 309 74 285 43 477 416 130 
Vertex 131 distance 39
0 309 74 285 468 526 259 66 384 131 
Vertex 132 distance 23
0 309 173 320 586 132 
Vertex 133 distance 46
0 309 173 320 586 132 253 133 
Vertex 134 distance 34
0 309 607 134 
Vertex 135 distance 39
0 309 607 467 119 135 
Vertex 136 distance 40
0 309 607 216 447 381 136 
Vertex 137 distance 39
0 309 173 320 586 345 536 298 137 
Vertex 138 distance 32
0 309 607 216 138 
Vertex 139 distance 26
0 309 74 285 43 477 231 139 
Vertex 140 distance 45
0 309 173 320 586 140 
Vertex 141 distance 27
0 571 392 348 541 141 
Vertex 142 distance 35
0 571 98 255 213 142 
Vertex 143 distance 38
0 571 392 348 228 455 122 143 
Vertex 144 distance 46
0 309 214 89 624 247 144 
Vertex 145 distance 37
0 309 74 285 411 485 431 626 248 145 
Vertex 146 distance 36
0 309 607 490 337 194 639 39 146 
Vertex 147 distance 33
0 571 392 348 228 498 147 
Vertex 148 distance 21
0 309 435 608 148 
Vertex 149 distance 26
0 309 74 285 468 561 149 
Vertex 150 distance 22
0 309 74 285 468 561 150 
Vertex 151 distance 30
0 571 392 348 228 172 151 
Vertex 152 distance 28
0 309 173 320 152 
Vertex 153 distance 42
0 571 293 190 153 
Vertex 154 distance 36
0 309 607 638 342 491 237 340 154 
Vertex 155 distance 25
0 309 607 216 155 
Vertex 156 distance 39
0 309 74 285 468 526 280 156 
Vertex 157 distance 46
0 309 74 285 411 485 380 629 506 256 25 494 157 
Vertex 158 distance 42
0 571 555 260 36 158 
Vertex 159 distance 33
0 309 173 320 152 159 
Vertex 160 distance 31
0 571 555 260 36 19 419 160 
Vertex 161 distance 37
0 309 74 285 554 533 167 161 
Vertex 162 distance 34
0 309 74 285 554 533 167 162 
Vertex 163 distance 42
0 571 392 163 
Vertex 164 distance 31
0 571 392 348 543 164 
Vertex 165 distance 38
0 309 74 285 43 477 231 14 165 
Vertex 166 distance 32
0 315 404 452 166 
Vertex 167 distance 27
0 309 74 285 554 533 167 
Vertex 168 distance 32
0 309 173 320 586 132 253 168 
Vertex 169 distance 28
0 309 74 285 468 526 280 311 169 
Vertex 170 distance 35
0 309 607 2 353 170 
Vertex 171 distance 29
0 571 392 348 228 498 171 
Vertex 172 distance 29
0 571 392 348 228 172 
Vertex 173 distance 14
0 309 173 
Vertex 174 distance 33
0 309 176 174 
Vertex 175 distance 36
0 309 74 285 468 561 69 197 450 175 
Vertex 176 distance 29
0 309 176 
Vertex 177 distance 39
0 309 607 326 390 88 584 177 
Vertex 178 distance 43
0 309 74 285 554 533 167 621 475 178 
Vertex 179 distance 26
0 309 607 490 179 
Vertex 180 distance 31
0 571 98 255 180 
Vertex 181 distance 39
0 309 74 285 468 526 606 181 
Vertex 182 distance 30
0 571 555 260 36 19 444 182 
Vertex 183 distance 35
0 315 404 452 183 
Vertex 184 distance 34
0 309 173 320 152 548 184 
Vertex 185 distance 28
0 315 185 
Vertex 186 distance 32
0 309 607 326 204 186 
Vertex 187 distance 40
0 309 74 285 411 485 380 562 187 
Vertex 188 distance 41
0 309 63 188 
Vertex 189 distance 42
0 309 173 320 108 589 402 189 
Vertex 190 distance 34
0 571 293 190 
Vertex 191 distance 28
0 315 60 274 191 
Vertex 192 distance 21
0 309 74 285 192 
Vertex 193 distance 35
0 309 74 285 411 485 70 193 
Vertex 194 distance 26
0 309 607 490 337 194 
Vertex 195 distance 28
0 309 607 216 447 230 195 
Vertex 196 distance 28
0 309 173 320 586 345 196 
Vertex 197 distance 30
0 309 74 285 468 561 69 197 
Vertex 198 distance 38
0 571 392 348 541 198 
Vertex 199 distance 32
0 309 607 490 337 194 199 
Vertex 200 distance 30
0 309 74 285 468 561 200 
Vertex 201 distance 24
0 571 201 
Vertex 202 distance 33
0 309 173 320 586 559 202 
Vertex 203 distance 25
0 309 74 285 468 561 150 203 
Vertex 204 distance 27
0 309 607 326 204 
Vertex 205 distance 42
0 309 74 285 411 485 380 562 205 
Vertex 206 distance 23
0 309 74 285 411 206 
Vertex 207 distance 28
0 309 74 207 
Vertex 208 distance 32
0 208 
Vertex 209 distance 38
0 571 209 
Vertex 210 distance 25
0 309 74 285 468 561 150 210 
Vertex 211 distance 31
0 309 607 216 211 
Vertex 212 distance 29
0 309 74 285 554 258 443 212 
Vertex 213 distance 28
0 571 98 255 213 
Vertex 214 distance 18
0 309 214 
Vertex 215 distance 41
0 571 555 260 36 215 
Vertex 216 distance 14
0 309 607 216 
Vertex 217 distance 33
0 309 607 638 342 491 237 217 
Vertex 218 distance 32
0 309 74 285 448 46 218 
Vertex 219 distance 38
0 309 74 285 468 561 150 210 302 219 
Vertex 220 distance 38
0 309 435 608 148 401 220 
Vertex 221 distance 36
0 309 74 285 43 48 580 221 
Vertex 222 distance 30
0 309 74 285 411 227 222 
Vertex 223 distance 37
0 571 555 260 36 19 444 487 223 
Vertex 224 distance 28
0 309 74 285 554 4 224 
Vertex 225 distance 29
0 309 607 490 337 478 225 
Vertex 226 distance 45
0 309 74 285 448 405 86 396 321 226 
Vertex 227 distance 28
0 309 74 285 411 227 
Vertex 228 distance 23
0 571 392 348 228 
Vertex 229 distance 37
0 309 74 285 43 48 580 79 229 
Vertex 230 distance 24
0 309 607 216 447 230 
Vertex 231 distance 22
0 309 74 285 43 477 231 
Vertex 232 distance 38
0 309 74 285 468 344 480 232 
Vertex 233 distance 44
0 571 392 348 543 233 
Vertex 234 distance 33
0 309 74 285 468 561 150 210 236 393 234 
Vertex 235 distance 38
0 309 173 320 366 524 235 
Vertex 236 distance 26
0 309 74 285 468 561 150 210 236 
Vertex 237 distance 26
0 309 607 638 342 491 237 
Vertex 238 distance 38
0 571 392 348 228 172 151 238 
Vertex 239 distance 31
0 309 74 285 468 561 438 239 
Vertex 240 distance 38
0 571 555 260 240 
Vertex 241 distance 38
0 309 74 285 468 561 200 424 241 
Vertex 242 distance 35
0 309 173 320 586 132 253 242 
Vertex 243 distance 31
0 309 607 216 243 
Vertex 244 distance 23
0 309 74 285 468 561 244 
Vertex 245 distance 36
0 309 607 216 627 245 
Vertex 246 distance 37
0 571 555 260 36 19 444 24 246 
Vertex 247 distance 33
0 309 214 89 624 247 
Vertex 248 distance 31
0 309 74 285 411 485 431 626 248 
Vertex 249 distance 47
0 315 47 249 
Vertex 250 distance 26
0 571 392 348 228 250 
Vertex 251 distance 28
0 309 435 608 251 
Vertex 252 distance 33
0 309 173 320 252 
Vertex 253 distance 27
0 309 173 320 586 132 253 
Vertex 254 distance 52
0 309 74 285 411 485 380 406 254 
Vertex 255 distance 19
0 571 98 255 
Vertex 256 distance 29
0 309 74 285 411 485 380 629 506 256 
Vertex 257 distance 28
0 571 555 260 36 257 
Vertex 258 distance 25
0 309 74 285 554 258 
Vertex 259 distance 24
0 309 74 285 468 526 259 
Vertex 260 distance 20
0 571 555 260 
Vertex 261 distance 29
0 309 173 320 586 132 261 
Vertex 262 distance 34
0 309 607 2 353 262 
Vertex 263 distance 31
0 309 74 285 468 561 150 263 
Vertex 264 distance 32
0 309 74 285 468 561 150 210 236 393 264 
Vertex 265 distance 34
0 309 435 265 
Vertex 266 distance 15
0 315 266 
Vertex 267 distance 39
0 309 74 285 554 258 443 212 509 26 267 
Vertex 268 distance 28
0 571 98 125 268 
Vertex 269 distance 46
0 309 173 269 
Vertex 270 distance 36
0 309 176 174 270 
Vertex 271 distance 33
0 309 607 216 447 230 195 271 
Vertex 272 distance 26
0 309 607 490 337 272 
Vertex 273 distance 31
0 309 607 638 278 273 
Vertex 274 distance 26
0 315 60 274 
Vertex 275 distance 32
0 309 74 285 554 533 167 359 275 
Vertex 276 distance 31
0 309 74 285 554 533 167 276 
Vertex 277 distance 39
0 571 98 255 180 322 277 
Vertex 278 distance 30
0 309 607 638 278 
Vertex 279 distance 31
0 309 173 320 366 632 279 
Vertex 280 distance 22
0 309 74 285 468 526 280 
Vertex 281 distance 31
0 309 74 285 411 485 380 629 506 281 
Vertex 282 distance 43
0 309 74 285 554 258 282 
Vertex 283 distance 49
0 309 300 283 
Vertex 284 distance 30
0 309 607 638 351 284 
Vertex 285 distance 9
0 309 74 285 
Vertex 286 distance 36
0 309 74 285 411 479 286 
Vertex 287 distance 24
0 309 607 467 287 
Vertex 288 distance 43
0 309 607 326 390 88 439 619 288 
Vertex 289 distance 35
0 309 74 285 468 526 289 
Vertex 290 distance 49
0 309 607 638 342 491 97 290 
Vertex 291 distance 32
0 309 173 320 291 
Vertex 292 distance 33
0 309 173 320 366 418 292 
Vertex 293 distance 33
0 571 293 
Vertex 294 distance 39
0 309 173 320 366 418 507 294 
Vertex 295 distance 29
0 309 607 638 342 491 295 
Vertex 296 distance 31
0 309 74 285 468 526 280 311 625 296 
Vertex 297 distance 36
0 571 98 125 388 297 
Vertex 298 distance 33
0 309 173 320 586 345 536 298 
Vertex 299 distance 38
0 309 74 285 468 526 280 311 625 319 299 
Vertex 300 distance 32
0 309 300 
Vertex 301 distance 29
0 309 173 320 366 301 
Vertex 302 distance 34
0 309 74 285 468 561 150 210 302 
Vertex 303 distance 32
0 571 392 348 541 141 303 
Vertex 304 distance 41
0 309 74 285 411 485 380 629 506 449 304 
Vertex 305 distance 34
0 309 74 285 468 526 305 
Vertex 306 distance 32
0 309 173 320 586 559 106 306 
Vertex 307 distance 29
0 309 607 601 307 
Vertex 308 distance 38
0 309 173 515 308 
Vertex 309 distance 4
0 309 
Vertex 310 distance 37
0 309 607 490 337 194 639 310 
Vertex 311 distance 26
0 309 74 285 468 526 280 311 
Vertex 312 distance 42
0 571 98 255 213 312 
Vertex 313 distance 34
0 309 435 608 251 20 313 
Vertex 314 distance 37
0 309 74 285 468 561 244 557 314 
Vertex 315 distance 12
0 315 
Vertex 316 distance 40
0 309 607 2 353 170 316 
Vertex 317 distance 40
0 571 392 348 541 317 
Vertex 318 distance 31
0 309 74 285 448 445 318 
Vertex 319 distance 36
0 309 74 285 468 526 280 311 625 319 
Vertex 320 distance 20
0 309 173 320 
Vertex 321 distance 36
0 309 74 285 448 405 86 396 321 
Vertex 322 distance 33
0 571 98 255 180 322 
Vertex 323 distance 32
0 309 435 608 109 323 
Vertex 324 distance 35
0 309 173 320 366 632 279 324 
Vertex 325 distance 38
0 309 74 285 468 561 85 325 
Vertex 326 distance 17
0 309 607 326 
Vertex 327 distance 35
0 309 607 2 399 327 
Vertex 328 distance 29
0 309 607 638 342 41 328 
Vertex 329 distance 44
0 309 173 320 329 
Vertex 330 distance 39
0 309 74 285 43 48 580 330 
Vertex 331 distance 48
0 309 74 285 468 561 244 557 314 331 
Vertex 332 distance 33
0 309 607 346 397 332 
Vertex 333 distance 36
0 315 185 333 
Vertex 334 distance 37
0 309 74 285 468 561 244 334 
Vertex 335 distance 49
0 309 607 601 335 
Vertex 336 distance 40
0 309 74 285 468 561 244 557 314 336 
Vertex 337 distance 20
0 309 607 490 337 
Vertex 338 distance 29
0 309 74 285 468 344 582 338 
Vertex 339 distance 34
0 309 173 515 339 
Vertex 340 distance 33
0 309 607 638 342 491 237 340 
Vertex 341 distance 32
0 309 74 285 43 477 231 14 409 341 
Vertex 342 distance 23
0 309 607 638 342 
Vertex 343 distance 48
0 309 607 216 243 343 
Vertex 344 distance 22
0 309 74 285 468 344 
Vertex 345 distance 25
0 309 173 320 586 345 
Vertex 346 distance 28
0 309 607 346 
Vertex 347 distance 32
0 309 74 285 468 561 244 347 
Vertex 348 distance 21
0 571 392 348 
Vertex 349 distance 34
0 309 74 285 411 485 380 629 349 
Vertex 350 distance 34
0 309 607 638 342 491 237 340 350 
Vertex 351 distance 27
0 309 607 638 351 
Vertex 352 distance 39
0 309 74 285 554 352 
Vertex 353 distance 30
0 309 607 2 353 
Vertex 354 distance 29
0 309 74 383 354 
Vertex 355 distance 38
0 309 74 285 468 526 280 311 625 355 
Vertex 356 distance 35
0 309 607 490 377 356 
Vertex 357 distance 20
0 571 392 357 
Vertex 358 distance 35
0 309 74 285 468 561 150 210 236 393 456 358 
Vertex 359 distance 31
0 309 74 285 554 533 167 359 
Vertex 360 distance 32
0 315 360 
Vertex 361 distance 40
0 309 173 320 586 559 106 306 565 361 
Vertex 362 distance 35
0 315 404 452 166 58 362 
Vertex 363 distance 46
0 309 74 285 468 526 305 363 
Vertex 364 distance 25
0 571 555 260 36 364 
Vertex 365 distance 36
0 571 555 260 36 257 365 
Vertex 366 distance 26
0 309 173 320 366 
Vertex 367 distance 31
0 309 173 320 366 632 367 
Vertex 368 distance 57
0 309 74 285 411 485 431 616 505 368 
Vertex 369 distance 38
0 571 555 260 36 369 
Vertex 370 distance 29
0 571 555 260 370 
Vertex 371 distance 37
0 309 74 285 468 561 149 371 
Vertex 372 distance 32
0 309 74 285 554 3 372 
Vertex 373 distance 36
0 309 173 320 108 373 
Vertex 374 distance 45
0 309 607 638 342 41 16 374 
Vertex 375 distance 34
0 309 173 320 586 132 375 
Vertex 376 distance 34
0 309 607 638 342 376 
Vertex 377 distance 31
0 309 607 490 377 
Vertex 378 distance 32
0 309 74 285 448 46 378 
Vertex 379 distance 39
0 309 607 490 179 379 
Vertex 380 distance 24
0 309 74 285 411 485 380 
Vertex 381 distance 34
0 309 607 216 447 381 
Vertex 382 distance 29
0 309 173 320 152 382 
Vertex 383 distance 27
0 309 74 383 
Vertex 384 distance 31
0 309 74 285 468 526 259 66 384 
Vertex 385 distance 46
0 309 74 285 468 561 150 592 385 
Vertex 386 distance 32
0 309 74 285 554 258 443 212 386 
Vertex 387 distance 28
0 309 74 285 43 48 387 
Vertex 388 distance 31
0 571 98 125 388 
Vertex 389 distance 28
0 309 74 285 411 389 
Vertex 390 distance 20
0 309 607 326 390 
Vertex 391 distance 36
0 309 74 285 448 405 86 391 
Vertex 392 distance 19
0 571 392 
Vertex 393 distance 27
0 309 74 285 468 561 150 210 236 393 
Vertex 394 distance 28
0 309 607 490 337 272 394 
Vertex 395 distance 36
0 571 392 348 543 395 
Vertex 396 distance 35
0 309 74 285 448 405 86 396 
Vertex 397 distance 32
0 309 607 346 397 
Vertex 398 distance 27
0 309 74 285 411 594 398 
Vertex 399 distance 27
0 309 607 2 399 
Vertex 400 distance 36
0 315 60 274 400 
Vertex 401 distance 22
0 309 435 608 148 401 
Vertex 402 distance 34
0 309 173 320 108 589 402 
Vertex 403 distance 35
0 309 607 638 342 420 403 
Vertex 404 distance 19
0 315 404 
Vertex 405 distance 20
0 309 74 285 448 405 
Vertex 406 distance 30
0 309 74 285 411 485 380 406 
Vertex 407 distance 36
0 315 404 452 407 
Vertex 408 distance 31
0 309 74 285 411 485 380 562 429 408 
Vertex 409 distance 30
0 309 74 285 43 477 231 14 409 
Vertex 410 distance 49
0 309 74 285 554 533 167 621 475 410 
Vertex 411 distance 12
0 309 74 285 411 
Vertex 412 distance 30
0 309 607 326 204 412 
Vertex 413 distance 36
0 309 214 89 624 413 
Vertex 414 distance 29
0 309 607 638 342 491 414 
Vertex 415 distance 45
0 309 74 285 468 526 280 311 625 296 415 
Vertex 416 distance 25
0 309 74 285 43 477 416 
Vertex 417 distance 27
0 309 74 285 468 526 606 417 
Vertex 418 distance 27
0 309 173 320 366 418 
Vertex 419 distance 30
0 571 555 260 36 19 419 
Vertex 420 distance 27
0 309 607 638 342 420 
Vertex 421 distance 33
0 309 74 285 468 344 421 
Vertex 422 distance 42
0 309 607 490 337 194 639 422 
Vertex 423 distance 32
0 571 555 260 36 19 444 182 423 
Vertex 424 distance 31
0 309 74 285 468 561 200 424 
Vertex 425 distance 37
0 571 98 125 388 297 425 
Vertex 426 distance 38
0 309 176 530 426 
Vertex 427 distance 33
0 309 607 490 377 427 
Vertex 428 distance 30
0 571 392 348 541 428 
Vertex 429 distance 29
0 309 74 285 411 485 380 562 429 
Vertex 430 distance 34
0 309 74 285 468 561 149 430 
Vertex 431 distance 25
0 309 74 285 411 485 431 
Vertex 432 distance 42
0 309 74 285 554 533 167 621 475 432 
Vertex 433 distance 38
0 309 607 216 433 
Vertex 434 distance 26
0 309 173 320 586 132 434 
Vertex 435 distance 17
0 309 435 
Vertex 436 distance 46
0 309 173 320 586 132 53 436 
Vertex 437 distance 27
0 309 607 490 337 437 
Vertex 438 distance 28
0 309 74 285 468 561 438 
Vertex 439 distance 27
0 309 607 326 390 88 439 
Vertex 440 distance 33
0 315 404 440 
Vertex 441 distance 24
0 309 74 285 468 561 150 441 
Vertex 442 distance 37
0 309 607 326 390 88 61 442 
Vertex 443 distance 28
0 309 74 285 554 258 443 
Vertex 444 distance 25
0 571 555 260 36 19 444 
Vertex 445 distance 27
0 309 74 285 448 445 
Vertex 446 distance 30
0 309 607 216 446 
Vertex 447 distance 18
0 309 607 216 447 
Vertex 448 distance 14
0 309 74 285 448 
Vertex 449 distance 31
0 309 74 285 411 485 380 629 506 449 
Vertex 450 distance 33
0 309 74 285 468 561 69 197 450 
Vertex 451 distance 31
0 309 173 320 586 132 434 451 
Vertex 452 distance 28
0 315 404 452 
Vertex 453 distance 39
0 309 607 601 573 453 
Vertex 454 distance 35
0 309 607 638 278 454 
Vertex 455 distance 33
0 571 392 348 228 455 
Vertex 456 distance 29
0 309 74 285 468 561 150 210 236 393 456 
Vertex 457 distance 30
0 309 74 207 457 
Vertex 458 distance 30
0 309 607 638 351 458 
Vertex 459 distance 45
0 309 607 490 337 194 639 459 
Vertex 460 distance 38
0 315 404 452 407 460 
Vertex 461 distance 47
0 571 555 260 36 19 620 461 
Vertex 462 distance 38
0 551 59 462 
Vertex 463 distance 40
0 309 74 285 554 258 463 
Vertex 464 distance 28
0 309 74 285 554 533 464 
Vertex 465 distance 30
0 309 74 285 554 4 224 465 
Vertex 466 distance 30
0 309 173 320 586 345 466 
Vertex 467 distance 14
0 309 607 467 
Vertex 468 distance 19
0 309 74 285 468 
Vertex 469 distance 32
0 571 555 469 
Vertex 470 distance 51
0 309 607 638 342 491 237 217 470 
Vertex 471 distance 24
0 309 74 285 468 471 
Vertex 472 distance 47
0 309 74 285 468 561 150 210 236 393 264 472 
Vertex 473 distance 38
0 309 74 285 411 485 380 406 473 
Vertex 474 distance 35
0 309 607 216 447 474 
Vertex 475 distance 34
0 309 74 285 554 533 167 621 475 
Vertex 476 distance 49
0 309 214 618 564 476 
Vertex 477 distance 18
0 309 74 285 43 477 
Vertex 478 distance 25
0 309 607 490 337 478 
Vertex 479 distance 30
0 309 74 285 411 479 
Vertex 480 distance 25
0 309 74 285 468 344 480 
Vertex 481 distance 28
0 309 74 285 468 526 280 481 
Vertex 482 distance 33
0 309 74 285 554 533 464 482 
Vertex 483 distance 34
0 309 74 285 468 561 200 424 483 
Vertex 484 distance 41
0 571 392 348 541 428 484 
Vertex 485 distance 23
0 309 74 285 411 485 
Vertex 486 distance 29
0 309 74 285 468 561 50 486 
Vertex 487 distance 31
0 571 555 260 36 19 444 487 
Vertex 488 distance 35
0 309 607 490 337 478 488 
Vertex 489 distance 35
0 309 74 285 411 485 380 562 574 489 
Vertex 490 distance 18
0 309 607 490 
Vertex 491 distance 24
0 309 607 638 342 491 
Vertex 492 distance 33
0 309 74 285 411 485 380 629 506 256 492 
Vertex 493 distance 36
0 571 98 255 180 493 
Vertex 494 distance 38
0 309 74 285 411 485 380 629 506 256 25 494 
Vertex 495 distance 35
0 309 74 285 43 477 231 14 409 15 495 
Vertex 496 distance 39
0 309 607 638 342 491 237 340 154 496 
Vertex 497 distance 39
0 309 74 285 411 485 380 629 506 256 492 497 
Vertex 498 distance 26
0 571 392 348 228 498 
Vertex 499 distance 33
0 309 607 514 499 
Vertex 500 distance 36
0 315 500 
Vertex 501 distance 31
0 309 607 638 351 458 501 
Vertex 502 distance 39
0 571 98 116 115 502 
Vertex 503 distance 33
0 315 404 452 572 503 
Vertex 504 distance 30
0 309 74 285 554 533 167 621 504 
Vertex 505 distance 45
0 309 74 285 411 485 431 616 505 
Vertex 506 distance 28
0 309 74 285 411 485 380 629 506 
Vertex 507 distance 36
0 309 173 320 366 418 507 
Vertex 508 distance 44
0 309 74 285 554 258 443 212 509 26 267 508 
Vertex 509 distance 31
0 309 74 285 554 258 443 212 509 
Vertex 510 distance 29
0 309 74 285 468 344 480 577 510 
Vertex 511 distance 41
0 309 173 320 586 345 511 
Vertex 512 distance 45
0 309 607 638 342 491 237 340 350 512 
Vertex 513 distance 39
0 315 60 274 400 513 
Vertex 514 distance 31
0 309 607 514 
Vertex 515 distance 30
0 309 173 515 
Vertex 516 distance 40
0 309 74 285 411 485 380 406 516 
Vertex 517 distance 40
0 309 74 285 411 485 70 83 517 
Vertex 518 distance 46
0 309 74 285 192 518 
Vertex 519 distance 37
0 309 63 519 
Vertex 520 distance 30
0 309 74 285 468 561 50 486 520 
Vertex 521 distance 27
0 309 607 638 342 491 237 521 
Vertex 522 distance 42
0 309 74 285 468 561 150 210 236 522 
Vertex 523 distance 30
0 309 607 638 342 41 523 
Vertex 524 distance 27
0 309 173 320 366 524 
Vertex 525 distance 30
0 309 74 285 192 525 
Vertex 526 distance 21
0 309 74 285 468 526 
Vertex 527 distance 27
0 309 607 490 527 
Vertex 528 distance 23
0 309 607 528 
Vertex 529 distance 33
0 309 74 285 554 4 529 
Vertex 530 distance 32
0 309 176 530 
Vertex 531 distance 28
0 309 607 326 531 
Vertex 532 distance 33
0 309 74 285 468 344 480 577 532 
Vertex 533 distance 25
0 309 74 285 554 533 
Vertex 534 distance 45
0 309 534 
Vertex 535 distance 41
0 309 74 285 411 485 431 626 248 535 
Vertex 536 distance 30
0 309 173 320 586 345 536 
Vertex 537 distance 43
0 309 74 285 411 206 537 
Vertex 538 distance 41
0 571 392 348 228 538 
Vertex 539 distance 30
0 309 74 285 411 485 380 629 506 539 
Vertex 540 distance 43
0 309 173 320 586 345 536 298 137 540 
Vertex 541 distance 26
0 571 392 348 541 
Vertex 542 distance 33
0 309 74 285 554 533 167 621 542 
Vertex 543 distance 25
0 571 392 348 543 
Vertex 544 distance 42
0 309 74 285 468 471 544 
Vertex 545 distance 40
0 309 74 285 468 471 545 
Vertex 546 distance 28
0 571 98 116 546 
Vertex 547 distance 35
0 309 607 638 342 491 97 547 
Vertex 548 distance 29
0 309 173 320 152 548 
Vertex 549 distance 36
0 309 607 490 377 356 549 
Vertex 550 distance 29
0 309 74 285 411 550 
Vertex 551 distance 14
0 551 
Vertex 552 distance 45
0 309 176 530 426 552 
Vertex 553 distance 27
0 571 98 255 553 
Vertex 554 distance 17
0 309 74 285 554 
Vertex 555 distance 13
0 571 555 
Vertex 556 distance 31
0 309 74 285 411 485 380 406 556 
Vertex 557 distance 32
0 309 74 285 468 561 244 557 
Vertex 558 distance 35
0 309 74 104 558 
Vertex 559 distance 24
0 309 173 320 586 559 
Vertex 560 distance 40
0 309 74 285 468 561 244 557 560 
Vertex 561 distance 21
0 309 74 285 468 561 
Vertex 562 distance 28
0 309 74 285 411 485 380 562 
Vertex 563 distance 36
0 315 404 452 166 563 
Vertex 564 distance 34
0 309 214 618 564 
Vertex 565 distance 38
0 309 173 320 586 559 106 306 565 
Vertex 566 distance 29
0 309 607 490 566 
Vertex 567 distance 30
0 309 74 285 468 526 120 567 
Vertex 568 distance 30
0 309 74 285 468 561 50 486 568 
Vertex 569 distance 31
0 309 607 490 337 194 569 
Vertex 570 distance 36
0 309 607 638 342 420 570 
Vertex 571 distance 10
0 571 
Vertex 572 distance 32
0 315 404 452 572 
Vertex 573 distance 33
0 309 607 601 573 
Vertex 574 distance 31
0 309 74 285 411 485 380 562 574 
Vertex 575 distance 37
0 309 435 608 94 80 575 
Vertex 576 distance 41
0 309 74 285 468 526 280 481 583 576 
Vertex 577 distance 27
0 309 74 285 468 344 480 577 
Vertex 578 distance 35
0 309 607 216 447 230 578 
Vertex 579 distance 26
0 309 435 608 148 401 579 
Vertex 580 distance 31
0 309 74 285 43 48 580 
Vertex 581 distance 31
0 309 607 2 399 581 
Vertex 582 distance 27
0 309 74 285 468 344 582 
Vertex 583 distance 33
0 309 74 285 468 526 280 481 583 
Vertex 584 distance 32
0 309 607 326 390 88 584 
Vertex 585 distance 39
0 571 555 260 36 19 444 182 423 585 
Vertex 586 distance 21
0 309 173 320 586 
Vertex 587 distance 29
0 309 607 638 587 
Vertex 588 distance 37
0 309 74 104 588 
Vertex 589 distance 29
0 309 173 320 108 589 
Vertex 590 distance 41
0 309 607 490 337 194 199 590 
Vertex 591 distance 32
0 309 607 216 243 591 
Vertex 592 distance 36
0 309 74 285 468 561 150 592 
Vertex 593 distance 41
0 309 74 285 554 3 372 111 593 
Vertex 594 distance 25
0 309 74 285 411 594 
Vertex 595 distance 37
0 309 74 285 43 477 231 139 595 
Vertex 596 distance 38
0 571 98 255 553 596 
Vertex 597 distance 38
0 309 74 285 468 561 438 597 
Vertex 598 distance 34
0 309 607 601 598 
Vertex 599 distance 37
0 309 63 599 
Vertex 600 distance 39
0 309 74 104 558 600 
Vertex 601 distance 28
0 309 607 601 
Vertex 602 distance 45
0 309 435 608 94 80 575 602 
Vertex 603 distance 42
0 309 173 320 586 603 
Vertex 604 distance 43
0 309 173 320 586 345 105 604 
Vertex 605 distance 41
0 315 404 452 407 605 
Vertex 606 distance 26
0 309 74 285 468 526 606 
Vertex 607 distance 6
0 309 607 
Vertex 608 distance 20
0 309 435 608 
Vertex 609 distance 38
0 309 74 285 554 533 167 359 275 40 609 
Vertex 610 distance 37
0 571 98 125 388 297 610 
Vertex 611 distance 34
0 309 74 285 411 485 380 629 611 
Vertex 612 distance 30
0 571 98 255 213 612 
Vertex 613 distance 36
0 309 74 285 554 533 167 621 613 
Vertex 614 distance 36
0 309 74 285 554 3 614 
Vertex 615 distance 29
0 309 607 615 
Vertex 616 distance 30
0 309 74 285 411 485 431 616 
Vertex 617 distance 40
0 309 74 285 468 526 259 66 384 617 
Vertex 618 distance 33
0 309 214 618 
Vertex 619 distance 31
0 309 607 326 390 88 439 619 
Vertex 620 distance 30
0 571 555 260 36 19 620 
Vertex 621 distance 29
0 309 74 285 554 533 167 621 
Vertex 622 distance 27
0 309 74 285 448 405 622 
Vertex 623 distance 30
0 309 74 285 448 405 623 
Vertex 624 distance 32
0 309 214 89 624 
Vertex 625 distance 27
0 309 74 285 468 526 280 311 625 
Vertex 626 distance 30
0 309 74 285 411 485 431 626 
Vertex 627 distance 27
0 309 607 216 627 
Vertex 628 distance 28
0 309 173 320 586 345 105 628 
Vertex 629 distance 27
0 309 74 285 411 485 380 629 
Vertex 630 distance 27
0 309 74 285 468 561 630 
Vertex 631 distance 35
0 571 555 260 36 257 631 
Vertex 632 distance 28
0 309 173 320 366 632 
Vertex 633 distance 39
0 309 435 10 633 
Vertex 634 distance 40
0 309 74 285 554 533 167 634 
Vertex 635 distance 35
0 309 607 216 243 635 
Vertex 636 distance 31
0 636 
Vertex 637 distance 49
0 309 607 326 637 
Vertex 638 distance 18
0 309 607 638 
Vertex 639 distance 27
0 309 607 490 337 194 639 
