Vertex 0 distance 0
0 0 
Vertex 1 distance 32
0 500 32 380 567 247 634 1 
Vertex 2 distance 31
0 500 611 2 
Vertex 3 distance 35
0 500 32 580 503 44 410 70 162 190 423 263 3 
Vertex 4 distance 38
0 402 569 4 
Vertex 5 distance 32
0 402 620 323 5 
Vertex 6 distance 32
0 159 50 6 
Vertex 7 distance 41
0 449 545 81 298 7 
Vertex 8 distance 32
0 500 32 533 542 8 
Vertex 9 distance 20
0 500 32 580 503 44 9 
Vertex 10 distance 42
0 500 32 243 358 109 10 
Vertex 11 distance 18
0 402 620 11 
Vertex 12 distance 32
0 500 32 341 154 12 
Vertex 13 distance 40
0 500 32 380 567 247 634 51 210 13 
Vertex 14 distance 33
0 500 32 243 371 447 471 435 14 
Vertex 15 distance 28
0 500 32 380 223 15 
Vertex 16 distance 32
0 159 50 334 16 
Vertex 17 distance 44
0 402 569 434 551 328 470 17 
Vertex 18 distance 34
0 402 620 11 517 197 18 
Vertex 19 distance 23
0 402 620 323 429 19 
Vertex 20 distance 22
0 500 32 243 555 412 20 
Vertex 21 distance 41
0 449 612 287 194 308 202 21 
Vertex 22 distance 38
0 402 620 11 498 209 600 22 
Vertex 23 distance 41
0 402 620 323 429 417 23 
Vertex 24 distance 40
0 500 32 279 100 456 24 
Vertex 25 distance 29
0 402 620 323 429 47 25 
Vertex 26 distance 44
0 449 545 81 298 26 
Vertex 27 distance 35
0 500 32 243 371 447 27 
Vertex 28 distance 30
0 449 612 287 28 
Vertex 29 distance 33
0 500 32 606 283 268 29 
Vertex 30 distance 35
0 500 32 243 555 412 389 516 30 
Vertex 31 distance 30
0 462 185 31 
Vertex 32 distance 6
0 500 32 
Vertex 33 distance 38
0 402 569 434 73 285 494 106 125 33 
Vertex 34 distance 36
0 402 569 434 73 166 553 34 
Vertex 35 distance 36
0 500 32 243 555 121 479 35 
Vertex 36 distance 36
0 449 612 193 36 
Vertex 37 distance 21
0 402 37 
Vertex 38 distance 33
0 402 62 182 38 
Vertex 39 distance 36
0 500 32 279 100 302 39 
Vertex 40 distance 43
0 402 569 434 551 328 294 40 
Vertex 41 distance 39
0 500 32 580 503 44 9 41 
Vertex 42 distance 31
0 449 612 515 42 
Vertex 43 distance 33
0 500 32 279 100 43 
Vertex 44 distance 19
0 500 32 580 503 44 
Vertex 45 distance 38
0 402 569 434 73 285 494 106 424 136 510 45 
Vertex 46 distance 38
0 500 32 533 604 426 46 
Vertex 47 distance 21
0 402 620 323 429 47 
Vertex 48 distance 30
0 500 32 243 371 586 281 48 
Vertex 49 distance 34
0 402 620 11 63 615 49 
Vertex 50 distance 20
0 159 50 
Vertex 51 distance 26
0 500 32 380 567 247 634 51 
Vertex 52 distance 35
0 402 569 434 152 52 
Vertex 53 distance 25
0 402 620 323 53 
Vertex 54 distance 37
0 402 37 320 368 636 54 
Vertex 55 distance 41
0 500 238 55 
Vertex 56 distance 39
0 402 569 434 73 285 494 106 125 56 
Vertex 57 distance 31
0 500 32 279 100 456 57 
Vertex 58 distance 47
0 500 32 243 555 412 389 58 
Vertex 59 distance 34
0 402 620 11 498 209 440 59 
Vertex 60 distance 35
0 402 569 434 73 285 157 60 
Vertex 61 distance 36
0 402 620 323 429 47 252 61 
Vertex 62 distance 16
0 402 62 
Vertex 63 distance 24
0 402 620 11 63 
Vertex 64 distance 32
0 500 32 380 567 247 288 64 
Vertex 65 distance 42
0 402 569 434 73 285 494 106 125 56 65 
Vertex 66 distance 25
0 344 67 66 
Vertex 67 distance 18
0 344 67 
Vertex 68 distance 33
0 402 569 434 73 336 477 68 
Vertex 69 distance 31
0 500 32 243 555 412 20 349 69 
Vertex 70 distance 25
0 500 32 580 503 44 410 70 
Vertex 71 distance 40
0 402 569 434 73 285 157 60 71 
Vertex 72 distance 48
0 500 32 279 100 302 574 72 
Vertex 73 distance 17
0 402 569 434 73 
Vertex 74 distance 31
0 449 612 416 357 74 
Vertex 75 distance 30
0 500 32 243 555 121 75 
Vertex 76 distance 41
0 500 32 243 555 76 
Vertex 77 distance 51
0 500 32 243 555 441 77 
Vertex 78 distance 33
0 500 32 243 555 322 315 78 
Vertex 79 distance 42
0 500 32 380 223 79 
Vertex 80 distance 35
0 159 50 334 16 487 80 
Vertex 81 distance 31
0 449 545 81 
Vertex 82 distance 25
0 402 620 323 429 638 82 
Vertex 83 distance 58
0 500 32 533 604 426 46 83 
Vertex 84 distance 36
0 402 569 434 73 285 494 106 125 548 84 
Vertex 85 distance 32
0 402 37 320 205 557 85 
Vertex 86 distance 36
0 500 32 606 283 268 29 86 
Vertex 87 distance 38
0 402 620 11 517 197 259 87 
Vertex 88 distance 35
0 500 32 243 555 121 75 88 
Vertex 89 distance 29
0 500 32 167 340 89 
Vertex 90 distance 48
0 500 32 606 283 268 124 90 
Vertex 91 distance 35
0 449 545 91 
Vertex 92 distance 37
0 500 238 383 119 92 
Vertex 93 distance 38
0 402 620 323 429 47 252 93 
Vertex 94 distance 30
0 462 94 
Vertex 95 distance 33
0 402 569 434 95 
Vertex 96 distance 39
0 449 612 416 338 96 
Vertex 97 distance 28
0 500 32 97 
Vertex 98 distance 38
0 500 512 616 98 
Vertex 99 distance 40
0 402 620 323 429 47 252 61 99 
Vertex 100 distance 19
0 500 32 279 100 
Vertex 101 distance 28
0 500 238 383 101 
Vertex 102 distance 29
0 500 238 383 265 568 102 
Vertex 103 distance 38
0 402 569 434 73 285 494 106 125 548 379 249 103 
Vertex 104 distance 40
0 402 620 323 429 47 25 104 
Vertex 105 distance 29
0 500 32 243 555 322 105 
Vertex 106 distance 21
0 402 569 434 73 285 494 106 
Vertex 107 distance 32
0 449 545 107 
Vertex 108 distance 39
0 500 32 243 555 322 315 108 
Vertex 109 distance 35
0 500 32 243 358 109 
Vertex 110 distance 41
0 500 32 380 567 247 634 51 110 
Vertex 111 distance 34
0 402 569 434 152 111 
Vertex 112 distance 32
0 402 620 323 429 112 
Vertex 113 distance 38
0 402 62 182 113 
Vertex 114 distance 43
0 500 32 580 503 114 
Vertex 115 distance 32
0 402 569 434 73 285 494 106 217 376 115 
Vertex 116 distance 46
0 500 611 227 275 116 
Vertex 117 distance 62
0 402 620 323 429 47 25 117 
Vertex 118 distance 29
0 500 32 279 100 118 
Vertex 119 distance 28
0 500 238 383 119 
Vertex 120 distance 54
0 500 32 243 555 412 20 349 120 
Vertex 121 distance 22
0 500 32 243 555 121 
Vertex 122 distance 33
0 402 620 343 373 122 
Vertex 123 distance 36
0 500 32 243 555 412 123 
Vertex 124 distance 36
0 500 32 606 283 268 124 
Vertex 125 distance 23
0 402 569 434 73 285 494 106 125 
Vertex 126 distance 31
0 402 569 434 73 285 157 126 
Vertex 127 distance 40
0 402 37 320 205 127 
Vertex 128 distance 37
0 500 32 580 503 128 
Vertex 129 distance 25
0 402 569 434 551 365 129 
Vertex 130 distance 37
0 500 32 533 604 255 130 
Vertex 131 distance 33
0 449 612 416 366 131 
Vertex 132 distance 35
0 500 238 383 133 132 
Vertex 133 distance 29
0 500 238 383 133 
Vertex 134 distance 35
0 500 32 533 542 134 
Vertex 135 distance 47
0 402 569 434 551 582 507 135 
Vertex 136 distance 36
0 402 569 434 73 285 494 106 424 136 
Vertex 137 distance 42
0 449 612 416 366 131 377 137 
Vertex 138 distance 26
0 462 138 
Vertex 139 distance 22
0 449 139 
Vertex 140 distance 33
0 402 140 
Vertex 141 distance 41
0 402 620 323 309 505 141 
Vertex 142 distance 43
0 402 569 434 73 285 494 106 217 376 115 511 164 142 
Vertex 143 distance 30
0 500 32 580 503 44 614 143 
Vertex 144 distance 29
0 402 569 434 73 166 553 144 
Vertex 145 distance 38
0 402 37 320 368 636 145 
Vertex 146 distance 35
0 402 62 237 146 
Vertex 147 distance 29
0 500 238 383 265 568 147 
Vertex 148 distance 41
0 500 32 580 503 44 614 148 
Vertex 149 distance 32
0 402 569 585 183 149 
Vertex 150 distance 34
0 462 138 351 593 150 
Vertex 151 distance 33
0 462 138 351 593 151 
Vertex 152 distance 22
0 402 569 434 152 
Vertex 153 distance 28
0 500 32 243 176 153 
Vertex 154 distance 28
0 500 32 341 154 
Vertex 155 distance 36
0 500 32 243 555 412 155 
Vertex 156 distance 31
0 159 50 156 
Vertex 157 distance 30
0 402 569 434 73 285 157 
Vertex 158 distance 38
0 500 32 243 371 326 158 
Vertex 159 distance 17
0 159 
Vertex 160 distance 41
0 500 32 580 503 44 410 70 162 190 575 160 
Vertex 161 distance 26
0 500 32 243 555 322 161 
Vertex 162 distance 27
0 500 32 580 503 44 410 70 162 
Vertex 163 distance 44
0 402 620 11 558 483 468 163 
Vertex 164 distance 40
0 402 569 434 73 285 494 106 217 376 115 511 164 
Vertex 165 distance 40
0 500 32 243 555 412 389 516 30 165 
Vertex 166 distance 21
0 402 569 434 73 166 
Vertex 167 distance 9
0 500 32 167 
Vertex 168 distance 41
0 500 32 380 567 247 288 64 168 
Vertex 169 distance 25
0 402 569 434 169 
Vertex 170 distance 24
0 402 620 11 498 209 170 
Vertex 171 distance 28
0 451 171 
Vertex 172 distance 32
0 402 37 320 205 557 172 
Vertex 173 distance 29
0 402 569 175 173 
Vertex 174 distance 50
0 402 620 11 558 483 174 
Vertex 175 distance 16
0 402 569 175 
Vertex 176 distance 24
0 500 32 243 176 
Vertex 177 distance 31
0 402 569 434 551 328 177 
Vertex 178 distance 32
0 402 620 323 429 19 178 
Vertex 179 distance 36
0 402 62 237 179 
Vertex 180 distance 43
0 402 569 434 73 285 276 526 458 180 
Vertex 181 distance 33
0 449 612 287 28 181 
Vertex 182 distance 27
0 402 62 182 
Vertex 183 distance 29
0 402 569 585 183 
Vertex 184 distance 46
0 500 32 243 555 76 184 
Vertex 185 distance 20
0 462 185 
Vertex 186 distance 34
0 402 569 434 214 186 
Vertex 187 distance 44
0 449 612 287 28 187 
Vertex 188 distance 36
0 402 569 434 73 285 276 526 639 188 
Vertex 189 distance 31
0 500 32 279 100 312 189 
Vertex 190 distance 28
0 500 32 580 503 44 410 70 162 190 
Vertex 191 distance 34
0 500 238 383 119 191 
Vertex 192 distance 40
0 344 192 
Vertex 193 distance 22
0 449 612 193 
Vertex 194 distance 33
0 449 612 287 194 
Vertex 195 distance 50
0 159 50 156 401 195 
Vertex 196 distance 40
0 500 32 243 371 447 471 435 14 196 
Vertex 197 distance 31
0 402 620 11 517 197 
Vertex 198 distance 34
0 402 569 434 73 285 494 106 125 548 379 249 198 
Vertex 199 distance 42
0 500 32 243 555 322 393 273 199 
Vertex 200 distance 33
0 449 602 200 
Vertex 201 distance 42
0 449 602 605 201 
Vertex 202 distance 36
0 449 612 287 194 308 202 
Vertex 203 distance 35
0 159 50 6 203 
Vertex 204 distance 29
0 402 620 323 204 
Vertex 205 distance 27
0 402 37 320 205 
Vertex 206 distance 25
0 344 67 206 
Vertex 207 distance 40
0 500 32 167 340 301 595 207 
Vertex 208 distance 31
0 402 569 434 551 421 208 
Vertex 209 distance 23
0 402 620 11 498 209 
Vertex 210 distance 27
0 500 32 380 567 247 634 51 210 
Vertex 211 distance 30
0 402 569 585 183 211 
Vertex 212 distance 37
0 500 32 580 503 44 614 212 
Vertex 213 distance 43
0 500 32 580 503 44 614 143 213 
Vertex 214 distance 22
0 402 569 434 214 
Vertex 215 distance 28
0 500 32 380 567 247 634 51 215 
Vertex 216 distance 44
0 500 32 243 555 441 310 216 
Vertex 217 distance 24
0 402 569 434 73 285 494 106 217 
Vertex 218 distance 27
0 402 569 175 218 
Vertex 219 distance 37
0 402 569 434 73 285 494 106 217 376 115 511 219 
Vertex 220 distance 35
0 500 32 279 100 43 220 
Vertex 221 distance 38
0 500 32 380 567 485 221 
Vertex 222 distance 45
0 402 569 434 73 285 494 106 125 548 222 
Vertex 223 distance 26
0 500 32 380 223 
Vertex 224 distance 26
0 500 611 227 224 
Vertex 225 distance 42
0 402 569 434 73 336 477 452 463 225 
Vertex 226 distance 41
0 500 32 380 481 226 
Vertex 227 distance 25
0 500 611 227 
Vertex 228 distance 37
0 500 611 227 275 228 
Vertex 229 distance 31
0 402 569 434 73 336 229 
Vertex 230 distance 33
0 500 32 243 555 412 20 230 
Vertex 231 distance 43
0 402 620 11 517 486 231 
Vertex 232 distance 36
0 500 611 2 232 
Vertex 233 distance 46
0 402 569 585 183 233 
Vertex 234 distance 40
0 402 569 434 73 166 553 144 234 
Vertex 235 distance 37
0 402 620 323 429 638 339 235 
Vertex 236 distance 36
0 500 32 606 236 
Vertex 237 distance 19
0 402 62 237 
Vertex 238 distance 20
0 500 238 
Vertex 239 distance 31
0 500 32 279 100 239 
Vertex 240 distance 36
0 402 569 434 152 52 240 
Vertex 241 distance 41
0 500 32 243 371 586 241 
Vertex 242 distance 40
0 500 238 383 119 292 242 
Vertex 243 distance 13
0 500 32 243 
Vertex 244 distance 31
0 402 620 323 429 47 25 244 
Vertex 245 distance 37
0 500 32 606 283 268 29 245 
Vertex 246 distance 35
0 402 620 11 246 
Vertex 247 distance 23
0 500 32 380 567 247 
Vertex 248 distance 37
0 449 612 287 194 308 202 248 
Vertex 249 distance 32
0 402 569 434 73 285 494 106 125 548 379 249 
Vertex 250 distance 41
0 402 569 434 73 166 553 144 234 250 
Vertex 251 distance 47
0 402 569 434 73 285 494 251 
Vertex 252 distance 31
0 402 620 323 429 47 252 
Vertex 253 distance 45
0 402 569 434 253 
Vertex 254 distance 39
0 500 32 243 371 447 471 435 254 
Vertex 255 distance 34
0 500 32 533 604 255 
Vertex 256 distance 38
0 500 32 580 503 44 9 637 256 
Vertex 257 distance 25
0 402 620 11 63 257 
Vertex 258 distance 28
0 402 620 323 258 
Vertex 259 distance 35
0 402 620 11 517 197 259 
Vertex 260 distance 31
0 402 620 323 260 
Vertex 261 distance 44
0 500 32 243 555 412 389 516 261 
Vertex 262 distance 44
0 500 32 243 555 412 262 
Vertex 263 distance 34
0 500 32 580 503 44 410 70 162 190 423 263 
Vertex 264 distance 42
0 402 569 434 73 285 564 264 
Vertex 265 distance 25
0 500 238 383 265 
Vertex 266 distance 32
0 500 32 243 555 322 105 266 
Vertex 267 distance 35
0 402 620 11 558 352 267 
Vertex 268 distance 31
0 500 32 606 283 268 
Vertex 269 distance 40
0 500 32 533 604 426 46 269 
Vertex 270 distance 37
0 500 32 243 555 412 20 349 69 270 
Vertex 271 distance 30
0 402 569 434 73 285 276 526 271 
Vertex 272 distance 30
0 344 67 272 
Vertex 273 distance 29
0 500 32 243 555 322 393 273 
Vertex 274 distance 40
0 402 620 11 558 483 433 581 274 
Vertex 275 distance 30
0 500 611 227 275 
Vertex 276 distance 24
0 402 569 434 73 285 276 
Vertex 277 distance 33
0 500 238 383 265 568 102 277 
Vertex 278 distance 33
0 402 620 323 429 417 278 
Vertex 279 distance 18
0 500 32 279 
Vertex 280 distance 45
0 500 32 533 542 280 
Vertex 281 distance 29
0 500 32 243 371 586 281 
Vertex 282 distance 38
0 402 569 434 551 582 282 
Vertex 283 distance 30
0 500 32 606 283 
Vertex 284 distance 52
0 402 37 598 535 284 
Vertex 285 distance 18
0 402 569 434 73 285 
Vertex 286 distance 25
0 396 286 
Vertex 287 distance 27
0 449 612 287 
Vertex 288 distance 29
0 500 32 380 567 247 288 
Vertex 289 distance 45
0 500 32 606 283 419 392 289 
Vertex 290 distance 38
0 344 543 345 290 
Vertex 291 distance 21
0 402 569 434 73 291 
Vertex 292 distance 32
0 500 238 383 119 292 
Vertex 293 distance 37
0 402 620 343 621 293 
Vertex 294 distance 31
0 402 569 434 551 328 294 
Vertex 295 distance 37
0 500 32 279 100 456 295 
Vertex 296 distance 56
0 500 32 243 555 322 393 528 296 
Vertex 297 distance 40
0 402 569 434 73 285 494 106 424 136 297 
Vertex 298 distance 33
0 449 545 81 298 
Vertex 299 distance 33
0 462 185 299 
Vertex 300 distance 44
0 402 569 434 73 285 564 264 300 
Vertex 301 distance 32
0 500 32 167 340 301 
Vertex 302 distance 26
0 500 32 279 100 302 
Vertex 303 distance 37
0 402 569 434 73 285 494 106 217 376 303 
Vertex 304 distance 32
0 402 569 585 183 304 
Vertex 305 distance 41
0 449 545 81 298 305 
Vertex 306 distance 35
0 500 306 
Vertex 307 distance 40
0 344 67 272 307 
Vertex 308 distance 35
0 449 612 287 194 308 
Vertex 309 distance 25
0 402 620 323 309 
Vertex 310 distance 33
0 500 32 243 555 441 310 
Vertex 311 distance 39
0 451 171 354 594 635 311 
Vertex 312 distance 30
0 500 32 279 100 312 
Vertex 313 distance 30
0 402 569 434 73 285 494 313 
Vertex 314 distance 39
0 344 67 66 314 
Vertex 315 distance 26
0 500 32 243 555 322 315 
Vertex 316 distance 39
0 402 620 323 429 364 559 495 316 
Vertex 317 distance 29
0 402 620 323 429 317 
Vertex 318 distance 39
0 500 32 243 555 412 404 399 318 
Vertex 319 distance 32
0 500 32 243 555 322 315 453 319 
Vertex 320 distance 24
0 402 37 320 
Vertex 321 distance 44
0 449 612 287 194 308 321 
Vertex 322 distance 23
0 500 32 243 555 322 
Vertex 323 distance 17
0 402 620 323 
Vertex 324 distance 35
0 500 32 380 481 324 
Vertex 325 distance 37
0 402 620 323 429 19 178 325 
Vertex 326 distance 27
0 500 32 243 371 326 
Vertex 327 distance 45
0 500 32 380 567 485 221 353 327 
Vertex 328 distance 28
0 402 569 434 551 328 
Vertex 329 distance 34
0 402 620 323 429 329 
Vertex 330 distance 38
0 500 32 606 283 268 29 330 
Vertex 331 distance 36
0 451 171 331 
Vertex 332 distance 39
0 332 
Vertex 333 distance 38
0 449 602 605 333 
Vertex 334 distance 30
0 159 50 334 
Vertex 335 distance 31
0 402 62 182 335 
Vertex 336 distance 28
0 402 569 434 73 336 
Vertex 337 distance 33
0 402 620 11 498 209 170 361 337 
Vertex 338 distance 29
0 449 612 416 338 
Vertex 339 distance 31
0 402 620 323 429 638 339 
Vertex 340 distance 27
0 500 32 167 340 
Vertex 341 distance 26
0 500 32 341 
Vertex 342 distance 35
0 402 620 11 498 209 170 342 
Vertex 343 distance 19
0 402 620 343 
Vertex 344 distance 11
0 344 
Vertex 345 distance 37
0 344 543 345 
Vertex 346 distance 32
0 500 32 243 555 412 404 346 
Vertex 347 distance 41
0 500 32 243 555 322 393 528 356 459 347 
Vertex 348 distance 27
0 500 32 580 503 44 410 70 348 
Vertex 349 distance 27
0 500 32 243 555 412 20 349 
Vertex 350 distance 43
0 402 620 343 350 
Vertex 351 distance 30
0 462 138 351 
Vertex 352 distance 31
0 402 620 11 558 352 
Vertex 353 distance 42
0 500 32 380 567 485 221 353 
Vertex 354 distance 29
0 451 171 354 
Vertex 355 distance 29
0 402 620 11 558 355 
Vertex 356 distance 32
0 500 32 243 555 322 393 528 356 
Vertex 357 distance 26
0 449 612 416 357 
Vertex 358 distance 33
0 500 32 243 358 
Vertex 359 distance 19
0 402 620 11 359 
Vertex 360 distance 39
0 449 612 287 28 360 
Vertex 361 distance 32
0 402 620 11 498 209 170 361 
Vertex 362 distance 43
0 449 602 605 333 362 
Vertex 363 distance 38
0 500 32 243 555 412 20 349 521 363 
Vertex 364 distance 25
0 402 620 323 429 364 
Vertex 365 distance 20
0 402 569 434 551 365 
Vertex 366 distance 22
0 449 612 416 366 
Vertex 367 distance 35
0 402 569 434 73 285 494 106 367 
Vertex 368 distance 28
0 402 37 320 368 
Vertex 369 distance 40
0 402 569 434 73 285 494 106 125 548 84 369 
Vertex 370 distance 24
0 402 569 434 73 166 370 
Vertex 371 distance 25
0 500 32 243 371 
Vertex 372 distance 39
0 500 32 279 100 456 57 372 
Vertex 373 distance 29
0 402 620 343 373 
Vertex 374 distance 33
0 500 32 243 371 326 374 
Vertex 375 distance 33
0 402 620 11 498 375 
Vertex 376 distance 28
0 402 569 434 73 285 494 106 217 376 
Vertex 377 distance 34
0 449 612 416 366 131 377 
Vertex 378 distance 35
0 500 32 243 555 322 315 453 319 378 
Vertex 379 distance 30
0 402 569 434 73 285 494 106 125 548 379 
Vertex 380 distance 19
0 500 32 380 
Vertex 381 distance 31
0 402 569 175 173 381 
Vertex 382 distance 31
0 500 32 380 567 247 634 51 215 469 382 
Vertex 383 distance 23
0 500 238 383 
Vertex 384 distance 32
0 500 32 97 384 
Vertex 385 distance 39
0 500 32 279 100 385 
Vertex 386 distance 30
0 159 50 596 386 
Vertex 387 distance 40
0 402 569 434 214 186 466 387 
Vertex 388 distance 36
0 500 388 
Vertex 389 distance 25
0 500 32 243 555 412 389 
Vertex 390 distance 35
0 402 569 434 551 328 294 390 
Vertex 391 distance 30
0 500 32 243 371 586 391 
Vertex 392 distance 41
0 500 32 606 283 419 392 
Vertex 393 distance 25
0 500 32 243 555 322 393 
Vertex 394 distance 44
0 402 620 11 359 444 633 394 
Vertex 395 distance 38
0 500 238 383 133 395 
Vertex 396 distance 19
0 396 
Vertex 397 distance 33
0 500 32 243 555 322 393 528 356 397 
Vertex 398 distance 38
0 500 611 227 224 591 398 
Vertex 399 distance 36
0 500 32 243 555 412 404 399 
Vertex 400 distance 34
0 500 238 383 265 568 147 400 
Vertex 401 distance 38
0 159 50 156 401 
Vertex 402 distance 9
0 402 
Vertex 403 distance 25
0 402 620 323 429 403 
Vertex 404 distance 25
0 500 32 243 555 412 404 
Vertex 405 distance 33
0 402 569 434 73 285 494 106 125 548 379 249 405 
Vertex 406 distance 39
0 402 569 434 73 285 494 106 125 33 406 
Vertex 407 distance 37
0 402 620 11 558 483 407 
Vertex 408 distance 38
0 500 32 380 567 485 408 
Vertex 409 distance 38
0 500 32 243 555 322 105 409 
Vertex 410 distance 22
0 500 32 580 503 44 410 
Vertex 411 distance 25
0 500 32 580 411 
Vertex 412 distance 21
0 500 32 243 555 412 
Vertex 413 distance 34
0 402 620 323 429 638 339 413 
Vertex 414 distance 60
0 402 620 11 359 444 633 394 414 
Vertex 415 distance 40
0 402 620 323 429 47 252 61 415 
Vertex 416 distance 15
0 449 612 416 
Vertex 417 distance 31
0 402 620 323 429 417 
Vertex 418 distance 37
0 402 569 434 73 285 494 106 613 418 
Vertex 419 distance 31
0 500 32 606 283 419 
Vertex 420 distance 35
0 451 171 354 594 573 420 
Vertex 421 distance 28
0 402 569 434 551 421 
Vertex 422 distance 33
0 402 569 434 152 422 
Vertex 423 distance 29
0 500 32 580 503 44 410 70 162 190 423 
Vertex 424 distance 24
0 402 569 434 73 285 494 106 424 
Vertex 425 distance 32
0 500 32 243 555 322 393 273 425 
Vertex 426 distance 32
0 500 32 533 604 426 
Vertex 427 distance 36
0 402 620 427 
Vertex 428 distance 43
0 500 238 383 119 191 428 
Vertex 429 distance 19
0 402 620 323 429 
Vertex 430 distance 33
0 500 32 243 176 153 430 
Vertex 431 distance 28
0 500 238 431 
Vertex 432 distance 37
0 402 620 343 373 432 
Vertex 433 distance 33
0 402 620 11 558 483 433 
Vertex 434 distance 16
0 402 569 434 
Vertex 435 distance 31
0 500 32 243 371 447 471 435 
Vertex 436 distance 35
0 402 620 11 498 209 440 584 436 
Vertex 437 distance 31
0 402 620 323 429 19 437 
Vertex 438 distance 33
0 402 620 323 429 19 438 
Vertex 439 distance 38
0 402 569 434 73 285 157 126 439 
Vertex 440 distance 30
0 402 620 11 498 209 440 
Vertex 441 distance 31
0 500 32 243 555 441 
Vertex 442 distance 41
0 500 32 606 283 268 29 442 
Vertex 443 distance 34
0 159 50 596 386 443 
Vertex 444 distance 21
0 402 620 11 359 444 
Vertex 445 distance 38
0 500 32 580 503 44 410 70 162 190 423 263 445 
Vertex 446 distance 29
0 500 32 243 371 447 446 
Vertex 447 distance 28
0 500 32 243 371 447 
Vertex 448 distance 41
0 449 545 81 448 
Vertex 449 distance 6
0 449 
Vertex 450 distance 38
0 500 32 243 371 447 471 539 450 
Vertex 451 distance 23
0 451 
Vertex 452 distance 31
0 402 569 434 73 336 477 452 
Vertex 453 distance 29
0 500 32 243 555 322 315 453 
Vertex 454 distance 34
0 500 512 616 454 
Vertex 455 distance 28
0 462 138 455 
Vertex 456 distance 29
0 500 32 279 100 456 
Vertex 457 distance 35
0 500 32 580 503 44 9 637 457 
Vertex 458 distance 32
0 402 569 434 73 285 276 526 458 
Vertex 459 distance 36
0 500 32 243 555 322 393 528 356 459 
Vertex 460 distance 32
0 500 32 279 100 118 460 
Vertex 461 distance 38
0 500 238 383 265 568 102 277 461 
Vertex 462 distance 13
0 462 
Vertex 463 distance 36
0 402 569 434 73 336 477 452 463 
Vertex 464 distance 30
0 500 32 279 100 302 574 464 
Vertex 465 distance 25
0 500 32 380 567 247 465 
Vertex 466 distance 39
0 402 569 434 214 186 466 
Vertex 467 distance 45
0 402 569 467 
Vertex 468 distance 37
0 402 620 11 558 483 468 
Vertex 469 distance 30
0 500 32 380 567 247 634 51 215 469 
Vertex 470 distance 39
0 402 569 434 551 328 470 
Vertex 471 distance 29
0 500 32 243 371 447 471 
Vertex 472 distance 39
0 451 171 354 594 635 472 
Vertex 473 distance 38
0 402 569 434 73 336 630 473 
Vertex 474 distance 33
0 500 32 580 503 44 410 509 474 
Vertex 475 distance 55
0 500 32 243 555 322 315 453 319 378 475 
Vertex 476 distance 34
0 402 62 182 38 476 
Vertex 477 distance 30
0 402 569 434 73 336 477 
Vertex 478 distance 25
0 500 238 383 478 
Vertex 479 distance 29
0 500 32 243 555 121 479 
Vertex 480 distance 34
0 402 480 
Vertex 481 distance 21
0 500 32 380 481 
Vertex 482 distance 40
0 402 620 11 63 615 482 
Vertex 483 distance 32
0 402 620 11 558 483 
Vertex 484 distance 38
0 402 569 434 73 285 494 106 424 136 484 
Vertex 485 distance 29
0 500 32 380 567 485 
Vertex 486 distance 38
0 402 620 11 517 486 
Vertex 487 distance 34
0 159 50 334 16 487 
Vertex 488 distance 30
0 500 32 380 567 247 634 51 215 488 
Vertex 489 distance 42
0 402 569 434 73 285 276 526 639 188 489 
Vertex 490 distance 34
0 402 569 434 73 285 157 126 490 
Vertex 491 distance 31
0 462 185 31 491 
Vertex 492 distance 35
0 402 620 11 514 492 
Vertex 493 distance 39
0 500 32 580 503 44 410 70 162 190 575 493 
Vertex 494 distance 20
0 402 569 434 73 285 494 
Vertex 495 distance 38
0 402 620 323 429 364 559 495 
Vertex 496 distance 43
0 500 238 383 265 568 102 277 496 
Vertex 497 distance 20
0 402 62 237 497 
Vertex 498 distance 19
0 402 620 11 498 
Vertex 499 distance 27
0 500 512 499 
Vertex 500 distance 2
0 500 
Vertex 501 distance 55
0 402 37 320 205 501 
Vertex 502 distance 41
0 500 32 243 555 322 393 528 356 397 502 
Vertex 503 distance 18
0 500 32 580 503 
Vertex 504 distance 28
0 402 620 11 359 504 
Vertex 505 distance 31
0 402 620 323 309 505 
Vertex 506 distance 44
0 402 569 434 73 285 494 106 424 136 297 506 
Vertex 507 distance 28
0 402 569 434 551 582 507 
Vertex 508 distance 36
0 500 32 341 154 12 508 
Vertex 509 distance 24
0 500 32 580 503 44 410 509 
Vertex 510 distance 37
0 402 569 434 73 285 494 106 424 136 510 
Vertex 511 distance 34
0 402 569 434 73 285 494 106 217 376 115 511 
Vertex 512 distance 15
0 500 512 
Vertex 513 distance 45
0 500 32 279 100 239 513 
Vertex 514 distance 34
0 402 620 11 514 
Vertex 515 distance 27
0 449 612 515 
Vertex 516 distance 28
0 500 32 243 555 412 389 516 
Vertex 517 distance 30
0 402 620 11 517 
Vertex 518 distance 34
0 344 518 
Vertex 519 distance 46
0 500 611 2 232 590 519 
Vertex 520 distance 31
0 462 520 
Vertex 521 distance 31
0 500 32 243 555 412 20 349 521 
Vertex 522 distance 38
0 451 171 354 594 522 
Vertex 523 distance 36
0 402 620 11 498 209 440 523 
Vertex 524 distance 30
0 402 62 237 497 618 524 
Vertex 525 distance 36
0 500 32 243 176 153 430 525 
Vertex 526 distance 26
0 402 569 434 73 285 276 526 
Vertex 527 distance 40
0 500 32 580 503 44 410 527 
Vertex 528 distance 28
0 500 32 243 555 322 393 528 
Vertex 529 distance 34
0 500 32 580 503 44 410 70 162 190 529 
Vertex 530 distance 36
0 500 32 533 604 530 
Vertex 531 distance 34
0 500 32 279 100 118 531 
Vertex 532 distance 49
0 402 569 175 218 532 
Vertex 533 distance 20
0 500 32 533 
Vertex 534 distance 40
0 500 32 279 534 
Vertex 535 distance 37
0 402 37 598 535 
Vertex 536 distance 26
0 500 238 536 
Vertex 537 distance 30
0 500 32 606 537 
Vertex 538 distance 52
0 500 32 243 555 412 404 399 318 538 
Vertex 539 distance 36
0 500 32 243 371 447 471 539 
Vertex 540 distance 37
0 500 32 243 555 322 393 528 356 540 
Vertex 541 distance 35
0 402 569 434 73 166 541 
Vertex 542 distance 29
0 500 32 533 542 
Vertex 543 distance 27
0 344 543 
Vertex 544 distance 35
0 500 238 383 265 568 147 544 
Vertex 545 distance 29
0 449 545 
Vertex 546 distance 52
0 402 620 323 204 546 
Vertex 547 distance 30
0 500 32 533 542 547 
Vertex 548 distance 28
0 402 569 434 73 285 494 106 125 548 
Vertex 549 distance 27
0 402 569 585 549 
Vertex 550 distance 27
0 402 569 434 73 550 
Vertex 551 distance 19
0 402 569 434 551 
Vertex 552 distance 44
0 500 611 552 
Vertex 553 distance 27
0 402 569 434 73 166 553 
Vertex 554 distance 36
0 500 32 380 567 247 634 1 554 
Vertex 555 distance 18
0 500 32 243 555 
Vertex 556 distance 34
0 500 238 383 119 556 
Vertex 557 distance 31
0 402 37 320 205 557 
Vertex 558 distance 28
0 402 620 11 558 
Vertex 559 distance 28
0 402 620 323 429 364 559 
Vertex 560 distance 37
0 402 569 434 551 582 560 
Vertex 561 distance 32
0 402 620 323 429 364 561 
Vertex 562 distance 32
0 500 512 499 562 
Vertex 563 distance 43
0 402 569 434 73 285 157 60 563 
Vertex 564 distance 38
0 402 569 434 73 285 564 
Vertex 565 distance 37
0 402 569 434 73 285 494 106 125 548 379 565 
Vertex 566 distance 33
0 402 569 434 73 336 477 452 566 
Vertex 567 distance 22
0 500 32 380 567 
Vertex 568 distance 27
0 500 238 383 265 568 
Vertex 569 distance 15
0 402 569 
Vertex 570 distance 28
0 500 32 243 371 570 
Vertex 571 distance 35
0 500 32 533 604 426 571 
Vertex 572 distance 40
0 500 32 243 555 121 75 572 
Vertex 573 distance 34
0 451 171 354 594 573 
Vertex 574 distance 29
0 500 32 279 100 302 574 
Vertex 575 distance 30
0 500 32 580 503 44 410 70 162 190 575 
Vertex 576 distance 30
0 500 32 580 503 44 410 70 576 
Vertex 577 distance 34
0 402 569 434 73 336 229 577 
Vertex 578 distance 48
0 402 569 434 73 285 494 106 424 136 510 45 578 
Vertex 579 distance 33
0 402 620 323 429 638 608 579 
Vertex 580 distance 17
0 500 32 580 
Vertex 581 distance 34
0 402 620 11 558 483 433 581 
Vertex 582 distance 20
0 402 569 434 551 582 
Vertex 583 distance 36
0 402 569 434 73 166 370 583 
Vertex 584 distance 31
0 402 620 11 498 209 440 584 
Vertex 585 distance 21
0 402 569 585 
Vertex 586 distance 27
0 500 32 243 371 586 
Vertex 587 distance 37
0 402 620 11 498 209 587 
Vertex 588 distance 40
0 500 32 243 555 121 588 
Vertex 589 distance 30
0 402 569 434 73 589 
Vertex 590 distance 37
0 500 611 2 232 590 
Vertex 591 distance 34
0 500 611 227 224 591 
Vertex 592 distance 38
0 500 32 580 503 44 9 637 592 
Vertex 593 distance 31
0 462 138 351 593 
Vertex 594 distance 33
0 451 171 354 594 
Vertex 595 distance 35
0 500 32 167 340 301 595 
Vertex 596 distance 29
0 159 50 596 
Vertex 597 distance 39
0 451 171 331 597 
Vertex 598 distance 35
0 402 37 598 
Vertex 599 distance 47
0 402 620 11 517 197 18 599 
Vertex 600 distance 32
0 402 620 11 498 209 600 
Vertex 601 distance 31
0 402 569 434 73 336 601 
Vertex 602 distance 24
0 449 602 
Vertex 603 distance 38
0 449 612 416 366 131 603 
Vertex 604 distance 30
0 500 32 533 604 
Vertex 605 distance 30
0 449 602 605 
Vertex 606 distance 19
0 500 32 606 
Vertex 607 distance 39
0 402 62 182 38 476 607 
Vertex 608 distance 30
0 402 620 323 429 638 608 
Vertex 609 distance 39
0 500 32 243 176 153 430 609 
Vertex 610 distance 43
0 500 32 243 555 322 393 528 356 459 610 
Vertex 611 distance 23
0 500 611 
Vertex 612 distance 7
0 449 612 
Vertex 613 distance 26
0 402 569 434 73 285 494 106 613 
Vertex 614 distance 28
0 500 32 580 503 44 614 
Vertex 615 distance 26
0 402 620 11 63 615 
Vertex 616 distance 33
0 500 512 616 
Vertex 617 distance 52
0 500 611 227 224 617 
Vertex 618 distance 22
0 402 62 237 497 618 
Vertex 619 distance 45
0 500 32 580 503 114 619 
Vertex 620 distance 15
0 402 620 
Vertex 621 distance 32
0 402 620 343 621 
Vertex 622 distance 37
0 462 185 31 622 
Vertex 623 distance 42
0 402 569 434 73 285 494 106 125 548 379 249 103 623 
Vertex 624 distance 42
0 402 569 434 551 624 
Vertex 625 distance 38
0 402 569 434 73 285 494 106 217 625 
Vertex 626 distance 39
0 500 32 533 604 426 571 626 
Vertex 627 distance 40
0 500 32 580 503 44 410 70 162 190 575 627 
Vertex 628 distance 35
0 402 569 434 551 582 628 
Vertex 629 distance 35
0 500 32 279 629 
Vertex 630 distance 34
0 402 569 434 73 336 630 
Vertex 631 distance 32
0 500 32 243 371 586 391 631 
Vertex 632 distance 47
0 402 620 323 309 632 
Vertex 633 distance 31
0 402 620 11 359 444 633 
Vertex 634 distance 25
0 500 32 380 567 247 634 
Vertex 635 distance 34
0 451 171 354 594 635 
Vertex 636 distance 35
0 402 37 320 368 636 
Vertex 637 distance 31
0 500 32 580 503 44 9 637 
Vertex 638 distance 24
0 402 620 323 429 638 
Vertex 639 distance 35
0 402 569 434 73 285 276 526 639 
