Vertex 0 distance 0
0 0 
Vertex 1 distance 21
0 249 404 1 
Vertex 2 distance 31
0 336 584 253 526 632 2 
Vertex 3 distance 34
0 336 584 253 335 3 
Vertex 4 distance 28
0 145 597 4 
Vertex 5 distance 37
0 145 338 263 544 123 5 
Vertex 6 distance 28
0 267 48 616 6 
Vertex 7 distance 30
0 336 584 474 7 
Vertex 8 distance 40
0 336 584 253 201 552 560 208 22 8 
Vertex 9 distance 39
0 267 48 521 374 314 9 
Vertex 10 distance 22
0 267 48 571 414 10 
Vertex 11 distance 15
0 145 338 11 
Vertex 12 distance 45
0 509 553 12 
Vertex 13 distance 27
0 336 584 474 13 
Vertex 14 distance 27
0 336 584 395 243 14 
Vertex 15 distance 28
0 267 48 15 
Vertex 16 distance 31
0 336 584 143 103 16 
Vertex 17 distance 34
0 145 338 11 99 621 45 17 
Vertex 18 distance 25
0 336 468 18 
Vertex 19 distance 32
0 145 338 263 544 128 276 19 
Vertex 20 distance 30
0 336 584 194 349 590 20 
Vertex 21 distance 41
0 619 342 480 562 21 
Vertex 22 distance 37
0 336 584 253 201 552 560 208 22 
Vertex 23 distance 27
0 267 48 521 489 511 23 
Vertex 24 distance 25
0 145 338 263 544 24 
Vertex 25 distance 35
0 336 584 253 335 490 25 
Vertex 26 distance 48
0 336 584 253 201 552 383 483 26 
Vertex 27 distance 46
0 145 597 27 
Vertex 28 distance 36
0 336 584 143 103 296 28 
Vertex 29 distance 37
0 145 597 443 549 592 29 
Vertex 30 distance 32
0 145 338 11 30 
Vertex 31 distance 39
0 145 338 263 544 123 5 31 
Vertex 32 distance 25
0 267 48 571 414 239 32 
Vertex 33 distance 37
0 336 584 395 130 33 
Vertex 34 distance 26
0 145 34 
Vertex 35 distance 30
0 267 48 571 414 239 204 261 591 35 
Vertex 36 distance 39
0 249 404 307 343 78 36 
Vertex 37 distance 27
0 267 48 521 403 37 
Vertex 38 distance 44
0 145 338 11 605 271 38 
Vertex 39 distance 40
0 267 48 521 374 444 288 39 
Vertex 40 distance 35
0 145 597 443 153 40 
Vertex 41 distance 36
0 267 48 571 414 239 204 261 591 437 580 41 
Vertex 42 distance 48
0 336 584 474 436 481 218 388 42 
Vertex 43 distance 30
0 267 48 345 43 
Vertex 44 distance 34
0 267 48 268 44 
Vertex 45 distance 26
0 145 338 11 99 621 45 
Vertex 46 distance 30
0 145 338 558 449 46 
Vertex 47 distance 44
0 509 305 246 47 
Vertex 48 distance 15
0 267 48 
Vertex 49 distance 21
0 145 338 91 49 
Vertex 50 distance 29
0 336 584 143 103 525 196 50 
Vertex 51 distance 34
0 267 48 616 6 378 51 
Vertex 52 distance 34
0 267 48 571 414 239 204 261 591 52 
Vertex 53 distance 34
0 145 338 263 544 456 53 
Vertex 54 distance 29
0 145 597 443 60 637 54 
Vertex 55 distance 39
0 145 597 443 60 637 54 556 55 
Vertex 56 distance 32
0 336 584 474 436 481 218 56 
Vertex 57 distance 30
0 145 338 371 392 57 
Vertex 58 distance 38
0 267 48 345 176 292 58 
Vertex 59 distance 37
0 145 338 371 59 
Vertex 60 distance 23
0 145 597 443 60 
Vertex 61 distance 27
0 145 338 11 139 61 
Vertex 62 distance 36
0 336 62 
Vertex 63 distance 36
0 145 338 11 99 621 45 295 136 63 
Vertex 64 distance 27
0 336 584 253 335 64 
Vertex 65 distance 32
0 267 48 616 146 587 135 240 565 65 
Vertex 66 distance 31
0 145 597 498 66 
Vertex 67 distance 31
0 336 584 194 349 67 
Vertex 68 distance 48
0 267 48 345 68 
Vertex 69 distance 22
0 267 48 571 414 69 
Vertex 70 distance 24
0 336 584 143 103 224 70 
Vertex 71 distance 27
0 336 584 143 103 296 301 71 
Vertex 72 distance 40
0 336 584 535 353 453 457 172 72 
Vertex 73 distance 22
0 249 404 307 73 
Vertex 74 distance 34
0 336 584 143 103 525 284 74 
Vertex 75 distance 19
0 267 48 75 
Vertex 76 distance 26
0 336 584 253 201 552 430 76 
Vertex 77 distance 41
0 145 338 11 99 621 45 295 136 77 
Vertex 78 distance 31
0 249 404 307 343 78 
Vertex 79 distance 35
0 145 338 263 544 24 472 459 79 
Vertex 80 distance 26
0 267 80 
Vertex 81 distance 42
0 267 48 571 414 239 204 261 591 35 81 
Vertex 82 distance 36
0 336 584 253 401 416 82 
Vertex 83 distance 28
0 145 597 443 473 83 
Vertex 84 distance 36
0 267 48 521 489 527 84 
Vertex 85 distance 39
0 336 584 194 189 398 450 530 85 
Vertex 86 distance 43
0 336 584 535 353 453 441 86 
Vertex 87 distance 43
0 509 553 375 87 
Vertex 88 distance 27
0 145 338 11 139 478 88 
Vertex 89 distance 29
0 336 584 143 103 296 301 71 89 
Vertex 90 distance 35
0 145 597 443 549 140 90 
Vertex 91 distance 15
0 145 338 91 
Vertex 92 distance 51
0 336 584 143 175 602 92 
Vertex 93 distance 39
0 336 584 543 180 93 
Vertex 94 distance 36
0 145 338 558 449 94 
Vertex 95 distance 42
0 267 48 616 146 587 513 95 
Vertex 96 distance 36
0 336 584 143 103 525 196 50 96 
Vertex 97 distance 38
0 145 338 263 544 24 472 459 97 
Vertex 98 distance 46
0 509 305 246 47 98 
Vertex 99 distance 17
0 145 338 11 99 
Vertex 100 distance 27
0 249 100 
Vertex 101 distance 21
0 336 584 101 
Vertex 102 distance 37
0 145 338 263 149 102 
Vertex 103 distance 16
0 336 584 143 103 
Vertex 104 distance 31
0 336 584 395 243 387 104 
Vertex 105 distance 38
0 267 48 75 477 105 
Vertex 106 distance 30
0 267 48 521 489 511 106 
Vertex 107 distance 30
0 249 404 1 107 
Vertex 108 distance 30
0 267 48 616 6 108 
Vertex 109 distance 33
0 267 48 571 414 239 109 
Vertex 110 distance 31
0 267 48 616 146 587 110 
Vertex 111 distance 45
0 267 48 571 414 239 204 261 591 399 111 
Vertex 112 distance 30
0 145 338 11 112 
Vertex 113 distance 35
0 267 48 521 489 527 113 
Vertex 114 distance 30
0 336 584 143 103 525 114 
Vertex 115 distance 31
0 145 338 534 588 451 115 
Vertex 116 distance 37
0 336 584 143 103 224 126 116 
Vertex 117 distance 34
0 336 584 253 201 552 430 76 540 117 
Vertex 118 distance 46
0 336 584 143 103 328 205 118 
Vertex 119 distance 40
0 336 393 119 
Vertex 120 distance 24
0 145 120 
Vertex 121 distance 27
0 145 338 223 121 
Vertex 122 distance 30
0 267 48 521 374 620 411 122 
Vertex 123 distance 28
0 145 338 263 544 123 
Vertex 124 distance 28
0 336 584 253 201 552 430 124 
Vertex 125 distance 31
0 267 80 125 
Vertex 126 distance 33
0 336 584 143 103 224 126 
Vertex 127 distance 28
0 145 338 534 127 
Vertex 128 distance 27
0 145 338 263 544 128 
Vertex 129 distance 32
0 145 597 443 60 129 
Vertex 130 distance 25
0 336 584 395 130 
Vertex 131 distance 42
0 145 597 443 60 637 394 365 131 
Vertex 132 distance 34
0 336 584 253 401 132 
Vertex 133 distance 43
0 267 48 571 414 10 532 133 
Vertex 134 distance 35
0 267 48 571 299 134 
Vertex 135 distance 27
0 267 48 616 146 587 135 
Vertex 136 distance 34
0 145 338 11 99 621 45 295 136 
Vertex 137 distance 46
0 145 338 11 99 505 324 379 137 
Vertex 138 distance 31
0 619 342 480 138 
Vertex 139 distance 19
0 145 338 11 139 
Vertex 140 distance 25
0 145 597 443 549 140 
Vertex 141 distance 24
0 145 338 91 49 141 
Vertex 142 distance 30
0 336 584 253 484 302 142 
Vertex 143 distance 14
0 336 584 143 
Vertex 144 distance 28
0 145 597 443 549 212 603 144 
Vertex 145 distance 7
0 145 
Vertex 146 distance 25
0 267 48 616 146 
Vertex 147 distance 36
0 145 338 534 147 
Vertex 148 distance 27
0 145 338 148 
Vertex 149 distance 36
0 145 338 263 149 
Vertex 150 distance 29
0 145 597 443 60 637 150 
Vertex 151 distance 36
0 267 48 345 43 151 
Vertex 152 distance 24
0 145 152 
Vertex 153 distance 28
0 145 597 443 153 
Vertex 154 distance 33
0 267 48 571 414 69 607 154 
Vertex 155 distance 23
0 267 48 571 155 
Vertex 156 distance 29
0 249 404 307 343 156 
Vertex 157 distance 28
0 336 584 101 157 
Vertex 158 distance 44
0 336 584 395 243 158 
Vertex 159 distance 59
0 267 48 571 299 159 
Vertex 160 distance 34
0 249 404 307 73 160 
Vertex 161 distance 33
0 336 584 474 161 
Vertex 162 distance 41
0 267 48 571 414 239 204 261 433 162 
Vertex 163 distance 38
0 267 48 571 414 239 204 261 591 437 580 41 163 
Vertex 164 distance 33
0 249 164 
Vertex 165 distance 41
0 145 338 263 544 24 495 165 
Vertex 166 distance 37
0 145 338 263 544 128 166 
Vertex 167 distance 27
0 145 167 
Vertex 168 distance 28
0 267 48 521 489 168 
Vertex 169 distance 40
0 145 597 443 60 169 
Vertex 170 distance 31
0 145 120 311 170 
Vertex 171 distance 37
0 145 338 371 171 
Vertex 172 distance 35
0 336 584 535 353 453 457 172 
Vertex 173 distance 36
0 145 338 91 49 173 
Vertex 174 distance 31
0 249 404 174 
Vertex 175 distance 33
0 336 584 143 175 
Vertex 176 distance 23
0 267 48 345 176 
Vertex 177 distance 36
0 267 48 75 177 
Vertex 178 distance 40
0 336 584 253 201 552 560 208 22 178 
Vertex 179 distance 35
0 267 537 491 179 
Vertex 180 distance 27
0 336 584 543 180 
Vertex 181 distance 44
0 336 584 535 353 181 
Vertex 182 distance 40
0 249 404 609 182 
Vertex 183 distance 37
0 145 167 183 
Vertex 184 distance 32
0 145 338 91 49 184 
Vertex 185 distance 52
0 145 338 534 588 451 115 244 185 
Vertex 186 distance 35
0 145 597 498 66 186 
Vertex 187 distance 37
0 145 338 91 49 187 
Vertex 188 distance 37
0 336 584 194 189 398 450 188 
Vertex 189 distance 17
0 336 584 194 189 
Vertex 190 distance 41
0 145 338 263 544 24 631 190 
Vertex 191 distance 46
0 267 48 571 414 239 204 261 591 35 191 
Vertex 192 distance 44
0 145 338 11 139 478 88 192 
Vertex 193 distance 36
0 336 584 143 636 348 330 193 
Vertex 194 distance 14
0 336 584 194 
Vertex 195 distance 35
0 145 338 371 392 195 
Vertex 196 distance 26
0 336 584 143 103 525 196 
Vertex 197 distance 28
0 619 197 
Vertex 198 distance 36
0 145 597 4 630 272 198 
Vertex 199 distance 36
0 267 48 521 403 37 199 
Vertex 200 distance 36
0 145 597 443 549 212 603 144 418 200 
Vertex 201 distance 22
0 336 584 253 201 
Vertex 202 distance 32
0 336 584 535 353 453 202 
Vertex 203 distance 33
0 267 48 268 203 
Vertex 204 distance 25
0 267 48 571 414 239 204 
Vertex 205 distance 30
0 336 584 143 103 328 205 
Vertex 206 distance 32
0 145 338 534 588 206 
Vertex 207 distance 32
0 267 48 571 299 266 207 
Vertex 208 distance 32
0 336 584 253 201 552 560 208 
Vertex 209 distance 47
0 145 597 443 209 
Vertex 210 distance 43
0 619 342 480 138 617 210 
Vertex 211 distance 45
0 267 48 521 211 
Vertex 212 distance 24
0 145 597 443 549 212 
Vertex 213 distance 34
0 336 584 143 103 224 382 213 
Vertex 214 distance 29
0 336 584 253 401 214 
Vertex 215 distance 42
0 267 48 571 414 10 532 367 215 
Vertex 216 distance 31
0 336 584 143 103 296 301 216 
Vertex 217 distance 40
0 336 584 143 103 296 301 216 225 555 217 
Vertex 218 distance 30
0 336 584 474 436 481 218 
Vertex 219 distance 29
0 336 584 143 103 224 219 
Vertex 220 distance 34
0 336 584 143 103 296 301 216 220 
Vertex 221 distance 37
0 267 48 571 414 239 204 261 591 52 221 
Vertex 222 distance 48
0 336 584 194 349 590 412 222 
Vertex 223 distance 26
0 145 338 223 
Vertex 224 distance 20
0 336 584 143 103 224 
Vertex 225 distance 34
0 336 584 143 103 296 301 216 225 
Vertex 226 distance 31
0 267 48 521 489 226 
Vertex 227 distance 16
0 145 338 11 227 
Vertex 228 distance 41
0 336 584 474 436 481 218 56 228 
Vertex 229 distance 39
0 145 338 11 112 229 
Vertex 230 distance 37
0 336 584 474 13 230 
Vertex 231 distance 35
0 336 584 143 103 525 284 231 
Vertex 232 distance 28
0 249 232 
Vertex 233 distance 36
0 336 584 535 353 453 202 236 233 
Vertex 234 distance 45
0 145 338 11 139 61 618 234 
Vertex 235 distance 40
0 267 48 616 6 378 51 235 
Vertex 236 distance 35
0 336 584 535 353 453 202 236 
Vertex 237 distance 32
0 336 584 474 436 481 218 237 
Vertex 238 distance 41
0 145 338 371 171 238 
Vertex 239 distance 22
0 267 48 571 414 239 
Vertex 240 distance 30
0 267 48 616 146 587 135 240 
Vertex 241 distance 26
0 249 404 609 241 
Vertex 242 distance 32
0 267 48 571 414 239 204 261 591 242 
Vertex 243 distance 23
0 336 584 395 243 
Vertex 244 distance 34
0 145 338 534 588 451 115 244 
Vertex 245 distance 53
0 267 48 571 414 239 109 245 
Vertex 246 distance 33
0 509 305 246 
Vertex 247 distance 29
0 336 584 253 201 552 430 247 
Vertex 248 distance 28
0 249 404 307 343 248 
Vertex 249 distance 14
0 249 
Vertex 250 distance 31
0 145 338 11 227 250 
Vertex 251 distance 34
0 249 404 307 454 251 
Vertex 252 distance 43
0 267 48 345 286 390 252 
Vertex 253 distance 14
0 336 584 253 
Vertex 254 distance 27
0 336 584 194 189 254 
Vertex 255 distance 35
0 336 584 474 161 429 255 
Vertex 256 distance 36
0 267 48 521 273 270 256 
Vertex 257 distance 27
0 145 338 11 227 257 
Vertex 258 distance 33
0 336 584 143 103 525 114 258 
Vertex 259 distance 47
0 145 338 11 139 478 88 259 
Vertex 260 distance 36
0 249 404 307 454 260 
Vertex 261 distance 28
0 267 48 571 414 239 204 261 
Vertex 262 distance 41
0 145 338 11 99 505 329 262 
Vertex 263 distance 19
0 145 338 263 
Vertex 264 distance 28
0 336 584 194 349 590 264 
Vertex 265 distance 43
0 145 338 371 265 
Vertex 266 distance 28
0 267 48 571 299 266 
Vertex 267 distance 12
0 267 
Vertex 268 distance 29
0 267 48 268 
Vertex 269 distance 41
0 267 48 521 374 314 269 
Vertex 270 distance 32
0 267 48 521 273 270 
Vertex 271 distance 34
0 145 338 11 605 271 
Vertex 272 distance 34
0 145 597 4 630 272 
Vertex 273 distance 25
0 267 48 521 273 
Vertex 274 distance 38
0 145 338 534 274 
Vertex 275 distance 24
0 336 584 194 189 275 
Vertex 276 distance 28
0 145 338 263 544 128 276 
Vertex 277 distance 39
0 619 342 480 562 277 
Vertex 278 distance 28
0 145 34 278 
Vertex 279 distance 40
0 336 584 143 636 279 
Vertex 280 distance 30
0 336 584 143 103 525 280 
Vertex 281 distance 37
0 145 120 311 339 281 
Vertex 282 distance 35
0 336 584 143 175 282 
Vertex 283 distance 32
0 267 80 326 283 
Vertex 284 distance 31
0 336 584 143 103 525 284 
Vertex 285 distance 47
0 145 338 263 544 285 
Vertex 286 distance 27
0 267 48 345 286 
Vertex 287 distance 37
0 267 48 571 414 239 204 261 591 287 
Vertex 288 distance 32
0 267 48 521 374 444 288 
Vertex 289 distance 26
0 336 584 143 103 224 70 289 
Vertex 290 distance 30
0 336 584 253 201 552 407 510 290 
Vertex 291 distance 36
0 145 338 11 99 505 291 
Vertex 292 distance 28
0 267 48 345 176 292 
Vertex 293 distance 33
0 267 48 616 146 587 293 
Vertex 294 distance 29
0 336 584 194 349 590 264 294 
Vertex 295 distance 29
0 145 338 11 99 621 45 295 
Vertex 296 distance 18
0 336 584 143 103 296 
Vertex 297 distance 34
0 145 597 443 153 297 
Vertex 298 distance 43
0 267 48 268 203 298 
Vertex 299 distance 27
0 267 48 571 299 
Vertex 300 distance 38
0 336 584 143 103 224 382 213 300 
Vertex 301 distance 21
0 336 584 143 103 296 301 
Vertex 302 distance 26
0 336 584 253 484 302 
Vertex 303 distance 38
0 145 338 263 544 123 5 303 
Vertex 304 distance 29
0 267 48 521 273 304 
Vertex 305 distance 29
0 509 305 
Vertex 306 distance 36
0 336 584 194 349 590 306 
Vertex 307 distance 21
0 249 404 307 
Vertex 308 distance 44
0 249 404 307 343 78 321 611 308 
Vertex 309 distance 37
0 336 584 143 103 224 70 309 
Vertex 310 distance 39
0 145 152 310 
Vertex 311 distance 26
0 145 120 311 
Vertex 312 distance 34
0 145 597 443 549 140 312 
Vertex 313 distance 29
0 336 584 143 103 313 
Vertex 314 distance 33
0 267 48 521 374 314 
Vertex 315 distance 37
0 145 34 278 315 
Vertex 316 distance 29
0 145 338 371 392 316 
Vertex 317 distance 29
0 267 48 521 273 317 
Vertex 318 distance 34
0 145 597 4 630 318 
Vertex 319 distance 41
0 145 597 443 60 637 54 319 
Vertex 320 distance 42
0 336 584 253 201 552 383 568 320 
Vertex 321 distance 34
0 249 404 307 343 78 321 
Vertex 322 distance 41
0 145 338 263 149 322 
Vertex 323 distance 42
0 267 48 345 286 566 323 
Vertex 324 distance 40
0 145 338 11 99 505 324 
Vertex 325 distance 25
0 336 584 253 484 325 
Vertex 326 distance 31
0 267 80 326 
Vertex 327 distance 40
0 267 48 616 146 368 327 
Vertex 328 distance 29
0 336 584 143 103 328 
Vertex 329 distance 23
0 145 338 11 99 505 329 
Vertex 330 distance 34
0 336 584 143 636 348 330 
Vertex 331 distance 27
0 336 584 194 189 275 331 
Vertex 332 distance 33
0 145 338 263 544 24 472 332 
Vertex 333 distance 41
0 145 338 534 588 333 
Vertex 334 distance 34
0 267 48 521 489 168 440 334 
Vertex 335 distance 23
0 336 584 253 335 
Vertex 336 distance 6
0 336 
Vertex 337 distance 43
0 267 48 521 489 527 337 
Vertex 338 distance 8
0 145 338 
Vertex 339 distance 36
0 145 120 311 339 
Vertex 340 distance 40
0 145 338 263 149 102 340 
Vertex 341 distance 24
0 336 584 253 341 
Vertex 342 distance 29
0 619 342 
Vertex 343 distance 23
0 249 404 307 343 
Vertex 344 distance 30
0 267 48 616 146 587 344 
Vertex 345 distance 18
0 267 48 345 
Vertex 346 distance 37
0 249 404 307 343 156 346 
Vertex 347 distance 37
0 145 338 11 139 61 347 
Vertex 348 distance 33
0 336 584 143 636 348 
Vertex 349 distance 17
0 336 584 194 349 
Vertex 350 distance 33
0 336 584 143 103 525 350 
Vertex 351 distance 43
0 619 342 351 
Vertex 352 distance 34
0 619 197 417 352 
Vertex 353 distance 22
0 336 584 535 353 
Vertex 354 distance 58
0 336 584 143 103 224 70 309 354 
Vertex 355 distance 42
0 267 48 616 146 587 135 240 565 65 355 
Vertex 356 distance 37
0 336 584 143 103 525 196 50 356 
Vertex 357 distance 43
0 336 584 395 243 387 104 357 
Vertex 358 distance 45
0 145 338 91 358 
Vertex 359 distance 37
0 249 404 307 343 78 321 359 
Vertex 360 distance 42
0 336 584 143 103 525 196 386 360 
Vertex 361 distance 46
0 336 584 194 349 590 20 361 
Vertex 362 distance 36
0 267 48 345 362 
Vertex 363 distance 32
0 249 363 
Vertex 364 distance 38
0 249 404 307 343 364 
Vertex 365 distance 31
0 145 597 443 60 637 394 365 
Vertex 366 distance 45
0 267 48 616 146 587 135 240 606 410 366 
Vertex 367 distance 34
0 267 48 571 414 10 532 367 
Vertex 368 distance 32
0 267 48 616 146 368 
Vertex 369 distance 25
0 336 584 143 103 525 369 
Vertex 370 distance 37
0 336 584 253 201 370 
Vertex 371 distance 23
0 145 338 371 
Vertex 372 distance 38
0 267 48 345 43 372 
Vertex 373 distance 33
0 336 584 253 401 214 373 
Vertex 374 distance 22
0 267 48 521 374 
Vertex 375 distance 28
0 509 553 375 
Vertex 376 distance 27
0 336 584 143 376 
Vertex 377 distance 36
0 145 338 534 517 377 
Vertex 378 distance 33
0 267 48 616 6 378 
Vertex 379 distance 42
0 145 338 11 99 505 324 379 
Vertex 380 distance 45
0 619 342 480 138 617 380 
Vertex 381 distance 39
0 336 584 253 201 552 487 381 
Vertex 382 distance 29
0 336 584 143 103 224 382 
Vertex 383 distance 29
0 336 584 253 201 552 383 
Vertex 384 distance 37
0 145 338 263 544 128 276 19 384 
Vertex 385 distance 35
0 336 584 143 103 328 205 385 
Vertex 386 distance 29
0 336 584 143 103 525 196 386 
Vertex 387 distance 25
0 336 584 395 243 387 
Vertex 388 distance 40
0 336 584 474 436 481 218 388 
Vertex 389 distance 37
0 145 597 4 630 272 389 
Vertex 390 distance 31
0 267 48 345 286 390 
Vertex 391 distance 28
0 336 584 194 349 590 391 
Vertex 392 distance 27
0 145 338 371 392 
Vertex 393 distance 37
0 336 393 
Vertex 394 distance 29
0 145 597 443 60 637 394 
Vertex 395 distance 18
0 336 584 395 
Vertex 396 distance 22
0 145 338 11 139 396 
Vertex 397 distance 34
0 145 120 311 170 397 
Vertex 398 distance 32
0 336 584 194 189 398 
Vertex 399 distance 41
0 267 48 571 414 239 204 261 591 399 
Vertex 400 distance 43
0 267 48 521 403 37 400 
Vertex 401 distance 21
0 336 584 253 401 
Vertex 402 distance 36
0 336 584 194 349 590 391 402 
Vertex 403 distance 23
0 267 48 521 403 
Vertex 404 distance 17
0 249 404 
Vertex 405 distance 32
0 267 48 616 146 587 135 240 405 
Vertex 406 distance 40
0 267 48 521 273 406 
Vertex 407 distance 27
0 336 584 253 201 552 407 
Vertex 408 distance 34
0 267 48 571 299 266 207 408 
Vertex 409 distance 33
0 267 80 326 409 
Vertex 410 distance 35
0 267 48 616 146 587 135 240 606 410 
Vertex 411 distance 29
0 267 48 521 374 620 411 
Vertex 412 distance 34
0 336 584 194 349 590 412 
Vertex 413 distance 31
0 267 537 413 
Vertex 414 distance 20
0 267 48 571 414 
Vertex 415 distance 34
0 267 48 521 489 226 415 
Vertex 416 distance 25
0 336 584 253 401 416 
Vertex 417 distance 33
0 619 197 417 
Vertex 418 distance 30
0 145 597 443 549 212 603 144 418 
Vertex 419 distance 37
0 145 597 446 419 
Vertex 420 distance 37
0 145 338 263 544 24 472 459 79 420 
Vertex 421 distance 37
0 267 48 571 414 239 204 261 591 35 421 
Vertex 422 distance 37
0 336 584 143 636 348 422 
Vertex 423 distance 45
0 145 338 11 139 61 503 423 
Vertex 424 distance 39
0 145 338 534 588 424 
Vertex 425 distance 38
0 267 537 491 179 425 
Vertex 426 distance 32
0 249 404 307 343 426 
Vertex 427 distance 40
0 336 584 143 103 525 196 50 452 427 
Vertex 428 distance 42
0 145 338 263 544 24 428 
Vertex 429 distance 34
0 336 584 474 161 429 
Vertex 430 distance 25
0 336 584 253 201 552 430 
Vertex 431 distance 38
0 267 48 571 414 239 204 261 591 52 221 431 
Vertex 432 distance 41
0 145 597 443 549 212 603 144 418 432 
Vertex 433 distance 30
0 267 48 571 414 239 204 261 433 
Vertex 434 distance 37
0 336 584 143 103 296 301 216 434 
Vertex 435 distance 26
0 336 584 143 103 525 369 435 
Vertex 436 distance 25
0 336 584 474 436 
Vertex 437 distance 30
0 267 48 571 414 239 204 261 591 437 
Vertex 438 distance 32
0 267 48 616 146 438 
Vertex 439 distance 33
0 267 48 521 439 
Vertex 440 distance 33
0 267 48 521 489 168 440 
Vertex 441 distance 31
0 336 584 535 353 453 441 
Vertex 442 distance 36
0 336 584 474 161 429 255 442 
Vertex 443 distance 22
0 145 597 443 
Vertex 444 distance 24
0 267 48 521 374 444 
Vertex 445 distance 41
0 267 48 571 299 464 445 
Vertex 446 distance 27
0 145 597 446 
Vertex 447 distance 39
0 145 338 263 149 102 447 
Vertex 448 distance 36
0 267 48 616 146 587 135 448 
Vertex 449 distance 24
0 145 338 558 449 
Vertex 450 distance 33
0 336 584 194 189 398 450 
Vertex 451 distance 29
0 145 338 534 588 451 
Vertex 452 distance 35
0 336 584 143 103 525 196 50 452 
Vertex 453 distance 25
0 336 584 535 353 453 
Vertex 454 distance 23
0 249 404 307 454 
Vertex 455 distance 39
0 336 584 143 636 348 330 455 
Vertex 456 distance 28
0 145 338 263 544 456 
Vertex 457 distance 29
0 336 584 535 353 453 457 
Vertex 458 distance 42
0 145 338 148 458 
Vertex 459 distance 33
0 145 338 263 544 24 472 459 
Vertex 460 distance 38
0 619 342 480 138 460 
Vertex 461 distance 42
0 267 48 75 477 105 461 
Vertex 462 distance 24
0 336 584 194 189 462 
Vertex 463 distance 31
0 145 338 263 544 123 463 
Vertex 464 distance 38
0 267 48 571 299 464 
Vertex 465 distance 26
0 267 48 465 
Vertex 466 distance 29
0 336 584 395 243 466 
Vertex 467 distance 33
0 145 597 4 467 
Vertex 468 distance 22
0 336 468 
Vertex 469 distance 34
0 336 584 253 201 552 407 510 469 
Vertex 470 distance 41
0 336 584 143 103 328 205 385 470 
Vertex 471 distance 39
0 336 584 253 201 471 
Vertex 472 distance 26
0 145 338 263 544 24 472 
Vertex 473 distance 26
0 145 597 443 473 
Vertex 474 distance 20
0 336 584 474 
Vertex 475 distance 31
0 267 48 571 155 475 
Vertex 476 distance 26
0 145 338 11 99 476 
Vertex 477 distance 34
0 267 48 75 477 
Vertex 478 distance 26
0 145 338 11 139 478 
Vertex 479 distance 31
0 336 584 253 201 552 407 479 
Vertex 480 distance 30
0 619 342 480 
Vertex 481 distance 28
0 336 584 474 436 481 
Vertex 482 distance 26
0 145 338 263 544 24 482 
Vertex 483 distance 34
0 336 584 253 201 552 383 483 
Vertex 484 distance 17
0 336 584 253 484 
Vertex 485 distance 35
0 267 80 326 409 485 
Vertex 486 distance 39
0 336 584 143 103 224 70 486 
Vertex 487 distance 25
0 336 584 253 201 552 487 
Vertex 488 distance 36
0 145 338 148 488 
Vertex 489 distance 19
0 267 48 521 489 
Vertex 490 distance 31
0 336 584 253 335 490 
Vertex 491 distance 31
0 267 537 491 
Vertex 492 distance 31
0 145 338 11 139 396 492 
Vertex 493 distance 34
0 267 48 345 43 493 
Vertex 494 distance 34
0 336 584 253 201 552 407 479 494 
Vertex 495 distance 27
0 145 338 263 544 24 495 
Vertex 496 distance 28
0 267 48 521 374 496 
Vertex 497 distance 34
0 267 48 571 414 239 204 261 591 437 580 497 
Vertex 498 distance 28
0 145 597 498 
Vertex 499 distance 28
0 336 584 143 103 224 70 289 499 
Vertex 500 distance 50
0 336 584 143 103 224 382 500 
Vertex 501 distance 31
0 145 597 443 549 212 501 
Vertex 502 distance 40
0 145 338 263 149 102 502 
Vertex 503 distance 43
0 145 338 11 139 61 503 
Vertex 504 distance 49
0 336 584 253 484 302 142 504 
Vertex 505 distance 19
0 145 338 11 99 505 
Vertex 506 distance 34
0 267 48 571 414 239 204 261 433 506 
Vertex 507 distance 34
0 145 338 263 544 128 276 19 507 
Vertex 508 distance 40
0 145 338 11 139 478 88 508 
Vertex 509 distance 23
0 509 
Vertex 510 distance 28
0 336 584 253 201 552 407 510 
Vertex 511 distance 25
0 267 48 521 489 511 
Vertex 512 distance 48
0 145 338 263 544 24 472 459 79 420 512 
Vertex 513 distance 31
0 267 48 616 146 587 513 
Vertex 514 distance 45
0 336 584 253 526 622 514 
Vertex 515 distance 56
0 336 584 143 103 296 28 628 515 
Vertex 516 distance 30
0 249 516 
Vertex 517 distance 33
0 145 338 534 517 
Vertex 518 distance 41
0 267 48 521 489 527 518 
Vertex 519 distance 39
0 336 584 194 519 
Vertex 520 distance 39
0 249 404 609 563 520 
Vertex 521 distance 16
0 267 48 521 
Vertex 522 distance 31
0 267 537 522 
Vertex 523 distance 40
0 249 404 307 343 78 36 523 
Vertex 524 distance 38
0 145 338 91 49 184 524 
Vertex 525 distance 21
0 336 584 143 103 525 
Vertex 526 distance 19
0 336 584 253 526 
Vertex 527 distance 29
0 267 48 521 489 527 
Vertex 528 distance 33
0 145 338 11 99 505 528 
Vertex 529 distance 35
0 145 338 11 529 
Vertex 530 distance 36
0 336 584 194 189 398 450 530 
Vertex 531 distance 52
0 336 584 194 349 531 
Vertex 532 distance 29
0 267 48 571 414 10 532 
Vertex 533 distance 24
0 145 338 558 533 
Vertex 534 distance 14
0 145 338 534 
Vertex 535 distance 12
0 336 584 535 
Vertex 536 distance 40
0 267 48 571 536 
Vertex 537 distance 24
0 267 537 
Vertex 538 distance 37
0 267 48 345 286 390 538 
Vertex 539 distance 40
0 336 584 253 201 471 539 
Vertex 540 distance 28
0 336 584 253 201 552 430 76 540 
Vertex 541 distance 51
0 145 338 223 541 
Vertex 542 distance 39
0 267 48 521 273 542 
Vertex 543 distance 26
0 336 584 543 
Vertex 544 distance 23
0 145 338 263 544 
Vertex 545 distance 40
0 267 48 571 299 266 207 545 
Vertex 546 distance 36
0 145 338 11 99 621 45 17 546 
Vertex 547 distance 36
0 267 48 616 146 587 135 595 547 
Vertex 548 distance 33
0 336 584 143 548 
Vertex 549 distance 23
0 145 597 443 549 
Vertex 550 distance 43
0 336 584 143 103 224 219 550 
Vertex 551 distance 30
0 145 152 551 
Vertex 552 distance 23
0 336 584 253 201 552 
Vertex 553 distance 24
0 509 553 
Vertex 554 distance 31
0 145 338 11 99 621 45 295 554 
Vertex 555 distance 39
0 336 584 143 103 296 301 216 225 555 
Vertex 556 distance 31
0 145 597 443 60 637 54 556 
Vertex 557 distance 46
0 145 338 371 392 557 
Vertex 558 distance 21
0 145 338 558 
Vertex 559 distance 40
0 145 338 11 99 621 45 295 136 559 
Vertex 560 distance 27
0 336 584 253 201 552 560 
Vertex 561 distance 38
0 145 597 443 561 
Vertex 562 distance 38
0 619 342 480 562 
Vertex 563 distance 34
0 249 404 609 563 
Vertex 564 distance 34
0 267 48 571 414 239 204 261 564 
Vertex 565 distance 31
0 267 48 616 146 587 135 240 565 
Vertex 566 distance 32
0 267 48 345 286 566 
Vertex 567 distance 38
0 336 584 143 103 296 301 71 567 
Vertex 568 distance 34
0 336 584 253 201 552 383 568 
Vertex 569 distance 36
0 336 584 194 189 275 331 569 
Vertex 570 distance 34
0 267 80 326 570 
Vertex 571 distance 18
0 267 48 571 
Vertex 572 distance 41
0 267 48 616 146 587 135 240 606 572 
Vertex 573 distance 36
0 145 338 223 573 
Vertex 574 distance 38
0 267 48 15 574 
Vertex 575 distance 37
0 145 338 263 544 128 276 19 507 575 
Vertex 576 distance 27
0 145 338 534 576 
Vertex 577 distance 47
0 336 584 143 103 328 205 385 577 
Vertex 578 distance 35
0 336 584 253 201 552 383 483 578 
Vertex 579 distance 34
0 336 584 143 103 579 
Vertex 580 distance 33
0 267 48 571 414 239 204 261 591 437 580 
Vertex 581 distance 34
0 267 48 571 414 239 204 581 
Vertex 582 distance 35
0 336 584 143 103 525 280 582 
Vertex 583 distance 36
0 267 48 616 146 587 135 240 606 583 
Vertex 584 distance 11
0 336 584 
Vertex 585 distance 37
0 267 48 616 585 
Vertex 586 distance 31
0 336 584 194 349 590 20 586 
Vertex 587 distance 26
0 267 48 616 146 587 
Vertex 588 distance 27
0 145 338 534 588 
Vertex 589 distance 29
0 145 338 91 589 
Vertex 590 distance 18
0 336 584 194 349 590 
Vertex 591 distance 29
0 267 48 571 414 239 204 261 591 
Vertex 592 distance 31
0 145 597 443 549 592 
Vertex 593 distance 51
0 336 584 143 103 328 205 118 593 
Vertex 594 distance 48
0 336 584 143 103 224 70 289 499 594 
Vertex 595 distance 31
0 267 48 616 146 587 135 595 
Vertex 596 distance 38
0 336 584 535 353 596 
Vertex 597 distance 20
0 145 597 
Vertex 598 distance 40
0 336 584 143 103 296 301 216 598 
Vertex 599 distance 36
0 267 80 326 570 599 
Vertex 600 distance 39
0 145 338 534 588 206 600 
Vertex 601 distance 31
0 145 338 558 449 46 601 
Vertex 602 distance 35
0 336 584 143 175 602 
Vertex 603 distance 26
0 145 597 443 549 212 603 
Vertex 604 distance 36
0 336 584 395 243 466 604 
Vertex 605 distance 29
0 145 338 11 605 
Vertex 606 distance 34
0 267 48 616 146 587 135 240 606 
Vertex 607 distance 28
0 267 48 571 414 69 607 
Vertex 608 distance 25
0 619 608 
Vertex 609 distance 23
0 249 404 609 
Vertex 610 distance 37
0 145 338 263 544 610 
Vertex 611 distance 40
0 249 404 307 343 78 321 611 
Vertex 612 distance 36
0 619 342 480 138 617 612 
Vertex 613 distance 41
0 267 48 15 574 613 
Vertex 614 distance 35
0 336 584 253 201 552 407 510 290 614 
Vertex 615 distance 30
0 336 468 615 
Vertex 616 distance 22
0 267 48 616 
Vertex 617 distance 32
0 619 342 480 138 617 
Vertex 618 distance 29
0 145 338 11 139 61 618 
Vertex 619 distance 23
0 619 
Vertex 620 distance 28
0 267 48 521 374 620 
Vertex 621 distance 23
0 145 338 11 99 621 
Vertex 622 distance 24
0 336 584 253 526 622 
Vertex 623 distance 42
0 336 584 143 103 224 70 289 499 623 
Vertex 624 distance 36
0 336 584 143 103 624 
Vertex 625 distance 33
0 267 48 616 146 587 344 625 
Vertex 626 distance 52
0 145 338 11 605 271 626 
Vertex 627 distance 40
0 336 584 143 103 224 70 289 627 
Vertex 628 distance 40
0 336 584 143 103 296 28 628 
Vertex 629 distance 33
0 336 584 143 103 224 70 289 499 629 
Vertex 630 distance 29
0 145 597 4 630 
Vertex 631 distance 36
0 145 338 263 544 24 631 
Vertex 632 distance 26
0 336 584 253 526 632 
Vertex 633 distance 38
0 267 48 571 414 239 633 
Vertex 634 distance 39
0 336 584 253 526 634 
Vertex 635 distance 35
0 336 584 194 349 590 264 294 635 
Vertex 636 distance 23
0 336 584 143 636 
Vertex 637 distance 28
0 145 597 443 60 637 
Vertex 638 distance 39
0 336 584 253 201 552 407 638 
Vertex 639 distance 35
0 145 338 11 99 621 45 17 639 
