Vertex 0 distance 0
0 0 
Vertex 1 distance 21
0 361 416 589 479 464 1 
Vertex 2 distance 33
0 361 416 589 430 320 141 534 2 
Vertex 3 distance 14
0 452 535 42 3 
Vertex 4 distance 19
0 361 416 4 
Vertex 5 distance 29
0 452 294 172 19 5 
Vertex 6 distance 24
0 452 294 172 330 522 6 
Vertex 7 distance 39
0 452 535 36 610 377 612 252 7 
Vertex 8 distance 15
0 361 416 589 337 8 
Vertex 9 distance 32
0 361 416 183 328 9 
Vertex 10 distance 27
0 452 294 172 398 536 10 
Vertex 11 distance 19
0 452 232 321 11 
Vertex 12 distance 24
0 452 232 475 15 513 153 12 
Vertex 13 distance 26
0 361 416 589 616 271 13 
Vertex 14 distance 26
0 361 416 589 337 334 504 14 
Vertex 15 distance 15
0 452 232 475 15 
Vertex 16 distance 36
0 452 232 371 542 620 428 16 
Vertex 17 distance 23
0 361 416 589 430 320 141 17 
Vertex 18 distance 23
0 452 232 477 18 
Vertex 19 distance 24
0 452 294 172 19 
Vertex 20 distance 26
0 361 276 593 93 191 20 
Vertex 21 distance 29
0 452 232 475 264 21 
Vertex 22 distance 30
0 452 232 477 374 22 
Vertex 23 distance 21
0 361 276 97 106 450 23 
Vertex 24 distance 35
0 361 416 468 112 59 43 461 123 24 
Vertex 25 distance 30
0 361 416 589 337 8 49 25 
Vertex 26 distance 34
0 452 232 617 465 26 
Vertex 27 distance 26
0 361 416 589 616 271 240 287 27 
Vertex 28 distance 40
0 452 232 371 208 325 28 
Vertex 29 distance 29
0 452 294 439 637 546 280 29 
Vertex 30 distance 18
0 361 290 30 
Vertex 31 distance 12
0 452 299 31 
Vertex 32 distance 31
0 452 232 475 15 513 367 32 
Vertex 33 distance 29
0 361 290 33 
Vertex 34 distance 24
0 452 299 31 486 65 329 34 
Vertex 35 distance 20
0 452 232 475 15 513 35 
Vertex 36 distance 12
0 452 535 36 
Vertex 37 distance 29
0 452 563 37 
Vertex 38 distance 31
0 452 294 357 556 38 
Vertex 39 distance 19
0 361 416 589 479 464 39 
Vertex 40 distance 30
0 452 299 31 486 65 329 34 40 
Vertex 41 distance 43
0 361 327 577 497 201 41 
Vertex 42 distance 12
0 452 535 42 
Vertex 43 distance 21
0 361 416 468 112 59 43 
Vertex 44 distance 23
0 452 294 172 288 44 
Vertex 45 distance 23
0 452 232 475 466 45 
Vertex 46 distance 30
0 361 416 46 
Vertex 47 distance 29
0 361 276 97 106 450 47 
Vertex 48 distance 30
0 275 597 48 
Vertex 49 distance 17
0 361 416 589 337 8 49 
Vertex 50 distance 19
0 452 232 477 50 
Vertex 51 distance 22
0 361 276 593 359 51 
Vertex 52 distance 27
0 361 416 269 159 52 
Vertex 53 distance 31
0 452 232 321 454 601 403 53 
Vertex 54 distance 29
0 361 416 589 337 8 219 573 54 
Vertex 55 distance 37
0 361 416 468 112 59 43 55 
Vertex 56 distance 20
0 361 416 589 337 8 56 
Vertex 57 distance 23
0 361 416 589 479 218 57 
Vertex 58 distance 30
0 361 416 590 307 58 
Vertex 59 distance 19
0 361 416 468 112 59 
Vertex 60 distance 25
0 361 416 468 60 
Vertex 61 distance 26
0 452 294 357 383 61 
Vertex 62 distance 32
0 361 416 589 479 464 39 62 
Vertex 63 distance 24
0 361 63 
Vertex 64 distance 30
0 361 416 589 479 464 92 375 101 64 
Vertex 65 distance 20
0 452 299 31 486 65 
Vertex 66 distance 12
0 275 66 
Vertex 67 distance 24
0 452 232 321 454 131 492 67 
Vertex 68 distance 16
0 275 234 68 
Vertex 69 distance 24
0 275 66 69 
Vertex 70 distance 15
0 452 232 70 
Vertex 71 distance 28
0 452 232 477 374 71 
Vertex 72 distance 32
0 361 327 313 254 72 
Vertex 73 distance 23
0 452 232 321 462 73 
Vertex 74 distance 26
0 361 416 589 616 271 420 74 
Vertex 75 distance 23
0 275 66 385 523 75 
Vertex 76 distance 26
0 452 535 76 
Vertex 77 distance 28
0 361 416 468 112 139 77 
Vertex 78 distance 33
0 361 276 593 93 78 
Vertex 79 distance 26
0 452 294 172 398 79 
Vertex 80 distance 29
0 275 66 385 129 80 
Vertex 81 distance 30
0 452 299 31 214 460 81 
Vertex 82 distance 31
0 452 232 475 466 437 82 
Vertex 83 distance 28
0 361 416 589 430 320 141 17 83 
Vertex 84 distance 19
0 361 416 269 84 
Vertex 85 distance 23
0 452 232 475 209 85 
Vertex 86 distance 32
0 452 294 172 398 200 86 
Vertex 87 distance 35
0 452 232 477 399 605 87 
Vertex 88 distance 15
0 452 232 321 88 
Vertex 89 distance 31
0 361 416 589 430 320 463 618 89 
Vertex 90 distance 21
0 275 66 385 90 
Vertex 91 distance 26
0 452 232 321 454 131 91 
Vertex 92 distance 19
0 361 416 589 479 464 92 
Vertex 93 distance 15
0 361 276 593 93 
Vertex 94 distance 29
0 452 299 31 486 65 329 336 94 
Vertex 95 distance 26
0 452 294 439 637 318 95 
Vertex 96 distance 23
0 452 535 42 3 96 
Vertex 97 distance 14
0 361 276 97 
Vertex 98 distance 34
0 452 535 36 610 377 612 252 98 
Vertex 99 distance 18
0 361 416 589 337 8 99 
Vertex 100 distance 31
0 452 294 439 637 113 100 
Vertex 101 distance 26
0 361 416 589 479 464 92 375 101 
Vertex 102 distance 37
0 452 535 42 3 277 481 526 102 
Vertex 103 distance 32
0 452 232 475 466 437 103 
Vertex 104 distance 29
0 361 416 269 84 258 445 154 324 104 
Vertex 105 distance 20
0 361 416 269 351 409 105 
Vertex 106 distance 17
0 361 276 97 106 
Vertex 107 distance 32
0 361 276 97 106 450 23 107 
Vertex 108 distance 32
0 361 416 590 394 363 108 
Vertex 109 distance 29
0 361 276 97 109 
Vertex 110 distance 22
0 452 110 
Vertex 111 distance 26
0 452 294 357 383 111 
Vertex 112 distance 17
0 361 416 468 112 
Vertex 113 distance 26
0 452 294 439 637 113 
Vertex 114 distance 28
0 452 294 176 114 
Vertex 115 distance 25
0 452 294 357 115 
Vertex 116 distance 32
0 361 416 589 337 8 390 368 116 
Vertex 117 distance 32
0 270 135 279 117 
Vertex 118 distance 37
0 452 232 321 454 131 91 333 118 
Vertex 119 distance 19
0 361 276 97 119 
Vertex 120 distance 23
0 452 299 31 486 162 120 
Vertex 121 distance 25
0 361 63 121 
Vertex 122 distance 29
0 361 276 97 106 122 
Vertex 123 distance 29
0 361 416 468 112 59 43 461 123 
Vertex 124 distance 27
0 452 294 172 398 124 
Vertex 125 distance 31
0 361 416 269 510 545 353 125 
Vertex 126 distance 22
0 275 234 68 580 126 
Vertex 127 distance 34
0 361 327 127 
Vertex 128 distance 31
0 361 290 395 128 
Vertex 129 distance 23
0 275 66 385 129 
Vertex 130 distance 39
0 361 416 46 130 
Vertex 131 distance 19
0 452 232 321 454 131 
Vertex 132 distance 34
0 392 132 
Vertex 133 distance 47
0 361 290 133 
Vertex 134 distance 21
0 361 416 269 510 134 
Vertex 135 distance 25
0 270 135 
Vertex 136 distance 25
0 361 416 269 443 136 
Vertex 137 distance 28
0 275 234 236 137 
Vertex 138 distance 28
0 361 416 269 510 134 263 158 138 
Vertex 139 distance 23
0 361 416 468 112 139 
Vertex 140 distance 25
0 361 416 589 479 464 358 140 
Vertex 141 distance 20
0 361 416 589 430 320 141 
Vertex 142 distance 32
0 452 232 477 429 142 
Vertex 143 distance 32
0 275 66 385 90 397 143 
Vertex 144 distance 25
0 361 416 589 616 144 
Vertex 145 distance 28
0 361 416 589 479 464 358 140 145 
Vertex 146 distance 40
0 275 66 385 90 453 146 
Vertex 147 distance 23
0 361 416 269 510 545 147 
Vertex 148 distance 28
0 361 276 97 106 450 23 317 148 
Vertex 149 distance 30
0 452 294 172 398 536 10 149 
Vertex 150 distance 33
0 361 416 468 112 59 43 461 150 
Vertex 151 distance 26
0 270 135 151 
Vertex 152 distance 36
0 361 416 183 328 188 152 
Vertex 153 distance 23
0 452 232 475 15 513 153 
Vertex 154 distance 25
0 361 416 269 84 258 445 154 
Vertex 155 distance 31
0 361 327 577 497 155 
Vertex 156 distance 36
0 361 416 269 84 258 511 156 
Vertex 157 distance 49
0 361 276 593 93 306 393 157 
Vertex 158 distance 27
0 361 416 269 510 134 263 158 
Vertex 159 distance 23
0 361 416 269 159 
Vertex 160 distance 22
0 361 416 589 337 8 99 160 
Vertex 161 distance 31
0 452 294 172 19 161 
Vertex 162 distance 18
0 452 299 31 486 162 
Vertex 163 distance 26
0 452 294 172 330 522 6 163 
Vertex 164 distance 25
0 275 234 236 164 
Vertex 165 distance 27
0 452 232 477 374 346 165 
Vertex 166 distance 29
0 275 66 69 166 
Vertex 167 distance 22
0 452 232 475 167 
Vertex 168 distance 35
0 361 416 269 84 258 445 154 324 168 
Vertex 169 distance 40
0 361 416 589 616 179 169 
Vertex 170 distance 23
0 452 232 321 301 170 
Vertex 171 distance 43
0 275 234 68 372 480 456 171 
Vertex 172 distance 13
0 452 294 172 
Vertex 173 distance 30
0 361 416 269 351 409 173 
Vertex 174 distance 36
0 361 416 183 328 174 
Vertex 175 distance 23
0 361 416 589 430 175 
Vertex 176 distance 24
0 452 294 176 
Vertex 177 distance 12
0 452 232 177 
Vertex 178 distance 29
0 361 327 577 497 201 178 
Vertex 179 distance 21
0 361 416 589 616 179 
Vertex 180 distance 26
0 361 416 589 616 180 
Vertex 181 distance 18
0 361 416 181 
Vertex 182 distance 31
0 361 416 589 337 334 508 182 
Vertex 183 distance 17
0 361 416 183 
Vertex 184 distance 31
0 361 416 589 337 8 99 184 
Vertex 185 distance 33
0 452 535 42 356 185 
Vertex 186 distance 38
0 452 563 305 186 
Vertex 187 distance 21
0 452 294 172 330 187 
Vertex 188 distance 29
0 361 416 183 328 188 
Vertex 189 distance 18
0 361 290 189 
Vertex 190 distance 24
0 361 416 269 159 190 
Vertex 191 distance 18
0 361 276 593 93 191 
Vertex 192 distance 26
0 361 416 589 192 
Vertex 193 distance 29
0 361 416 589 616 271 420 74 193 
Vertex 194 distance 26
0 452 232 321 454 131 492 67 194 
Vertex 195 distance 19
0 361 416 589 337 8 49 195 
Vertex 196 distance 18
0 452 232 321 88 196 
Vertex 197 distance 29
0 452 232 321 454 131 492 67 197 
Vertex 198 distance 31
0 361 416 589 430 320 141 534 198 
Vertex 199 distance 38
0 452 232 321 454 267 199 
Vertex 200 distance 20
0 452 294 172 398 200 
Vertex 201 distance 28
0 361 327 577 497 201 
Vertex 202 distance 20
0 361 416 181 202 
Vertex 203 distance 27
0 361 416 589 337 8 99 203 
Vertex 204 distance 32
0 452 299 31 486 65 204 
Vertex 205 distance 38
0 361 416 589 430 320 141 534 198 205 
Vertex 206 distance 25
0 361 206 
Vertex 207 distance 23
0 361 276 97 495 207 
Vertex 208 distance 15
0 452 232 371 208 
Vertex 209 distance 17
0 452 232 475 209 
Vertex 210 distance 33
0 452 535 42 3 489 423 210 
Vertex 211 distance 32
0 275 66 385 129 80 211 
Vertex 212 distance 25
0 361 290 391 212 
Vertex 213 distance 35
0 361 276 97 213 
Vertex 214 distance 18
0 452 299 31 214 
Vertex 215 distance 17
0 361 416 468 215 
Vertex 216 distance 24
0 452 232 321 454 548 216 
Vertex 217 distance 27
0 361 276 593 359 51 217 
Vertex 218 distance 22
0 361 416 589 479 218 
Vertex 219 distance 20
0 361 416 589 337 8 219 
Vertex 220 distance 24
0 452 294 172 330 220 
Vertex 221 distance 28
0 452 299 31 315 442 221 
Vertex 222 distance 33
0 452 294 439 637 318 222 
Vertex 223 distance 26
0 361 276 593 359 51 223 
Vertex 224 distance 28
0 452 294 439 637 224 
Vertex 225 distance 26
0 361 276 593 93 306 225 
Vertex 226 distance 25
0 275 234 68 580 438 226 
Vertex 227 distance 24
0 361 416 269 510 545 353 227 
Vertex 228 distance 27
0 452 232 321 228 
Vertex 229 distance 25
0 361 416 589 616 229 
Vertex 230 distance 19
0 361 276 230 
Vertex 231 distance 33
0 361 327 577 497 155 231 
Vertex 232 distance 10
0 452 232 
Vertex 233 distance 21
0 361 276 593 93 233 
Vertex 234 distance 12
0 275 234 
Vertex 235 distance 38
0 452 294 439 637 224 576 235 
Vertex 236 distance 23
0 275 234 236 
Vertex 237 distance 28
0 361 276 593 93 237 
Vertex 238 distance 36
0 361 416 183 328 611 238 
Vertex 239 distance 32
0 452 535 36 296 272 239 
Vertex 240 distance 19
0 361 416 589 616 271 240 
Vertex 241 distance 30
0 361 416 269 84 258 445 241 
Vertex 242 distance 29
0 361 416 589 430 320 141 614 242 
Vertex 243 distance 29
0 452 232 321 301 636 243 
Vertex 244 distance 28
0 452 299 31 486 244 
Vertex 245 distance 44
0 452 232 617 245 
Vertex 246 distance 25
0 452 246 
Vertex 247 distance 23
0 452 294 247 
Vertex 248 distance 26
0 452 294 439 637 318 248 
Vertex 249 distance 25
0 452 294 439 637 488 249 
Vertex 250 distance 24
0 452 232 475 15 513 250 
Vertex 251 distance 45
0 452 232 475 167 251 
Vertex 252 distance 29
0 452 535 36 610 377 612 252 
Vertex 253 distance 27
0 275 234 68 543 253 
Vertex 254 distance 23
0 361 327 313 254 
Vertex 255 distance 18
0 275 66 255 
Vertex 256 distance 37
0 361 416 468 112 59 43 461 256 
Vertex 257 distance 23
0 452 232 371 542 257 
Vertex 258 distance 20
0 361 416 269 84 258 
Vertex 259 distance 33
0 452 232 475 209 85 259 
Vertex 260 distance 24
0 275 66 385 523 75 260 
Vertex 261 distance 21
0 452 535 36 610 377 261 
Vertex 262 distance 37
0 361 416 589 616 360 262 
Vertex 263 distance 26
0 361 416 269 510 134 263 
Vertex 264 distance 18
0 452 232 475 264 
Vertex 265 distance 22
0 361 276 97 106 450 265 
Vertex 266 distance 28
0 275 234 236 164 266 
Vertex 267 distance 26
0 452 232 321 454 267 
Vertex 268 distance 37
0 361 416 181 202 560 496 268 
Vertex 269 distance 10
0 361 416 269 
Vertex 270 distance 19
0 270 
Vertex 271 distance 18
0 361 416 589 616 271 
Vertex 272 distance 27
0 452 535 36 296 272 
Vertex 273 distance 30
0 361 276 97 495 207 273 
Vertex 274 distance 36
0 452 294 247 274 
Vertex 275 distance 10
0 275 
Vertex 276 distance 7
0 361 276 
Vertex 277 distance 17
0 452 535 42 3 277 
Vertex 278 distance 28
0 452 294 439 637 488 278 
Vertex 279 distance 26
0 270 135 279 
Vertex 280 distance 26
0 452 294 439 637 546 280 
Vertex 281 distance 26
0 452 232 321 454 131 492 281 
Vertex 282 distance 44
0 452 232 321 282 
Vertex 283 distance 35
0 452 294 172 491 487 555 283 
Vertex 284 distance 34
0 452 535 36 610 284 
Vertex 285 distance 31
0 361 416 589 430 320 141 614 285 
Vertex 286 distance 32
0 452 294 172 330 522 6 286 
Vertex 287 distance 21
0 361 416 589 616 271 240 287 
Vertex 288 distance 22
0 452 294 172 288 
Vertex 289 distance 24
0 452 588 289 
Vertex 290 distance 13
0 361 290 
Vertex 291 distance 27
0 452 294 172 491 487 555 291 
Vertex 292 distance 43
0 452 232 70 338 292 
Vertex 293 distance 28
0 452 232 475 293 
Vertex 294 distance 9
0 452 294 
Vertex 295 distance 22
0 275 234 68 372 585 295 
Vertex 296 distance 19
0 452 535 36 296 
Vertex 297 distance 18
0 452 299 31 297 
Vertex 298 distance 36
0 452 232 177 298 
Vertex 299 distance 10
0 452 299 
Vertex 300 distance 28
0 499 498 300 
Vertex 301 distance 21
0 452 232 321 301 
Vertex 302 distance 37
0 361 416 589 430 320 141 534 591 592 302 
Vertex 303 distance 27
0 361 416 269 510 134 303 
Vertex 304 distance 17
0 452 232 475 304 
Vertex 305 distance 29
0 452 563 305 
Vertex 306 distance 24
0 361 276 593 93 306 
Vertex 307 distance 22
0 361 416 590 307 
Vertex 308 distance 25
0 361 276 599 308 
Vertex 309 distance 52
0 452 294 172 398 200 86 309 
Vertex 310 distance 34
0 361 416 589 479 464 92 375 310 
Vertex 311 distance 27
0 361 416 269 510 545 451 311 
Vertex 312 distance 27
0 361 276 312 
Vertex 313 distance 22
0 361 327 313 
Vertex 314 distance 27
0 361 416 468 215 314 
Vertex 315 distance 16
0 452 299 31 315 
Vertex 316 distance 24
0 361 416 589 337 8 99 316 
Vertex 317 distance 25
0 361 276 97 106 450 23 317 
Vertex 318 distance 19
0 452 294 439 637 318 
Vertex 319 distance 30
0 452 232 321 462 319 
Vertex 320 distance 18
0 361 416 589 430 320 
Vertex 321 distance 13
0 452 232 321 
Vertex 322 distance 31
0 361 416 589 479 464 92 375 483 629 564 322 
Vertex 323 distance 32
0 361 416 589 337 8 99 323 
Vertex 324 distance 26
0 361 416 269 84 258 445 154 324 
Vertex 325 distance 17
0 452 232 371 208 325 
Vertex 326 distance 23
0 452 232 475 167 326 
Vertex 327 distance 15
0 361 327 
Vertex 328 distance 26
0 361 416 183 328 
Vertex 329 distance 21
0 452 299 31 486 65 329 
Vertex 330 distance 15
0 452 294 172 330 
Vertex 331 distance 36
0 452 294 439 637 490 400 331 
Vertex 332 distance 37
0 452 535 42 3 340 332 
Vertex 333 distance 28
0 452 232 321 454 131 91 333 
Vertex 334 distance 18
0 361 416 589 337 334 
Vertex 335 distance 24
0 452 232 371 208 335 
Vertex 336 distance 22
0 452 299 31 486 65 329 336 
Vertex 337 distance 14
0 361 416 589 337 
Vertex 338 distance 19
0 452 232 70 338 
Vertex 339 distance 23
0 361 276 97 106 450 23 339 
Vertex 340 distance 28
0 452 535 42 3 340 
Vertex 341 distance 31
0 361 416 589 430 320 141 534 591 408 341 
Vertex 342 distance 29
0 361 276 593 93 342 
Vertex 343 distance 21
0 361 416 269 351 409 105 343 
Vertex 344 distance 33
0 361 416 269 84 258 344 
Vertex 345 distance 36
0 499 604 345 
Vertex 346 distance 22
0 452 232 477 374 346 
Vertex 347 distance 29
0 452 535 36 296 272 347 
Vertex 348 distance 25
0 452 232 475 466 45 348 
Vertex 349 distance 23
0 361 416 269 351 471 349 
Vertex 350 distance 20
0 275 66 350 
Vertex 351 distance 14
0 361 416 269 351 
Vertex 352 distance 22
0 361 416 589 479 464 352 
Vertex 353 distance 20
0 361 416 269 510 545 353 
Vertex 354 distance 24
0 275 66 354 
Vertex 355 distance 32
0 361 276 97 106 450 355 
Vertex 356 distance 28
0 452 535 42 356 
Vertex 357 distance 22
0 452 294 357 
Vertex 358 distance 21
0 361 416 589 479 464 358 
Vertex 359 distance 21
0 361 276 593 359 
Vertex 360 distance 21
0 361 416 589 616 360 
Vertex 361 distance 3
0 361 
Vertex 362 distance 26
0 275 66 385 90 397 362 
Vertex 363 distance 25
0 361 416 590 394 363 
Vertex 364 distance 21
0 452 232 321 88 196 364 
Vertex 365 distance 35
0 452 294 439 637 389 365 
Vertex 366 distance 29
0 452 535 36 296 537 366 
Vertex 367 distance 30
0 452 232 475 15 513 367 
Vertex 368 distance 26
0 361 416 589 337 8 390 368 
Vertex 369 distance 28
0 452 232 475 15 513 153 12 369 
Vertex 370 distance 40
0 452 299 31 486 162 565 370 
Vertex 371 distance 12
0 452 232 371 
Vertex 372 distance 17
0 275 234 68 372 
Vertex 373 distance 27
0 361 416 589 616 180 373 
Vertex 374 distance 20
0 452 232 477 374 
Vertex 375 distance 21
0 361 416 589 479 464 92 375 
Vertex 376 distance 28
0 361 276 593 359 51 376 
Vertex 377 distance 17
0 452 535 36 610 377 
Vertex 378 distance 36
0 275 234 236 164 378 
Vertex 379 distance 30
0 361 416 269 84 379 
Vertex 380 distance 37
0 452 294 439 637 224 576 380 
Vertex 381 distance 24
0 452 232 371 542 257 381 
Vertex 382 distance 28
0 361 416 589 616 271 240 287 431 382 
Vertex 383 distance 25
0 452 294 357 383 
Vertex 384 distance 23
0 361 416 589 430 320 384 
Vertex 385 distance 17
0 275 66 385 
Vertex 386 distance 32
0 361 416 589 337 8 219 528 386 
Vertex 387 distance 32
0 361 416 589 337 8 49 25 387 
Vertex 388 distance 19
0 361 416 269 388 
Vertex 389 distance 28
0 452 294 439 637 389 
Vertex 390 distance 23
0 361 416 589 337 8 390 
Vertex 391 distance 19
0 361 290 391 
Vertex 392 distance 31
0 392 
Vertex 393 distance 27
0 361 276 593 93 306 393 
Vertex 394 distance 18
0 361 416 590 394 
Vertex 395 distance 23
0 361 290 395 
Vertex 396 distance 28
0 452 299 31 486 65 329 34 396 
Vertex 397 distance 23
0 275 66 385 90 397 
Vertex 398 distance 16
0 452 294 172 398 
Vertex 399 distance 26
0 452 232 477 399 
Vertex 400 distance 21
0 452 294 439 637 490 400 
Vertex 401 distance 25
0 361 276 97 119 401 
Vertex 402 distance 38
0 361 290 395 128 402 
Vertex 403 distance 30
0 452 232 321 454 601 403 
Vertex 404 distance 37
0 361 416 181 202 560 496 404 
Vertex 405 distance 33
0 361 327 577 405 
Vertex 406 distance 22
0 452 294 172 406 
Vertex 407 distance 28
0 452 232 321 407 
Vertex 408 distance 27
0 361 416 589 430 320 141 534 591 408 
Vertex 409 distance 17
0 361 416 269 351 409 
Vertex 410 distance 33
0 452 410 
Vertex 411 distance 21
0 361 276 97 495 411 
Vertex 412 distance 28
0 452 535 36 296 272 412 
Vertex 413 distance 40
0 361 413 
Vertex 414 distance 31
0 452 299 31 486 65 329 34 396 414 
Vertex 415 distance 35
0 361 276 97 109 415 
Vertex 416 distance 8
0 361 416 
Vertex 417 distance 27
0 361 63 417 
Vertex 418 distance 34
0 452 232 477 18 418 
Vertex 419 distance 28
0 275 234 68 372 578 419 
Vertex 420 distance 20
0 361 416 589 616 271 420 
Vertex 421 distance 32
0 452 294 172 398 79 566 421 
Vertex 422 distance 26
0 361 276 97 106 450 422 
Vertex 423 distance 24
0 452 535 42 3 489 423 
Vertex 424 distance 25
0 452 535 42 3 424 
Vertex 425 distance 29
0 452 535 42 3 277 425 
Vertex 426 distance 55
0 361 416 590 394 363 108 426 
Vertex 427 distance 37
0 452 299 31 486 65 329 34 40 427 
Vertex 428 distance 28
0 452 232 371 542 620 428 
Vertex 429 distance 26
0 452 232 477 429 
Vertex 430 distance 16
0 361 416 589 430 
Vertex 431 distance 25
0 361 416 589 616 271 240 287 431 
Vertex 432 distance 32
0 452 232 321 88 196 364 525 432 
Vertex 433 distance 23
0 452 299 433 
Vertex 434 distance 32
0 361 416 589 337 8 56 434 
Vertex 435 distance 36
0 275 66 385 129 80 435 
Vertex 436 distance 37
0 361 416 589 430 320 141 614 242 436 
Vertex 437 distance 27
0 452 232 475 466 437 
Vertex 438 distance 22
0 275 234 68 580 438 
Vertex 439 distance 15
0 452 294 439 
Vertex 440 distance 29
0 452 232 475 293 440 
Vertex 441 distance 39
0 452 232 321 454 131 91 333 118 441 
Vertex 442 distance 25
0 452 299 31 315 442 
Vertex 443 distance 24
0 361 416 269 443 
Vertex 444 distance 30
0 452 294 357 556 602 444 
Vertex 445 distance 22
0 361 416 269 84 258 445 
Vertex 446 distance 27
0 452 232 475 209 85 446 
Vertex 447 distance 26
0 452 535 36 296 537 447 
Vertex 448 distance 43
0 361 416 269 159 632 448 
Vertex 449 distance 28
0 361 416 589 337 334 508 449 
Vertex 450 distance 19
0 361 276 97 106 450 
Vertex 451 distance 26
0 361 416 269 510 545 451 
Vertex 452 distance 7
0 452 
Vertex 453 distance 25
0 275 66 385 90 453 
Vertex 454 distance 15
0 452 232 321 454 
Vertex 455 distance 27
0 452 232 321 455 
Vertex 456 distance 26
0 275 234 68 372 480 456 
Vertex 457 distance 23
0 275 234 68 372 585 457 
Vertex 458 distance 37
0 452 232 475 15 513 458 
Vertex 459 distance 27
0 452 299 31 486 162 565 459 
Vertex 460 distance 22
0 452 299 31 214 460 
Vertex 461 distance 26
0 361 416 468 112 59 43 461 
Vertex 462 distance 19
0 452 232 321 462 
Vertex 463 distance 25
0 361 416 589 430 320 463 
Vertex 464 distance 15
0 361 416 589 479 464 
Vertex 465 distance 13
0 452 232 617 465 
Vertex 466 distance 18
0 452 232 475 466 
Vertex 467 distance 23
0 452 299 31 214 460 467 
Vertex 468 distance 15
0 361 416 468 
Vertex 469 distance 29
0 361 416 589 479 464 92 469 
Vertex 470 distance 29
0 361 416 589 430 320 141 534 591 408 470 
Vertex 471 distance 20
0 361 416 269 351 471 
Vertex 472 distance 36
0 361 416 589 337 8 56 472 
Vertex 473 distance 26
0 361 416 589 616 144 473 
Vertex 474 distance 32
0 361 276 599 308 474 
Vertex 475 distance 12
0 452 232 475 
Vertex 476 distance 32
0 275 234 68 580 438 476 
Vertex 477 distance 16
0 452 232 477 
Vertex 478 distance 32
0 586 478 
Vertex 479 distance 14
0 361 416 589 479 
Vertex 480 distance 19
0 275 234 68 372 480 
Vertex 481 distance 27
0 452 535 42 3 277 481 
Vertex 482 distance 29
0 361 276 593 93 233 482 
Vertex 483 distance 24
0 361 416 589 479 464 92 375 483 
Vertex 484 distance 20
0 452 232 617 465 484 
Vertex 485 distance 23
0 361 416 589 479 464 92 485 
Vertex 486 distance 17
0 452 299 31 486 
Vertex 487 distance 21
0 452 294 172 491 487 
Vertex 488 distance 22
0 452 294 439 637 488 
Vertex 489 distance 22
0 452 535 42 3 489 
Vertex 490 distance 20
0 452 294 439 637 490 
Vertex 491 distance 18
0 452 294 172 491 
Vertex 492 distance 21
0 452 232 321 454 131 492 
Vertex 493 distance 32
0 499 498 300 493 
Vertex 494 distance 26
0 452 232 371 208 335 494 
Vertex 495 distance 17
0 361 276 97 495 
Vertex 496 distance 27
0 361 416 181 202 560 496 
Vertex 497 distance 27
0 361 327 577 497 
Vertex 498 distance 24
0 499 498 
Vertex 499 distance 19
0 499 
Vertex 500 distance 39
0 452 232 475 209 85 500 
Vertex 501 distance 20
0 452 535 42 3 277 501 
Vertex 502 distance 25
0 452 110 502 
Vertex 503 distance 35
0 452 299 31 486 162 503 
Vertex 504 distance 24
0 361 416 589 337 334 504 
Vertex 505 distance 33
0 586 478 505 
Vertex 506 distance 45
0 275 234 68 580 438 506 
Vertex 507 distance 26
0 361 416 269 510 545 353 507 
Vertex 508 distance 25
0 361 416 589 337 334 508 
Vertex 509 distance 25
0 361 276 593 359 51 509 
Vertex 510 distance 18
0 361 416 269 510 
Vertex 511 distance 28
0 361 416 269 84 258 511 
Vertex 512 distance 31
0 361 416 589 337 8 99 512 
Vertex 513 distance 18
0 452 232 475 15 513 
Vertex 514 distance 27
0 452 299 31 486 162 565 514 
Vertex 515 distance 25
0 361 416 183 515 
Vertex 516 distance 30
0 361 416 589 430 320 141 17 516 
Vertex 517 distance 44
0 452 294 172 491 487 540 517 
Vertex 518 distance 30
0 361 290 30 518 
Vertex 519 distance 26
0 452 232 321 519 
Vertex 520 distance 33
0 452 294 172 330 608 520 
Vertex 521 distance 29
0 452 232 475 209 85 446 521 
Vertex 522 distance 22
0 452 294 172 330 522 
Vertex 523 distance 22
0 275 66 385 523 
Vertex 524 distance 21
0 361 416 269 351 524 
Vertex 525 distance 27
0 452 232 321 88 196 364 525 
Vertex 526 distance 35
0 452 535 42 3 277 481 526 
Vertex 527 distance 17
0 275 527 
Vertex 528 distance 26
0 361 416 589 337 8 219 528 
Vertex 529 distance 29
0 361 416 589 430 320 141 614 530 529 
Vertex 530 distance 23
0 361 416 589 430 320 141 614 530 
Vertex 531 distance 29
0 452 232 321 454 131 492 67 531 
Vertex 532 distance 29
0 361 416 4 532 
Vertex 533 distance 31
0 452 232 475 264 21 533 
Vertex 534 distance 21
0 361 416 589 430 320 141 534 
Vertex 535 distance 8
0 452 535 
Vertex 536 distance 19
0 452 294 172 398 536 
Vertex 537 distance 25
0 452 535 36 296 537 
Vertex 538 distance 36
0 275 66 385 129 80 211 538 
Vertex 539 distance 23
0 452 294 172 330 522 539 
Vertex 540 distance 22
0 452 294 172 491 487 540 
Vertex 541 distance 27
0 275 66 385 90 453 541 
Vertex 542 distance 13
0 452 232 371 542 
Vertex 543 distance 20
0 275 234 68 543 
Vertex 544 distance 26
0 452 232 544 
Vertex 545 distance 19
0 361 416 269 510 545 
Vertex 546 distance 21
0 452 294 439 637 546 
Vertex 547 distance 34
0 452 294 172 398 536 10 547 
Vertex 548 distance 23
0 452 232 321 454 548 
Vertex 549 distance 22
0 452 294 172 398 536 549 
Vertex 550 distance 27
0 361 63 121 550 
Vertex 551 distance 34
0 452 299 31 486 65 329 34 396 414 551 
Vertex 552 distance 36
0 452 294 439 637 488 552 
Vertex 553 distance 24
0 275 234 553 
Vertex 554 distance 19
0 275 66 255 554 
Vertex 555 distance 24
0 452 294 172 491 487 555 
Vertex 556 distance 23
0 452 294 357 556 
Vertex 557 distance 33
0 361 416 589 479 464 92 375 483 557 
Vertex 558 distance 31
0 361 276 97 106 450 23 339 558 
Vertex 559 distance 31
0 361 416 589 337 8 49 559 
Vertex 560 distance 26
0 361 416 181 202 560 
Vertex 561 distance 26
0 361 416 183 561 
Vertex 562 distance 36
0 452 299 31 486 65 329 562 
Vertex 563 distance 13
0 452 563 
Vertex 564 distance 29
0 361 416 589 479 464 92 375 483 629 564 
Vertex 565 distance 19
0 452 299 31 486 162 565 
Vertex 566 distance 28
0 452 294 172 398 79 566 
Vertex 567 distance 23
0 275 66 385 567 
Vertex 568 distance 27
0 275 66 385 523 75 260 568 
Vertex 569 distance 40
0 452 294 439 637 224 576 235 569 
Vertex 570 distance 30
0 452 232 321 301 570 
Vertex 571 distance 27
0 361 276 571 
Vertex 572 distance 30
0 361 416 589 337 334 504 572 
Vertex 573 distance 27
0 361 416 589 337 8 219 573 
Vertex 574 distance 32
0 275 234 236 164 266 574 
Vertex 575 distance 31
0 275 234 68 372 585 575 
Vertex 576 distance 30
0 452 294 439 637 224 576 
Vertex 577 distance 17
0 361 327 577 
Vertex 578 distance 27
0 275 234 68 372 578 
Vertex 579 distance 40
0 361 276 97 106 450 23 317 148 579 
Vertex 580 distance 18
0 275 234 68 580 
Vertex 581 distance 33
0 361 416 589 616 144 581 
Vertex 582 distance 24
0 361 276 593 93 233 582 
Vertex 583 distance 41
0 452 232 70 607 583 
Vertex 584 distance 31
0 452 299 31 486 65 329 34 584 
Vertex 585 distance 20
0 275 234 68 372 585 
Vertex 586 distance 28
0 586 
Vertex 587 distance 24
0 361 416 589 337 8 56 587 
Vertex 588 distance 19
0 452 588 
Vertex 589 distance 9
0 361 416 589 
Vertex 590 distance 13
0 361 416 590 
Vertex 591 distance 23
0 361 416 589 430 320 141 534 591 
Vertex 592 distance 28
0 361 416 589 430 320 141 534 591 592 
Vertex 593 distance 9
0 361 276 593 
Vertex 594 distance 26
0 452 299 31 297 594 
Vertex 595 distance 31
0 361 276 97 495 595 
Vertex 596 distance 27
0 361 276 599 596 
Vertex 597 distance 19
0 275 597 
Vertex 598 distance 30
0 452 294 357 115 598 
Vertex 599 distance 24
0 361 276 599 
Vertex 600 distance 26
0 361 416 589 479 464 600 
Vertex 601 distance 28
0 452 232 321 454 601 
Vertex 602 distance 27
0 452 294 357 556 602 
Vertex 603 distance 30
0 361 416 589 430 320 141 614 603 
Vertex 604 distance 31
0 499 604 
Vertex 605 distance 32
0 452 232 477 399 605 
Vertex 606 distance 37
0 452 232 475 15 513 250 606 
Vertex 607 distance 17
0 452 232 70 607 
Vertex 608 distance 23
0 452 294 172 330 608 
Vertex 609 distance 33
0 275 234 68 372 585 457 609 
Vertex 610 distance 16
0 452 535 36 610 
Vertex 611 distance 35
0 361 416 183 328 611 
Vertex 612 distance 25
0 452 535 36 610 377 612 
Vertex 613 distance 28
0 452 232 70 338 613 
Vertex 614 distance 22
0 361 416 589 430 320 141 614 
Vertex 615 distance 34
0 361 416 589 337 8 390 615 
Vertex 616 distance 10
0 361 416 589 616 
Vertex 617 distance 11
0 452 232 617 
Vertex 618 distance 27
0 361 416 589 430 320 463 618 
Vertex 619 distance 30
0 361 416 589 337 8 219 573 619 
Vertex 620 distance 27
0 452 232 371 542 620 
Vertex 621 distance 24
0 452 232 321 462 621 
Vertex 622 distance 31
0 275 66 385 523 75 260 568 622 
Vertex 623 distance 28
0 452 294 172 491 487 623 
Vertex 624 distance 40
0 452 232 477 624 
Vertex 625 distance 24
0 452 535 42 627 625 
Vertex 626 distance 33
0 452 232 617 465 633 626 
Vertex 627 distance 20
0 452 535 42 627 
Vertex 628 distance 38
0 452 232 321 454 601 403 628 
Vertex 629 distance 25
0 361 416 589 479 464 92 375 483 629 
Vertex 630 distance 28
0 361 416 589 430 320 630 
Vertex 631 distance 37
0 452 535 36 610 377 631 
Vertex 632 distance 27
0 361 416 269 159 632 
Vertex 633 distance 21
0 452 232 617 465 633 
Vertex 634 distance 32
0 361 416 269 351 471 634 
Vertex 635 distance 31
0 452 232 321 519 635 
Vertex 636 distance 28
0 452 232 321 301 636 
Vertex 637 distance 17
0 452 294 439 637 
Vertex 638 distance 22
0 361 416 589 337 8 49 195 638 
Vertex 639 distance 36
0 361 290 30 639 
