Vertex 0 distance 0
0 0 
Vertex 1 distance 12
0 424 257 603 622 1 
Vertex 2 distance 14
0 465 295 319 2 
Vertex 3 distance 6
0 424 257 153 3 
Vertex 4 distance 13
0 424 257 76 305 604 212 386 4 
Vertex 5 distance 10
0 424 117 359 530 343 5 
Vertex 6 distance 12
0 424 257 469 459 6 
Vertex 7 distance 14
0 424 257 153 282 89 467 74 7 
Vertex 8 distance 14
0 424 117 359 530 91 180 8 
Vertex 9 distance 15
0 424 257 153 282 89 59 9 
Vertex 10 distance 14
0 424 257 153 282 89 397 10 
Vertex 11 distance 12
0 424 117 609 84 11 
Vertex 12 distance 13
0 424 117 359 33 12 
Vertex 13 distance 12
0 13 
Vertex 14 distance 15
0 465 295 429 22 14 
Vertex 15 distance 13
0 424 560 383 351 15 
Vertex 16 distance 13
0 424 117 359 530 384 591 16 
Vertex 17 distance 19
0 424 117 359 298 148 517 17 
Vertex 18 distance 11
0 424 560 18 
Vertex 19 distance 15
0 424 560 270 19 
Vertex 20 distance 11
0 465 295 319 581 164 20 
Vertex 21 distance 10
0 424 559 309 21 
Vertex 22 distance 10
0 465 295 429 22 
Vertex 23 distance 14
0 424 257 153 282 89 500 168 23 
Vertex 24 distance 14
0 424 257 76 305 604 216 160 141 616 24 
Vertex 25 distance 12
0 424 117 625 40 25 
Vertex 26 distance 11
0 424 117 359 318 151 26 
Vertex 27 distance 13
0 424 117 359 298 365 27 
Vertex 28 distance 10
0 424 117 506 28 
Vertex 29 distance 10
0 424 117 359 530 384 29 
Vertex 30 distance 11
0 331 621 30 
Vertex 31 distance 12
0 424 257 76 305 604 31 
Vertex 32 distance 8
0 424 257 153 32 
Vertex 33 distance 11
0 424 117 359 33 
Vertex 34 distance 14
0 424 559 309 21 34 
Vertex 35 distance 11
0 424 257 76 305 604 509 35 
Vertex 36 distance 13
0 424 117 359 258 416 334 36 
Vertex 37 distance 13
0 424 117 609 84 11 37 
Vertex 38 distance 13
0 424 257 76 305 523 38 
Vertex 39 distance 12
0 331 485 413 39 
Vertex 40 distance 11
0 424 117 625 40 
Vertex 41 distance 13
0 424 117 359 530 384 335 41 
Vertex 42 distance 14
0 465 568 42 
Vertex 43 distance 15
0 424 117 359 530 343 172 43 
Vertex 44 distance 10
0 424 257 153 282 44 
Vertex 45 distance 12
0 424 560 362 45 
Vertex 46 distance 11
0 465 295 273 46 
Vertex 47 distance 12
0 424 117 359 530 91 47 
Vertex 48 distance 12
0 331 485 413 48 
Vertex 49 distance 11
0 465 295 131 255 49 
Vertex 50 distance 10
0 424 257 76 305 604 50 
Vertex 51 distance 11
0 424 257 153 282 89 535 51 
Vertex 52 distance 14
0 424 559 457 364 243 52 
Vertex 53 distance 11
0 424 257 153 32 53 
Vertex 54 distance 10
0 424 117 609 54 
Vertex 55 distance 12
0 424 257 153 282 89 55 
Vertex 56 distance 15
0 465 333 449 206 56 
Vertex 57 distance 13
0 424 560 442 177 57 
Vertex 58 distance 13
0 424 257 76 305 241 149 58 
Vertex 59 distance 10
0 424 257 153 282 89 59 
Vertex 60 distance 15
0 424 257 153 480 139 75 452 60 
Vertex 61 distance 10
0 424 559 309 61 
Vertex 62 distance 14
0 424 559 309 61 369 62 
Vertex 63 distance 14
0 424 257 76 305 604 212 386 4 63 
Vertex 64 distance 13
0 331 486 320 64 
Vertex 65 distance 11
0 424 117 609 84 348 415 65 
Vertex 66 distance 12
0 424 257 153 282 89 606 66 
Vertex 67 distance 14
0 424 257 67 
Vertex 68 distance 11
0 424 117 359 258 68 
Vertex 69 distance 16
0 424 257 76 305 604 69 
Vertex 70 distance 12
0 465 295 429 22 443 70 
Vertex 71 distance 16
0 424 117 625 187 123 71 
Vertex 72 distance 12
0 424 117 506 72 
Vertex 73 distance 12
0 424 257 153 282 89 500 294 73 
Vertex 74 distance 11
0 424 257 153 282 89 467 74 
Vertex 75 distance 11
0 424 257 153 480 139 75 
Vertex 76 distance 5
0 424 257 76 
Vertex 77 distance 15
0 465 77 
Vertex 78 distance 14
0 424 117 506 155 304 78 
Vertex 79 distance 15
0 465 295 273 46 80 79 
Vertex 80 distance 12
0 465 295 273 46 80 
Vertex 81 distance 13
0 424 257 76 305 241 81 
Vertex 82 distance 12
0 424 257 153 282 346 82 
Vertex 83 distance 9
0 561 83 
Vertex 84 distance 7
0 424 117 609 84 
Vertex 85 distance 14
0 424 117 359 536 276 85 
Vertex 86 distance 14
0 424 257 153 282 346 86 
Vertex 87 distance 12
0 561 87 
Vertex 88 distance 13
0 424 257 76 305 556 412 88 
Vertex 89 distance 8
0 424 257 153 282 89 
Vertex 90 distance 13
0 424 257 76 305 556 412 120 90 
Vertex 91 distance 10
0 424 117 359 530 91 
Vertex 92 distance 13
0 424 257 153 437 630 92 
Vertex 93 distance 13
0 424 559 457 364 598 93 
Vertex 94 distance 10
0 424 257 76 305 94 
Vertex 95 distance 10
0 424 257 153 437 95 
Vertex 96 distance 13
0 424 257 76 305 487 263 193 96 
Vertex 97 distance 12
0 465 295 429 97 
Vertex 98 distance 10
0 424 117 359 298 98 
Vertex 99 distance 17
0 424 257 153 282 89 467 102 99 
Vertex 100 distance 13
0 424 117 359 536 133 100 
Vertex 101 distance 12
0 465 295 429 22 101 
Vertex 102 distance 11
0 424 257 153 282 89 467 102 
Vertex 103 distance 14
0 424 117 359 33 103 
Vertex 104 distance 13
0 465 295 131 255 49 104 
Vertex 105 distance 13
0 465 295 429 22 101 105 
Vertex 106 distance 11
0 465 295 429 106 
Vertex 107 distance 14
0 424 117 359 530 384 385 152 107 
Vertex 108 distance 12
0 424 257 153 32 53 108 
Vertex 109 distance 13
0 331 418 109 
Vertex 110 distance 15
0 424 257 557 110 
Vertex 111 distance 14
0 424 117 609 84 348 460 111 
Vertex 112 distance 14
0 424 257 153 282 89 500 169 112 
Vertex 113 distance 14
0 331 485 113 
Vertex 114 distance 13
0 465 333 449 206 114 
Vertex 115 distance 13
0 424 257 153 32 53 108 115 
Vertex 116 distance 13
0 424 117 609 627 600 116 
Vertex 117 distance 4
0 424 117 
Vertex 118 distance 14
0 424 117 506 118 
Vertex 119 distance 14
0 424 117 359 318 151 26 192 119 
Vertex 120 distance 12
0 424 257 76 305 556 412 120 
Vertex 121 distance 16
0 561 83 285 553 121 
Vertex 122 distance 7
0 424 257 153 3 122 
Vertex 123 distance 12
0 424 117 625 187 123 
Vertex 124 distance 13
0 424 257 153 282 89 124 
Vertex 125 distance 12
0 424 257 76 305 556 618 579 125 
Vertex 126 distance 12
0 424 257 557 302 126 
Vertex 127 distance 13
0 424 257 153 282 89 397 127 
Vertex 128 distance 11
0 465 333 449 206 128 
Vertex 129 distance 11
0 424 257 76 305 136 163 129 
Vertex 130 distance 14
0 424 117 359 536 133 130 
Vertex 131 distance 8
0 465 295 131 
Vertex 132 distance 12
0 424 560 442 132 
Vertex 133 distance 12
0 424 117 359 536 133 
Vertex 134 distance 14
0 424 257 76 305 241 149 280 134 
Vertex 135 distance 13
0 424 257 76 305 556 618 579 125 135 
Vertex 136 distance 8
0 424 257 76 305 136 
Vertex 137 distance 13
0 424 117 609 84 348 415 65 137 
Vertex 138 distance 12
0 424 117 506 138 
Vertex 139 distance 10
0 424 257 153 480 139 
Vertex 140 distance 13
0 465 295 429 22 443 140 
Vertex 141 distance 11
0 424 257 76 305 604 216 160 141 
Vertex 142 distance 13
0 424 117 359 530 91 225 142 
Vertex 143 distance 11
0 424 117 359 530 343 539 143 
Vertex 144 distance 17
0 424 257 76 357 161 144 
Vertex 145 distance 11
0 424 559 457 145 
Vertex 146 distance 12
0 424 117 609 84 626 188 146 
Vertex 147 distance 14
0 424 257 147 
Vertex 148 distance 12
0 424 117 359 298 148 
Vertex 149 distance 11
0 424 257 76 305 241 149 
Vertex 150 distance 13
0 424 117 625 187 123 150 
Vertex 151 distance 10
0 424 117 359 318 151 
Vertex 152 distance 13
0 424 117 359 530 384 385 152 
Vertex 153 distance 5
0 424 257 153 
Vertex 154 distance 11
0 424 257 76 305 241 154 
Vertex 155 distance 10
0 424 117 506 155 
Vertex 156 distance 13
0 424 257 76 305 156 
Vertex 157 distance 15
0 424 257 76 305 604 212 405 587 157 
Vertex 158 distance 12
0 465 295 429 22 158 
Vertex 159 distance 13
0 424 117 506 28 159 
Vertex 160 distance 10
0 424 257 76 305 604 216 160 
Vertex 161 distance 12
0 424 257 76 357 161 
Vertex 162 distance 14
0 424 257 153 282 89 477 162 
Vertex 163 distance 10
0 424 257 76 305 136 163 
Vertex 164 distance 10
0 465 295 319 581 164 
Vertex 165 distance 17
0 424 257 76 305 604 212 221 340 165 
Vertex 166 distance 13
0 424 257 76 305 604 50 583 166 
Vertex 167 distance 12
0 424 117 359 167 
Vertex 168 distance 11
0 424 257 153 282 89 500 168 
Vertex 169 distance 11
0 424 257 153 282 89 500 169 
Vertex 170 distance 14
0 424 257 153 282 89 500 294 325 211 427 170 
Vertex 171 distance 15
0 424 257 76 305 556 491 390 171 
Vertex 172 distance 10
0 424 117 359 530 343 172 
Vertex 173 distance 16
0 424 117 609 84 348 552 173 
Vertex 174 distance 11
0 424 257 76 305 136 174 
Vertex 175 distance 13
0 331 292 175 
Vertex 176 distance 10
0 424 560 270 176 
Vertex 177 distance 11
0 424 560 442 177 
Vertex 178 distance 12
0 424 117 609 84 348 415 178 
Vertex 179 distance 12
0 331 486 179 
Vertex 180 distance 12
0 424 117 359 530 91 180 
Vertex 181 distance 13
0 424 559 309 254 181 
Vertex 182 distance 14
0 465 295 319 581 164 20 182 
Vertex 183 distance 13
0 424 257 76 305 556 412 183 
Vertex 184 distance 12
0 424 560 442 184 
Vertex 185 distance 12
0 424 117 359 318 185 
Vertex 186 distance 16
0 424 257 469 459 6 584 186 
Vertex 187 distance 11
0 424 117 625 187 
Vertex 188 distance 10
0 424 117 609 84 626 188 
Vertex 189 distance 14
0 465 295 429 316 189 
Vertex 190 distance 14
0 424 559 309 254 190 
Vertex 191 distance 15
0 424 191 
Vertex 192 distance 12
0 424 117 359 318 151 26 192 
Vertex 193 distance 11
0 424 257 76 305 487 263 193 
Vertex 194 distance 12
0 424 257 153 480 194 
Vertex 195 distance 12
0 424 117 359 318 151 195 
Vertex 196 distance 14
0 424 117 609 627 196 
Vertex 197 distance 14
0 465 295 429 22 197 
Vertex 198 distance 11
0 424 257 153 282 89 535 198 
Vertex 199 distance 14
0 424 257 76 305 604 509 199 
Vertex 200 distance 10
0 424 257 153 282 89 467 200 
Vertex 201 distance 14
0 424 257 557 302 201 
Vertex 202 distance 16
0 424 559 457 364 598 93 202 
Vertex 203 distance 15
0 424 117 609 84 348 415 65 137 203 
Vertex 204 distance 16
0 424 117 359 298 441 204 
Vertex 205 distance 14
0 465 295 205 
Vertex 206 distance 10
0 465 333 449 206 
Vertex 207 distance 11
0 424 257 153 624 207 
Vertex 208 distance 12
0 561 83 505 208 
Vertex 209 distance 11
0 424 257 76 305 604 50 209 
Vertex 210 distance 17
0 424 257 76 305 604 216 210 
Vertex 211 distance 12
0 424 257 153 282 89 500 294 325 211 
Vertex 212 distance 9
0 424 257 76 305 604 212 
Vertex 213 distance 16
0 424 257 153 282 346 82 213 
Vertex 214 distance 14
0 424 257 153 282 89 467 200 324 214 
Vertex 215 distance 14
0 424 117 609 84 348 552 533 215 
Vertex 216 distance 9
0 424 257 76 305 604 216 
Vertex 217 distance 11
0 424 257 76 305 136 163 217 
Vertex 218 distance 14
0 424 117 359 530 384 591 218 
Vertex 219 distance 13
0 424 560 442 219 
Vertex 220 distance 13
0 424 257 76 305 556 618 220 
Vertex 221 distance 11
0 424 257 76 305 604 212 221 
Vertex 222 distance 12
0 465 295 319 222 
Vertex 223 distance 15
0 424 257 153 624 312 223 
Vertex 224 distance 14
0 561 83 285 224 
Vertex 225 distance 12
0 424 117 359 530 91 225 
Vertex 226 distance 13
0 465 295 319 581 481 226 
Vertex 227 distance 11
0 465 295 319 581 227 
Vertex 228 distance 12
0 424 559 457 145 228 
Vertex 229 distance 14
0 424 257 76 305 229 
Vertex 230 distance 13
0 465 295 429 22 297 230 
Vertex 231 distance 13
0 424 117 359 530 384 591 231 
Vertex 232 distance 10
0 424 257 153 480 232 
Vertex 233 distance 13
0 424 560 270 176 233 
Vertex 234 distance 13
0 424 117 359 530 343 172 234 
Vertex 235 distance 9
0 561 235 
Vertex 236 distance 14
0 424 117 625 40 25 236 
Vertex 237 distance 11
0 424 117 359 530 384 237 
Vertex 238 distance 16
0 424 257 153 342 238 
Vertex 239 distance 16
0 424 117 359 536 133 315 239 
Vertex 240 distance 13
0 424 117 609 84 348 415 240 
Vertex 241 distance 10
0 424 257 76 305 241 
Vertex 242 distance 14
0 424 257 76 305 241 81 242 
Vertex 243 distance 13
0 424 559 457 364 243 
Vertex 244 distance 16
0 424 257 76 305 604 531 244 
Vertex 245 distance 11
0 424 257 76 305 556 412 245 
Vertex 246 distance 14
0 424 257 76 305 136 163 246 
Vertex 247 distance 10
0 424 257 153 3 122 247 
Vertex 248 distance 12
0 424 257 153 282 89 397 248 
Vertex 249 distance 13
0 424 257 153 3 352 249 
Vertex 250 distance 15
0 424 257 76 305 604 212 250 
Vertex 251 distance 14
0 424 257 153 282 89 500 294 325 251 
Vertex 252 distance 11
0 424 117 506 28 252 
Vertex 253 distance 11
0 424 257 153 480 139 253 
Vertex 254 distance 12
0 424 559 309 254 
Vertex 255 distance 9
0 465 295 131 255 
Vertex 256 distance 12
0 424 257 76 305 604 509 256 
Vertex 257 distance 3
0 424 257 
Vertex 258 distance 10
0 424 117 359 258 
Vertex 259 distance 16
0 424 117 609 84 348 415 432 259 
Vertex 260 distance 13
0 424 257 153 480 194 260 
Vertex 261 distance 13
0 424 257 153 624 207 261 
Vertex 262 distance 10
0 424 257 76 305 136 262 
Vertex 263 distance 10
0 424 257 76 305 487 263 
Vertex 264 distance 12
0 424 117 359 530 91 264 
Vertex 265 distance 13
0 331 485 413 265 
Vertex 266 distance 11
0 424 117 359 266 
Vertex 267 distance 13
0 424 257 153 3 122 267 
Vertex 268 distance 16
0 465 295 429 22 443 268 
Vertex 269 distance 13
0 424 117 609 84 348 415 269 
Vertex 270 distance 9
0 424 560 270 
Vertex 271 distance 11
0 424 257 153 282 89 397 554 271 
Vertex 272 distance 16
0 424 117 359 530 384 594 272 
Vertex 273 distance 10
0 465 295 273 
Vertex 274 distance 14
0 424 257 76 305 604 212 274 
Vertex 275 distance 13
0 424 257 76 305 136 163 217 275 
Vertex 276 distance 12
0 424 117 359 536 276 
Vertex 277 distance 13
0 424 117 359 318 151 26 277 
Vertex 278 distance 12
0 424 117 506 434 278 
Vertex 279 distance 13
0 465 295 319 581 481 279 
Vertex 280 distance 12
0 424 257 76 305 241 149 280 
Vertex 281 distance 14
0 424 117 609 84 348 415 65 445 281 
Vertex 282 distance 7
0 424 257 153 282 
Vertex 283 distance 12
0 424 257 153 282 346 283 
Vertex 284 distance 13
0 424 257 153 282 89 477 284 
Vertex 285 distance 12
0 561 83 285 
Vertex 286 distance 13
0 424 117 609 84 348 286 
Vertex 287 distance 14
0 331 486 320 64 287 
Vertex 288 distance 16
0 561 610 288 
Vertex 289 distance 11
0 424 257 76 305 604 212 289 
Vertex 290 distance 12
0 424 559 309 61 290 
Vertex 291 distance 14
0 424 257 76 305 523 291 
Vertex 292 distance 11
0 331 292 
Vertex 293 distance 13
0 424 257 153 437 95 293 
Vertex 294 distance 10
0 424 257 153 282 89 500 294 
Vertex 295 distance 7
0 465 295 
Vertex 296 distance 15
0 424 559 309 254 190 296 
Vertex 297 distance 11
0 465 295 429 22 297 
Vertex 298 distance 8
0 424 117 359 298 
Vertex 299 distance 15
0 465 295 429 106 605 299 
Vertex 300 distance 11
0 424 257 153 282 89 397 554 300 
Vertex 301 distance 16
0 424 117 359 258 301 
Vertex 302 distance 10
0 424 257 557 302 
Vertex 303 distance 10
0 331 303 
Vertex 304 distance 11
0 424 117 506 155 304 
Vertex 305 distance 7
0 424 257 76 305 
Vertex 306 distance 12
0 424 560 270 176 306 
Vertex 307 distance 15
0 424 117 359 318 151 26 307 
Vertex 308 distance 13
0 424 117 609 84 626 188 308 
Vertex 309 distance 9
0 424 559 309 
Vertex 310 distance 11
0 424 257 153 437 310 
Vertex 311 distance 14
0 424 117 359 298 148 311 
Vertex 312 distance 11
0 424 257 153 624 312 
Vertex 313 distance 13
0 424 257 76 305 556 618 579 422 313 
Vertex 314 distance 14
0 424 117 625 40 314 
Vertex 315 distance 13
0 424 117 359 536 133 315 
Vertex 316 distance 11
0 465 295 429 316 
Vertex 317 distance 13
0 424 560 442 177 317 
Vertex 318 distance 9
0 424 117 359 318 
Vertex 319 distance 8
0 465 295 319 
Vertex 320 distance 12
0 331 486 320 
Vertex 321 distance 15
0 424 117 359 266 321 
Vertex 322 distance 13
0 424 257 557 302 126 322 
Vertex 323 distance 13
0 424 117 359 298 148 323 
Vertex 324 distance 12
0 424 257 153 282 89 467 200 324 
Vertex 325 distance 11
0 424 257 153 282 89 500 294 325 
Vertex 326 distance 15
0 424 257 153 480 379 326 
Vertex 327 distance 15
0 424 257 153 282 89 500 294 325 327 
Vertex 328 distance 13
0 424 117 609 627 328 
Vertex 329 distance 13
0 424 117 609 84 348 460 356 329 
Vertex 330 distance 14
0 465 295 319 581 227 341 330 
Vertex 331 distance 7
0 331 
Vertex 332 distance 15
0 424 257 76 305 604 212 332 
Vertex 333 distance 8
0 465 333 
Vertex 334 distance 12
0 424 117 359 258 416 334 
Vertex 335 distance 10
0 424 117 359 530 384 335 
Vertex 336 distance 12
0 424 257 153 480 541 336 
Vertex 337 distance 15
0 424 117 359 530 384 335 337 
Vertex 338 distance 13
0 424 257 153 437 95 338 
Vertex 339 distance 12
0 424 257 76 305 487 339 
Vertex 340 distance 12
0 424 257 76 305 604 212 221 340 
Vertex 341 distance 13
0 465 295 319 581 227 341 
Vertex 342 distance 10
0 424 257 153 342 
Vertex 343 distance 9
0 424 117 359 530 343 
Vertex 344 distance 15
0 424 257 557 302 126 322 344 
Vertex 345 distance 17
0 465 295 131 255 345 
Vertex 346 distance 11
0 424 257 153 282 346 
Vertex 347 distance 10
0 561 347 
Vertex 348 distance 8
0 424 117 609 84 348 
Vertex 349 distance 11
0 331 485 413 349 
Vertex 350 distance 12
0 424 257 76 305 604 212 350 
Vertex 351 distance 12
0 424 560 383 351 
Vertex 352 distance 12
0 424 257 153 3 352 
Vertex 353 distance 13
0 424 257 76 305 604 216 474 353 
Vertex 354 distance 14
0 424 257 153 282 89 500 169 354 
Vertex 355 distance 12
0 424 117 625 355 
Vertex 356 distance 11
0 424 117 609 84 348 460 356 
Vertex 357 distance 11
0 424 257 76 357 
Vertex 358 distance 15
0 424 257 76 305 556 412 120 90 358 
Vertex 359 distance 7
0 424 117 359 
Vertex 360 distance 8
0 424 257 76 360 
Vertex 361 distance 11
0 424 117 609 84 348 460 361 
Vertex 362 distance 11
0 424 560 362 
Vertex 363 distance 11
0 424 560 270 176 363 
Vertex 364 distance 11
0 424 559 457 364 
Vertex 365 distance 11
0 424 117 359 298 365 
Vertex 366 distance 16
0 424 117 359 530 343 539 623 374 366 
Vertex 367 distance 13
0 424 257 153 282 367 
Vertex 368 distance 13
0 424 117 359 298 577 368 
Vertex 369 distance 12
0 424 559 309 61 369 
Vertex 370 distance 15
0 424 257 76 360 370 
Vertex 371 distance 14
0 424 257 76 305 604 509 35 371 
Vertex 372 distance 12
0 465 333 372 
Vertex 373 distance 15
0 424 559 309 254 190 373 
Vertex 374 distance 13
0 424 117 359 530 343 539 623 374 
Vertex 375 distance 11
0 424 257 76 360 375 
Vertex 376 distance 14
0 424 257 76 305 523 376 
Vertex 377 distance 15
0 424 117 359 536 377 
Vertex 378 distance 13
0 424 257 153 282 89 59 378 
Vertex 379 distance 12
0 424 257 153 480 379 
Vertex 380 distance 14
0 424 117 609 54 458 380 
Vertex 381 distance 12
0 424 257 76 305 487 263 381 
Vertex 382 distance 13
0 465 295 319 382 
Vertex 383 distance 11
0 424 560 383 
Vertex 384 distance 9
0 424 117 359 530 384 
Vertex 385 distance 11
0 424 117 359 530 384 385 
Vertex 386 distance 12
0 424 257 76 305 604 212 386 
Vertex 387 distance 12
0 424 117 609 84 387 
Vertex 388 distance 11
0 465 295 388 
Vertex 389 distance 14
0 424 117 609 84 348 552 580 389 
Vertex 390 distance 12
0 424 257 76 305 556 491 390 
Vertex 391 distance 12
0 424 117 359 530 343 172 391 
Vertex 392 distance 13
0 424 257 76 305 556 392 
Vertex 393 distance 12
0 465 295 429 106 393 
Vertex 394 distance 14
0 424 117 359 536 133 394 
Vertex 395 distance 11
0 424 257 76 305 241 395 
Vertex 396 distance 13
0 424 257 153 480 139 75 396 
Vertex 397 distance 9
0 424 257 153 282 89 397 
Vertex 398 distance 12
0 424 560 442 398 
Vertex 399 distance 12
0 465 333 595 399 
Vertex 400 distance 13
0 424 559 309 61 400 
Vertex 401 distance 14
0 331 292 175 401 
Vertex 402 distance 12
0 424 117 359 530 91 402 
Vertex 403 distance 18
0 424 257 153 282 89 55 636 403 
Vertex 404 distance 16
0 424 117 359 530 384 591 231 404 
Vertex 405 distance 13
0 424 257 76 305 604 212 405 
Vertex 406 distance 14
0 424 117 506 406 
Vertex 407 distance 11
0 465 295 319 581 407 
Vertex 408 distance 13
0 424 117 359 530 384 591 408 
Vertex 409 distance 15
0 424 257 153 282 89 397 409 
Vertex 410 distance 14
0 424 257 76 305 487 263 193 410 
Vertex 411 distance 11
0 465 295 319 581 481 411 
Vertex 412 distance 9
0 424 257 76 305 556 412 
Vertex 413 distance 10
0 331 485 413 
Vertex 414 distance 13
0 465 333 372 414 
Vertex 415 distance 10
0 424 117 609 84 348 415 
Vertex 416 distance 11
0 424 117 359 258 416 
Vertex 417 distance 12
0 424 117 359 530 417 
Vertex 418 distance 12
0 331 418 
Vertex 419 distance 13
0 561 83 505 419 
Vertex 420 distance 14
0 424 257 557 302 126 322 420 
Vertex 421 distance 12
0 424 117 359 258 68 421 
Vertex 422 distance 12
0 424 257 76 305 556 618 579 422 
Vertex 423 distance 12
0 424 117 359 298 577 423 
Vertex 424 distance 1
0 424 
Vertex 425 distance 13
0 424 257 153 282 89 397 554 300 425 
Vertex 426 distance 14
0 424 257 153 282 89 397 554 271 426 
Vertex 427 distance 13
0 424 257 153 282 89 500 294 325 211 427 
Vertex 428 distance 14
0 424 257 153 282 89 535 198 613 428 
Vertex 429 distance 9
0 465 295 429 
Vertex 430 distance 13
0 424 257 153 282 346 283 430 
Vertex 431 distance 12
0 424 257 153 282 89 535 198 431 
Vertex 432 distance 13
0 424 117 609 84 348 415 432 
Vertex 433 distance 13
0 424 117 625 433 
Vertex 434 distance 11
0 424 117 506 434 
Vertex 435 distance 12
0 424 257 153 282 89 467 435 
Vertex 436 distance 11
0 424 559 309 21 436 
Vertex 437 distance 6
0 424 257 153 437 
Vertex 438 distance 14
0 424 257 153 282 89 500 169 438 
Vertex 439 distance 14
0 424 117 359 530 384 335 439 
Vertex 440 distance 12
0 424 117 440 
Vertex 441 distance 14
0 424 117 359 298 441 
Vertex 442 distance 10
0 424 560 442 
Vertex 443 distance 11
0 465 295 429 22 443 
Vertex 444 distance 15
0 424 257 444 
Vertex 445 distance 13
0 424 117 609 84 348 415 65 445 
Vertex 446 distance 13
0 465 295 319 581 164 20 446 
Vertex 447 distance 14
0 424 257 153 282 89 397 447 
Vertex 448 distance 16
0 424 560 270 176 306 448 
Vertex 449 distance 9
0 465 333 449 
Vertex 450 distance 10
0 424 257 76 305 604 450 
Vertex 451 distance 13
0 424 257 76 451 
Vertex 452 distance 13
0 424 257 153 480 139 75 452 
Vertex 453 distance 14
0 465 333 453 
Vertex 454 distance 12
0 465 454 
Vertex 455 distance 13
0 424 257 557 455 
Vertex 456 distance 15
0 424 560 270 176 363 456 
Vertex 457 distance 10
0 424 559 457 
Vertex 458 distance 13
0 424 117 609 54 458 
Vertex 459 distance 10
0 424 257 469 459 
Vertex 460 distance 9
0 424 117 609 84 348 460 
Vertex 461 distance 13
0 424 257 153 282 89 55 461 
Vertex 462 distance 14
0 424 117 625 40 25 462 
Vertex 463 distance 16
0 424 257 76 305 556 618 633 463 
Vertex 464 distance 14
0 561 235 464 
Vertex 465 distance 6
0 465 
Vertex 466 distance 13
0 465 333 449 466 
Vertex 467 distance 9
0 424 257 153 282 89 467 
Vertex 468 distance 15
0 424 257 76 305 229 468 
Vertex 469 distance 9
0 424 257 469 
Vertex 470 distance 13
0 424 257 76 305 523 470 
Vertex 471 distance 11
0 424 257 153 282 89 467 200 471 
Vertex 472 distance 13
0 424 257 153 3 122 247 472 
Vertex 473 distance 12
0 424 257 153 282 89 500 294 473 
Vertex 474 distance 11
0 424 257 76 305 604 216 474 
Vertex 475 distance 11
0 465 295 273 475 
Vertex 476 distance 14
0 561 83 476 
Vertex 477 distance 12
0 424 257 153 282 89 477 
Vertex 478 distance 13
0 424 117 625 355 478 
Vertex 479 distance 13
0 561 610 479 
Vertex 480 distance 9
0 424 257 153 480 
Vertex 481 distance 10
0 465 295 319 581 481 
Vertex 482 distance 13
0 424 117 359 482 
Vertex 483 distance 16
0 424 257 153 282 89 397 483 
Vertex 484 distance 13
0 424 117 359 536 133 484 
Vertex 485 distance 8
0 331 485 
Vertex 486 distance 11
0 331 486 
Vertex 487 distance 9
0 424 257 76 305 487 
Vertex 488 distance 13
0 424 560 270 176 363 488 
Vertex 489 distance 12
0 424 117 609 84 348 460 356 489 
Vertex 490 distance 15
0 465 490 
Vertex 491 distance 10
0 424 257 76 305 556 491 
Vertex 492 distance 14
0 424 117 359 258 492 
Vertex 493 distance 13
0 424 257 153 437 310 493 
Vertex 494 distance 13
0 424 257 153 480 541 494 
Vertex 495 distance 14
0 424 117 609 84 348 415 240 495 
Vertex 496 distance 15
0 424 257 76 305 604 531 496 
Vertex 497 distance 15
0 561 83 497 
Vertex 498 distance 13
0 424 257 153 282 44 498 
Vertex 499 distance 12
0 424 117 609 84 626 188 499 
Vertex 500 distance 9
0 424 257 153 282 89 500 
Vertex 501 distance 12
0 424 117 506 434 501 
Vertex 502 distance 13
0 424 257 76 305 604 531 502 
Vertex 503 distance 13
0 331 621 503 
Vertex 504 distance 13
0 424 117 359 530 384 237 504 
Vertex 505 distance 11
0 561 83 505 
Vertex 506 distance 9
0 424 117 506 
Vertex 507 distance 13
0 424 560 507 
Vertex 508 distance 13
0 424 117 625 187 508 
Vertex 509 distance 9
0 424 257 76 305 604 509 
Vertex 510 distance 13
0 424 257 153 282 89 500 510 
Vertex 511 distance 15
0 424 117 359 536 133 315 511 
Vertex 512 distance 13
0 465 295 319 581 512 
Vertex 513 distance 10
0 424 257 153 282 89 467 513 
Vertex 514 distance 13
0 424 117 359 536 133 514 
Vertex 515 distance 16
0 424 117 359 530 515 
Vertex 516 distance 13
0 424 257 76 305 604 212 516 
Vertex 517 distance 13
0 424 117 359 298 148 517 
Vertex 518 distance 13
0 424 559 309 61 518 
Vertex 519 distance 13
0 465 333 595 519 
Vertex 520 distance 13
0 424 257 153 32 53 108 520 
Vertex 521 distance 14
0 424 257 76 305 523 470 521 
Vertex 522 distance 14
0 331 485 413 48 522 
Vertex 523 distance 10
0 424 257 76 305 523 
Vertex 524 distance 12
0 424 257 153 480 139 75 524 
Vertex 525 distance 13
0 465 295 429 97 525 
Vertex 526 distance 13
0 424 257 153 480 526 
Vertex 527 distance 12
0 424 257 153 282 89 397 527 
Vertex 528 distance 14
0 424 560 270 176 363 544 528 
Vertex 529 distance 15
0 424 117 359 530 384 237 504 529 
Vertex 530 distance 8
0 424 117 359 530 
Vertex 531 distance 12
0 424 257 76 305 604 531 
Vertex 532 distance 11
0 465 295 429 532 
Vertex 533 distance 12
0 424 117 609 84 348 552 533 
Vertex 534 distance 13
0 424 257 153 282 89 500 534 
Vertex 535 distance 10
0 424 257 153 282 89 535 
Vertex 536 distance 11
0 424 117 359 536 
Vertex 537 distance 13
0 465 295 273 46 537 
Vertex 538 distance 13
0 465 568 538 
Vertex 539 distance 10
0 424 117 359 530 343 539 
Vertex 540 distance 14
0 424 257 76 305 604 212 221 540 
Vertex 541 distance 11
0 424 257 153 480 541 
Vertex 542 distance 14
0 424 117 359 530 343 172 542 
Vertex 543 distance 11
0 424 257 153 480 543 
Vertex 544 distance 12
0 424 560 270 176 363 544 
Vertex 545 distance 12
0 465 295 429 316 545 
Vertex 546 distance 18
0 424 257 557 110 546 
Vertex 547 distance 13
0 424 117 609 84 348 547 
Vertex 548 distance 14
0 424 257 153 437 630 548 
Vertex 549 distance 13
0 424 257 76 305 94 549 
Vertex 550 distance 13
0 424 117 359 530 550 
Vertex 551 distance 14
0 424 117 609 84 348 415 65 137 551 
Vertex 552 distance 10
0 424 117 609 84 348 552 
Vertex 553 distance 14
0 561 83 285 553 
Vertex 554 distance 10
0 424 257 153 282 89 397 554 
Vertex 555 distance 13
0 424 257 76 305 136 163 555 
Vertex 556 distance 8
0 424 257 76 305 556 
Vertex 557 distance 9
0 424 257 557 
Vertex 558 distance 11
0 424 559 309 61 558 
Vertex 559 distance 8
0 424 559 
Vertex 560 distance 8
0 424 560 
Vertex 561 distance 7
0 561 
Vertex 562 distance 15
0 424 117 625 562 
Vertex 563 distance 14
0 561 347 563 
Vertex 564 distance 16
0 424 564 
Vertex 565 distance 13
0 424 117 625 565 
Vertex 566 distance 13
0 424 117 625 40 566 
Vertex 567 distance 14
0 424 560 442 219 567 
Vertex 568 distance 9
0 465 568 
Vertex 569 distance 12
0 465 295 429 316 569 
Vertex 570 distance 12
0 424 559 309 61 570 
Vertex 571 distance 14
0 465 295 319 581 481 571 
Vertex 572 distance 13
0 424 257 76 305 604 50 583 572 
Vertex 573 distance 13
0 424 117 359 318 151 26 192 573 
Vertex 574 distance 12
0 424 257 76 305 604 212 221 574 
Vertex 575 distance 15
0 13 575 
Vertex 576 distance 13
0 465 295 273 576 
Vertex 577 distance 10
0 424 117 359 298 577 
Vertex 578 distance 15
0 465 295 319 581 407 578 
Vertex 579 distance 10
0 424 257 76 305 556 618 579 
Vertex 580 distance 13
0 424 117 609 84 348 552 580 
Vertex 581 distance 9
0 465 295 319 581 
Vertex 582 distance 14
0 465 333 449 206 582 
Vertex 583 distance 12
0 424 257 76 305 604 50 583 
Vertex 584 distance 13
0 424 257 469 459 6 584 
Vertex 585 distance 14
0 465 295 273 46 80 585 
Vertex 586 distance 11
0 424 257 153 437 95 586 
Vertex 587 distance 14
0 424 257 76 305 604 212 405 587 
Vertex 588 distance 13
0 424 117 359 298 577 423 588 
Vertex 589 distance 12
0 424 117 359 530 384 591 589 
Vertex 590 distance 11
0 424 257 153 282 44 590 
Vertex 591 distance 11
0 424 117 359 530 384 591 
Vertex 592 distance 15
0 424 257 153 282 89 467 102 592 
Vertex 593 distance 14
0 424 560 442 593 
Vertex 594 distance 13
0 424 117 359 530 384 594 
Vertex 595 distance 9
0 465 333 595 
Vertex 596 distance 14
0 424 257 76 360 375 596 
Vertex 597 distance 15
0 424 117 625 597 
Vertex 598 distance 12
0 424 559 457 364 598 
Vertex 599 distance 13
0 424 257 76 305 604 216 599 
Vertex 600 distance 12
0 424 117 609 627 600 
Vertex 601 distance 11
0 561 235 601 
Vertex 602 distance 15
0 424 117 609 84 348 460 111 602 
Vertex 603 distance 10
0 424 257 603 
Vertex 604 distance 8
0 424 257 76 305 604 
Vertex 605 distance 14
0 465 295 429 106 605 
Vertex 606 distance 10
0 424 257 153 282 89 606 
Vertex 607 distance 14
0 424 257 76 360 607 
Vertex 608 distance 15
0 424 257 76 305 556 618 579 125 608 
Vertex 609 distance 5
0 424 117 609 
Vertex 610 distance 9
0 561 610 
Vertex 611 distance 14
0 424 117 359 530 343 539 611 
Vertex 612 distance 12
0 424 257 153 282 89 397 554 300 612 
Vertex 613 distance 13
0 424 257 153 282 89 535 198 613 
Vertex 614 distance 17
0 424 257 76 305 604 212 386 4 614 
Vertex 615 distance 14
0 424 257 153 282 89 535 198 615 
Vertex 616 distance 12
0 424 257 76 305 604 216 160 141 616 
Vertex 617 distance 13
0 424 257 76 305 556 618 617 
Vertex 618 distance 9
0 424 257 76 305 556 618 
Vertex 619 distance 13
0 424 257 76 305 487 263 381 619 
Vertex 620 distance 15
0 424 257 153 282 89 467 74 7 620 
Vertex 621 distance 10
0 331 621 
Vertex 622 distance 11
0 424 257 603 622 
Vertex 623 distance 12
0 424 117 359 530 343 539 623 
Vertex 624 distance 10
0 424 257 153 624 
Vertex 625 distance 8
0 424 117 625 
Vertex 626 distance 8
0 424 117 609 84 626 
Vertex 627 distance 10
0 424 117 609 627 
Vertex 628 distance 13
0 424 559 457 145 228 628 
Vertex 629 distance 12
0 424 117 359 258 629 
Vertex 630 distance 11
0 424 257 153 437 630 
Vertex 631 distance 11
0 424 117 359 530 343 5 631 
Vertex 632 distance 14
0 465 333 449 466 632 
Vertex 633 distance 13
0 424 257 76 305 556 618 633 
Vertex 634 distance 13
0 424 117 609 84 348 552 634 
Vertex 635 distance 14
0 424 117 625 187 123 150 635 
Vertex 636 distance 14
0 424 257 153 282 89 55 636 
Vertex 637 distance 11
0 424 559 309 21 637 
Vertex 638 distance 13
0 424 257 76 305 136 163 638 
Vertex 639 distance 12
0 424 257 153 639 
