Vertex 0 distance 0
0 0 
Vertex 1 distance 19
0 622 438 1 
Vertex 2 distance 15
0 254 574 203 2 
Vertex 3 distance 17
0 622 495 468 519 446 3 
Vertex 4 distance 16
0 142 188 535 4 
Vertex 5 distance 17
0 254 487 5 
Vertex 6 distance 16
0 622 495 482 250 6 
Vertex 7 distance 17
0 142 61 7 
Vertex 8 distance 18
0 622 623 625 8 
Vertex 9 distance 13
0 254 574 397 9 
Vertex 10 distance 14
0 254 574 10 
Vertex 11 distance 22
0 622 495 320 11 
Vertex 12 distance 20
0 622 495 320 116 434 58 12 
Vertex 13 distance 22
0 622 86 347 367 333 13 
Vertex 14 distance 16
0 622 495 267 160 14 
Vertex 15 distance 22
0 622 623 528 186 15 
Vertex 16 distance 11
0 622 86 16 
Vertex 17 distance 16
0 622 495 320 116 445 71 66 17 
Vertex 18 distance 22
0 622 86 373 611 134 18 
Vertex 19 distance 22
0 622 623 528 435 19 
Vertex 20 distance 18
0 622 495 320 116 301 463 245 361 20 
Vertex 21 distance 16
0 622 495 320 116 445 71 66 21 
Vertex 22 distance 22
0 254 574 397 9 352 22 
Vertex 23 distance 20
0 142 597 555 120 412 23 
Vertex 24 distance 18
0 117 24 
Vertex 25 distance 14
0 142 195 25 
Vertex 26 distance 18
0 254 574 203 141 518 46 26 
Vertex 27 distance 23
0 622 495 320 116 301 463 245 361 20 215 27 
Vertex 28 distance 19
0 622 495 320 116 301 129 28 
Vertex 29 distance 14
0 622 495 320 116 301 463 383 52 29 
Vertex 30 distance 15
0 117 251 494 30 
Vertex 31 distance 19
0 622 86 16 559 31 
Vertex 32 distance 19
0 622 438 556 484 460 32 
Vertex 33 distance 16
0 622 86 16 607 33 
Vertex 34 distance 18
0 622 495 320 116 445 145 34 
Vertex 35 distance 18
0 622 495 267 35 
Vertex 36 distance 24
0 622 495 320 116 301 36 
Vertex 37 distance 15
0 142 597 555 478 454 37 
Vertex 38 distance 21
0 622 495 320 116 137 315 38 
Vertex 39 distance 18
0 622 495 320 116 445 71 66 17 39 
Vertex 40 distance 22
0 254 574 171 394 198 40 
Vertex 41 distance 17
0 622 86 16 607 33 41 
Vertex 42 distance 16
0 622 495 320 116 445 500 184 42 
Vertex 43 distance 19
0 256 95 572 43 
Vertex 44 distance 12
0 256 621 44 
Vertex 45 distance 16
0 142 597 530 45 
Vertex 46 distance 17
0 254 574 203 141 518 46 
Vertex 47 distance 20
0 254 574 397 176 382 550 169 124 47 
Vertex 48 distance 22
0 622 495 320 166 107 631 379 48 
Vertex 49 distance 19
0 622 495 320 116 57 158 100 49 
Vertex 50 distance 20
0 622 495 320 116 57 50 
Vertex 51 distance 18
0 622 438 556 484 489 51 
Vertex 52 distance 13
0 622 495 320 116 301 463 383 52 
Vertex 53 distance 19
0 622 495 468 311 615 53 
Vertex 54 distance 18
0 622 495 320 116 301 463 383 54 
Vertex 55 distance 25
0 622 623 528 186 15 246 55 
Vertex 56 distance 20
0 142 188 633 56 
Vertex 57 distance 11
0 622 495 320 116 57 
Vertex 58 distance 19
0 622 495 320 116 434 58 
Vertex 59 distance 22
0 622 86 59 
Vertex 60 distance 19
0 622 623 528 469 60 
Vertex 61 distance 7
0 142 61 
Vertex 62 distance 21
0 142 61 78 596 62 
Vertex 63 distance 12
0 622 495 320 116 445 241 63 
Vertex 64 distance 25
0 622 495 320 116 434 498 464 64 
Vertex 65 distance 24
0 256 621 44 400 65 
Vertex 66 distance 12
0 622 495 320 116 445 71 66 
Vertex 67 distance 21
0 622 165 598 392 67 
Vertex 68 distance 17
0 254 487 94 208 595 110 68 
Vertex 69 distance 14
0 622 86 373 69 
Vertex 70 distance 15
0 622 86 16 423 280 70 
Vertex 71 distance 9
0 622 495 320 116 445 71 
Vertex 72 distance 23
0 142 188 514 585 72 
Vertex 73 distance 16
0 622 495 267 160 73 
Vertex 74 distance 17
0 622 495 320 116 445 74 
Vertex 75 distance 19
0 256 621 360 75 
Vertex 76 distance 17
0 622 86 347 76 
Vertex 77 distance 18
0 142 597 555 478 448 444 77 
Vertex 78 distance 11
0 142 61 78 
Vertex 79 distance 19
0 622 623 528 469 79 
Vertex 80 distance 14
0 622 495 320 116 445 500 80 
Vertex 81 distance 21
0 622 495 267 160 73 81 
Vertex 82 distance 19
0 254 574 397 306 349 357 82 
Vertex 83 distance 18
0 254 574 127 83 
Vertex 84 distance 24
0 142 188 633 167 359 417 84 
Vertex 85 distance 16
0 254 487 94 579 85 
Vertex 86 distance 8
0 622 86 
Vertex 87 distance 15
0 622 495 385 87 
Vertex 88 distance 24
0 622 495 320 116 57 158 100 88 
Vertex 89 distance 16
0 254 487 465 89 
Vertex 90 distance 20
0 622 495 320 116 445 500 366 336 351 90 
Vertex 91 distance 14
0 622 495 320 116 445 241 362 91 
Vertex 92 distance 21
0 622 495 320 116 445 500 366 113 92 
Vertex 93 distance 13
0 254 574 397 304 93 
Vertex 94 distance 10
0 254 487 94 
Vertex 95 distance 12
0 256 95 
Vertex 96 distance 16
0 622 495 482 96 
Vertex 97 distance 18
0 622 438 556 484 460 97 
Vertex 98 distance 20
0 622 623 625 98 
Vertex 99 distance 19
0 117 637 348 99 
Vertex 100 distance 17
0 622 495 320 116 57 158 100 
Vertex 101 distance 15
0 622 495 320 116 301 463 383 52 101 
Vertex 102 distance 20
0 622 495 320 116 137 190 115 102 
Vertex 103 distance 16
0 142 188 535 103 
Vertex 104 distance 21
0 622 495 320 116 301 463 576 104 
Vertex 105 distance 17
0 622 495 320 116 301 463 636 105 
Vertex 106 distance 16
0 142 195 156 106 
Vertex 107 distance 12
0 622 495 320 166 107 
Vertex 108 distance 18
0 622 495 468 519 446 3 108 
Vertex 109 distance 23
0 622 438 556 109 
Vertex 110 distance 16
0 254 487 94 208 595 110 
Vertex 111 distance 12
0 622 495 482 111 
Vertex 112 distance 15
0 622 495 320 295 112 
Vertex 113 distance 16
0 622 495 320 116 445 500 366 113 
Vertex 114 distance 15
0 622 86 16 114 
Vertex 115 distance 17
0 622 495 320 116 137 190 115 
Vertex 116 distance 6
0 622 495 320 116 
Vertex 117 distance 5
0 117 
Vertex 118 distance 16
0 142 61 78 118 
Vertex 119 distance 19
0 254 574 397 9 119 
Vertex 120 distance 13
0 142 597 555 120 
Vertex 121 distance 19
0 254 574 397 176 382 387 121 
Vertex 122 distance 19
0 622 495 482 250 122 
Vertex 123 distance 23
0 622 86 16 607 33 41 410 123 
Vertex 124 distance 18
0 254 574 397 176 382 550 169 124 
Vertex 125 distance 19
0 622 86 16 423 280 70 125 
Vertex 126 distance 26
0 254 487 465 126 
Vertex 127 distance 12
0 254 574 127 
Vertex 128 distance 21
0 622 495 320 116 445 345 258 128 
Vertex 129 distance 16
0 622 495 320 116 301 129 
Vertex 130 distance 21
0 254 574 397 306 349 357 130 
Vertex 131 distance 18
0 142 188 633 131 
Vertex 132 distance 15
0 622 495 267 132 
Vertex 133 distance 18
0 548 270 405 133 
Vertex 134 distance 18
0 622 86 373 611 134 
Vertex 135 distance 17
0 622 86 217 135 
Vertex 136 distance 12
0 254 487 94 136 
Vertex 137 distance 7
0 622 495 320 116 137 
Vertex 138 distance 17
0 622 495 320 116 301 463 245 361 624 609 138 
Vertex 139 distance 24
0 622 495 468 519 326 139 
Vertex 140 distance 15
0 254 574 127 233 140 
Vertex 141 distance 13
0 254 574 203 141 
Vertex 142 distance 4
0 142 
Vertex 143 distance 15
0 622 495 320 116 445 473 143 
Vertex 144 distance 16
0 622 495 482 111 144 
Vertex 145 distance 17
0 622 495 320 116 445 145 
Vertex 146 distance 18
0 622 495 320 116 301 146 
Vertex 147 distance 21
0 254 574 171 394 198 147 
Vertex 148 distance 18
0 142 597 555 478 454 148 
Vertex 149 distance 20
0 142 597 555 478 448 444 77 149 
Vertex 150 distance 17
0 622 495 320 116 301 463 383 52 29 150 
Vertex 151 distance 19
0 254 574 397 304 93 582 284 151 
Vertex 152 distance 17
0 622 495 385 266 152 
Vertex 153 distance 20
0 622 495 482 619 342 153 
Vertex 154 distance 21
0 254 574 429 154 
Vertex 155 distance 22
0 622 86 347 367 155 
Vertex 156 distance 14
0 142 195 156 
Vertex 157 distance 16
0 254 574 397 590 157 
Vertex 158 distance 16
0 622 495 320 116 57 158 
Vertex 159 distance 17
0 622 86 16 423 159 
Vertex 160 distance 13
0 622 495 267 160 
Vertex 161 distance 15
0 622 495 320 116 445 241 161 
Vertex 162 distance 19
0 254 574 203 162 
Vertex 163 distance 22
0 622 495 320 116 445 285 163 
Vertex 164 distance 16
0 142 61 456 164 
Vertex 165 distance 8
0 622 165 
Vertex 166 distance 9
0 622 495 320 166 
Vertex 167 distance 15
0 142 188 633 167 
Vertex 168 distance 17
0 622 495 320 116 445 71 66 17 168 
Vertex 169 distance 17
0 254 574 397 176 382 550 169 
Vertex 170 distance 17
0 622 495 320 116 445 332 616 170 
Vertex 171 distance 14
0 254 574 171 
Vertex 172 distance 22
0 622 495 468 519 446 3 172 
Vertex 173 distance 16
0 254 574 173 
Vertex 174 distance 18
0 622 495 320 116 301 450 174 
Vertex 175 distance 23
0 622 495 320 175 
Vertex 176 distance 12
0 254 574 397 176 
Vertex 177 distance 18
0 622 86 16 177 
Vertex 178 distance 20
0 254 574 397 9 119 178 
Vertex 179 distance 19
0 622 495 468 519 179 
Vertex 180 distance 18
0 142 61 456 415 562 180 
Vertex 181 distance 19
0 622 86 16 114 567 181 
Vertex 182 distance 15
0 254 487 94 208 287 182 
Vertex 183 distance 13
0 622 495 482 111 183 
Vertex 184 distance 12
0 622 495 320 116 445 500 184 
Vertex 185 distance 18
0 142 331 185 
Vertex 186 distance 14
0 622 623 528 186 
Vertex 187 distance 21
0 622 86 217 220 515 187 
Vertex 188 distance 10
0 142 188 
Vertex 189 distance 16
0 622 438 556 484 460 189 
Vertex 190 distance 14
0 622 495 320 116 137 190 
Vertex 191 distance 16
0 191 
Vertex 192 distance 17
0 622 438 556 484 489 192 
Vertex 193 distance 23
0 142 597 424 193 
Vertex 194 distance 17
0 622 495 320 116 301 463 383 194 
Vertex 195 distance 11
0 142 195 
Vertex 196 distance 19
0 142 188 480 196 
Vertex 197 distance 20
0 142 61 456 415 592 197 
Vertex 198 distance 18
0 254 574 171 394 198 
Vertex 199 distance 17
0 256 621 389 422 199 
Vertex 200 distance 20
0 622 495 482 250 6 200 
Vertex 201 distance 24
0 622 495 320 116 445 241 362 91 610 201 
Vertex 202 distance 17
0 622 202 
Vertex 203 distance 11
0 254 574 203 
Vertex 204 distance 14
0 622 495 320 166 204 
Vertex 205 distance 18
0 622 495 320 116 445 332 616 170 205 
Vertex 206 distance 18
0 622 495 320 116 445 71 206 
Vertex 207 distance 19
0 622 495 320 166 207 
Vertex 208 distance 11
0 254 487 94 208 
Vertex 209 distance 18
0 622 495 482 111 183 209 
Vertex 210 distance 17
0 117 251 494 240 210 
Vertex 211 distance 19
0 254 574 127 83 211 
Vertex 212 distance 21
0 622 86 373 629 425 554 564 212 
Vertex 213 distance 18
0 256 621 389 422 213 
Vertex 214 distance 16
0 622 495 320 116 445 241 214 
Vertex 215 distance 19
0 622 495 320 116 301 463 245 361 20 215 
Vertex 216 distance 17
0 142 597 555 478 454 37 216 
Vertex 217 distance 9
0 622 86 217 
Vertex 218 distance 19
0 622 495 320 116 445 500 184 218 
Vertex 219 distance 15
0 622 495 468 311 219 
Vertex 220 distance 14
0 622 86 217 220 
Vertex 221 distance 20
0 622 495 267 132 221 
Vertex 222 distance 17
0 622 495 320 166 204 222 
Vertex 223 distance 15
0 622 86 288 517 223 
Vertex 224 distance 19
0 622 495 320 116 445 71 66 21 224 
Vertex 225 distance 17
0 622 495 320 116 445 345 476 225 
Vertex 226 distance 17
0 256 621 44 226 
Vertex 227 distance 14
0 622 438 227 
Vertex 228 distance 25
0 254 574 228 
Vertex 229 distance 25
0 622 495 320 116 301 463 383 52 29 229 
Vertex 230 distance 19
0 142 597 555 478 454 627 230 
Vertex 231 distance 20
0 117 637 231 
Vertex 232 distance 14
0 622 495 320 116 301 463 245 361 232 
Vertex 233 distance 14
0 254 574 127 233 
Vertex 234 distance 22
0 142 195 25 234 
Vertex 235 distance 20
0 622 495 320 116 445 241 362 571 235 
Vertex 236 distance 21
0 254 487 94 208 287 236 
Vertex 237 distance 24
0 254 574 171 394 198 40 237 
Vertex 238 distance 16
0 622 238 
Vertex 239 distance 15
0 622 495 320 116 301 463 575 239 
Vertex 240 distance 16
0 117 251 494 240 
Vertex 241 distance 10
0 622 495 320 116 445 241 
Vertex 242 distance 19
0 142 597 555 478 448 242 
Vertex 243 distance 23
0 622 495 482 619 342 153 243 
Vertex 244 distance 15
0 254 574 10 244 
Vertex 245 distance 11
0 622 495 320 116 301 463 245 
Vertex 246 distance 23
0 622 623 528 186 15 246 
Vertex 247 distance 24
0 622 495 320 116 301 463 245 361 247 
Vertex 248 distance 21
0 622 165 248 
Vertex 249 distance 17
0 142 195 337 298 249 
Vertex 250 distance 14
0 622 495 482 250 
Vertex 251 distance 9
0 117 251 
Vertex 252 distance 18
0 622 495 320 166 204 222 252 
Vertex 253 distance 18
0 142 61 456 415 260 253 
Vertex 254 distance 8
0 254 
Vertex 255 distance 13
0 622 623 255 
Vertex 256 distance 10
0 256 
Vertex 257 distance 28
0 622 86 16 607 257 
Vertex 258 distance 20
0 622 495 320 116 445 345 258 
Vertex 259 distance 13
0 254 574 203 259 
Vertex 260 distance 15
0 142 61 456 415 260 
Vertex 261 distance 15
0 254 261 
Vertex 262 distance 15
0 622 438 227 262 
Vertex 263 distance 19
0 622 86 16 114 567 263 
Vertex 264 distance 19
0 622 495 468 519 264 
Vertex 265 distance 19
0 622 495 320 116 301 463 636 265 
Vertex 266 distance 16
0 622 495 385 266 
Vertex 267 distance 11
0 622 495 267 
Vertex 268 distance 19
0 256 621 44 268 
Vertex 269 distance 22
0 117 501 269 
Vertex 270 distance 15
0 548 270 
Vertex 271 distance 18
0 622 495 320 166 107 271 
Vertex 272 distance 17
0 622 495 320 116 445 71 66 21 272 
Vertex 273 distance 19
0 191 273 
Vertex 274 distance 17
0 622 623 440 274 
Vertex 275 distance 19
0 622 495 267 132 275 
Vertex 276 distance 16
0 622 438 556 484 489 276 
Vertex 277 distance 18
0 117 251 277 
Vertex 278 distance 18
0 622 495 320 116 301 463 278 
Vertex 279 distance 21
0 622 495 320 116 301 450 174 279 
Vertex 280 distance 14
0 622 86 16 423 280 
Vertex 281 distance 22
0 622 281 
Vertex 282 distance 19
0 622 495 320 116 445 74 282 
Vertex 283 distance 22
0 622 495 320 116 301 463 575 283 
Vertex 284 distance 17
0 254 574 397 304 93 582 284 
Vertex 285 distance 14
0 622 495 320 116 445 285 
Vertex 286 distance 21
0 256 621 44 286 
Vertex 287 distance 13
0 254 487 94 208 287 
Vertex 288 distance 9
0 622 86 288 
Vertex 289 distance 21
0 622 495 320 166 204 222 289 
Vertex 290 distance 25
0 622 495 320 116 301 463 245 361 603 290 
Vertex 291 distance 18
0 142 597 530 291 
Vertex 292 distance 22
0 254 574 429 292 
Vertex 293 distance 19
0 142 597 555 120 523 293 
Vertex 294 distance 17
0 622 495 482 250 294 
Vertex 295 distance 11
0 622 495 320 295 
Vertex 296 distance 17
0 256 621 389 296 
Vertex 297 distance 16
0 254 574 397 304 93 582 297 
Vertex 298 distance 15
0 142 195 337 298 
Vertex 299 distance 10
0 622 495 320 116 137 315 299 
Vertex 300 distance 18
0 254 574 171 394 300 
Vertex 301 distance 8
0 622 495 320 116 301 
Vertex 302 distance 16
0 622 495 320 116 445 500 366 302 
Vertex 303 distance 13
0 622 86 288 517 303 
Vertex 304 distance 12
0 254 574 397 304 
Vertex 305 distance 11
0 622 495 385 305 
Vertex 306 distance 13
0 254 574 397 306 
Vertex 307 distance 20
0 622 86 16 559 31 307 
Vertex 308 distance 20
0 256 95 604 308 
Vertex 309 distance 16
0 256 621 389 422 309 
Vertex 310 distance 21
0 622 495 468 310 
Vertex 311 distance 13
0 622 495 468 311 
Vertex 312 distance 20
0 622 495 320 116 445 500 366 113 312 
Vertex 313 distance 19
0 622 495 320 116 301 463 636 105 313 
Vertex 314 distance 23
0 254 487 94 208 595 314 
Vertex 315 distance 9
0 622 495 320 116 137 315 
Vertex 316 distance 23
0 622 623 625 8 316 
Vertex 317 distance 17
0 622 495 320 116 445 500 184 42 317 
Vertex 318 distance 21
0 622 165 598 318 
Vertex 319 distance 17
0 622 438 399 319 
Vertex 320 distance 5
0 622 495 320 
Vertex 321 distance 16
0 622 623 528 435 321 
Vertex 322 distance 15
0 142 188 514 322 
Vertex 323 distance 17
0 622 495 320 116 445 241 362 323 
Vertex 324 distance 18
0 622 495 320 116 445 74 324 
Vertex 325 distance 20
0 142 597 530 45 325 
Vertex 326 distance 15
0 622 495 468 519 326 
Vertex 327 distance 16
0 622 438 420 327 
Vertex 328 distance 22
0 254 487 94 208 595 328 
Vertex 329 distance 16
0 142 188 480 329 
Vertex 330 distance 19
0 622 495 320 116 445 500 80 330 
Vertex 331 distance 11
0 142 331 
Vertex 332 distance 13
0 622 495 320 116 445 332 
Vertex 333 distance 17
0 622 86 347 367 333 
Vertex 334 distance 14
0 142 331 355 334 
Vertex 335 distance 16
0 622 86 373 629 335 
Vertex 336 distance 16
0 622 495 320 116 445 500 366 336 
Vertex 337 distance 14
0 142 195 337 
Vertex 338 distance 19
0 622 495 468 354 626 338 
Vertex 339 distance 18
0 622 495 482 111 183 339 
Vertex 340 distance 14
0 142 597 555 478 340 
Vertex 341 distance 18
0 254 487 94 208 595 110 341 
Vertex 342 distance 18
0 622 495 482 619 342 
Vertex 343 distance 18
0 254 487 94 208 595 110 68 343 
Vertex 344 distance 17
0 622 623 528 435 321 344 
Vertex 345 distance 13
0 622 495 320 116 445 345 
Vertex 346 distance 21
0 254 574 397 304 93 582 284 346 
Vertex 347 distance 13
0 622 86 347 
Vertex 348 distance 16
0 117 637 348 
Vertex 349 distance 15
0 254 574 397 306 349 
Vertex 350 distance 23
0 117 24 350 
Vertex 351 distance 19
0 622 495 320 116 445 500 366 336 351 
Vertex 352 distance 17
0 254 574 397 9 352 
Vertex 353 distance 20
0 254 487 94 208 595 353 
Vertex 354 distance 16
0 622 495 468 354 
Vertex 355 distance 12
0 142 331 355 
Vertex 356 distance 19
0 622 495 320 116 301 146 356 
Vertex 357 distance 17
0 254 574 397 306 349 357 
Vertex 358 distance 15
0 622 623 528 186 358 
Vertex 359 distance 16
0 142 188 633 167 359 
Vertex 360 distance 18
0 256 621 360 
Vertex 361 distance 13
0 622 495 320 116 301 463 245 361 
Vertex 362 distance 11
0 622 495 320 116 445 241 362 
Vertex 363 distance 19
0 622 495 320 116 301 463 383 52 29 363 
Vertex 364 distance 15
0 142 195 364 
Vertex 365 distance 20
0 254 487 94 208 595 110 365 
Vertex 366 distance 14
0 622 495 320 116 445 500 366 
Vertex 367 distance 16
0 622 86 347 367 
Vertex 368 distance 20
0 622 495 320 368 
Vertex 369 distance 17
0 622 495 320 116 301 463 575 239 369 
Vertex 370 distance 22
0 142 597 530 370 
Vertex 371 distance 18
0 117 637 393 599 371 
Vertex 372 distance 18
0 254 574 397 590 157 372 
Vertex 373 distance 13
0 622 86 373 
Vertex 374 distance 20
0 256 621 360 374 
Vertex 375 distance 24
0 254 574 397 176 382 387 121 375 
Vertex 376 distance 26
0 622 495 320 166 107 631 379 48 376 
Vertex 377 distance 18
0 622 495 385 266 152 377 
Vertex 378 distance 20
0 622 495 320 116 445 500 366 378 
Vertex 379 distance 19
0 622 495 320 166 107 631 379 
Vertex 380 distance 16
0 142 61 78 439 380 
Vertex 381 distance 23
0 142 61 456 164 381 
Vertex 382 distance 15
0 254 574 397 176 382 
Vertex 383 distance 12
0 622 495 320 116 301 463 383 
Vertex 384 distance 16
0 256 621 384 
Vertex 385 distance 9
0 622 495 385 
Vertex 386 distance 16
0 622 495 320 166 107 386 
Vertex 387 distance 17
0 254 574 397 176 382 387 
Vertex 388 distance 22
0 142 597 555 478 454 37 216 388 
Vertex 389 distance 14
0 256 621 389 
Vertex 390 distance 20
0 142 61 456 415 401 390 
Vertex 391 distance 17
0 256 621 44 391 
Vertex 392 distance 18
0 622 165 598 392 
Vertex 393 distance 15
0 117 637 393 
Vertex 394 distance 17
0 254 574 171 394 
Vertex 395 distance 23
0 622 495 482 111 183 506 395 
Vertex 396 distance 29
0 254 574 397 176 382 550 169 413 396 
Vertex 397 distance 11
0 254 574 397 
Vertex 398 distance 14
0 256 95 398 
Vertex 399 distance 15
0 622 438 399 
Vertex 400 distance 13
0 256 621 44 400 
Vertex 401 distance 15
0 142 61 456 415 401 
Vertex 402 distance 18
0 254 574 397 402 
Vertex 403 distance 18
0 254 574 397 176 403 
Vertex 404 distance 16
0 622 86 288 517 223 404 
Vertex 405 distance 16
0 548 270 405 
Vertex 406 distance 15
0 622 495 320 116 301 463 383 52 406 
Vertex 407 distance 23
0 142 331 355 334 407 
Vertex 408 distance 10
0 622 438 408 
Vertex 409 distance 18
0 142 597 555 478 448 444 409 
Vertex 410 distance 19
0 622 86 16 607 33 41 410 
Vertex 411 distance 19
0 622 495 320 116 301 463 383 52 406 411 
Vertex 412 distance 16
0 142 597 555 120 412 
Vertex 413 distance 23
0 254 574 397 176 382 550 169 413 
Vertex 414 distance 17
0 142 61 456 415 401 414 
Vertex 415 distance 12
0 142 61 456 415 
Vertex 416 distance 20
0 622 495 320 116 137 315 416 
Vertex 417 distance 17
0 142 188 633 167 359 417 
Vertex 418 distance 19
0 117 251 494 240 504 418 
Vertex 419 distance 22
0 142 195 337 419 
Vertex 420 distance 11
0 622 438 420 
Vertex 421 distance 17
0 254 574 203 141 518 421 
Vertex 422 distance 15
0 256 621 389 422 
Vertex 423 distance 13
0 622 86 16 423 
Vertex 424 distance 17
0 142 597 424 
Vertex 425 distance 15
0 622 86 373 629 425 
Vertex 426 distance 23
0 622 495 320 116 137 315 299 426 
Vertex 427 distance 19
0 622 495 320 116 301 463 383 52 29 427 
Vertex 428 distance 20
0 142 597 555 120 523 293 428 
Vertex 429 distance 15
0 254 574 429 
Vertex 430 distance 17
0 142 61 78 596 430 
Vertex 431 distance 16
0 254 261 431 
Vertex 432 distance 16
0 622 495 468 311 219 432 
Vertex 433 distance 20
0 622 495 320 116 301 129 28 433 
Vertex 434 distance 14
0 622 495 320 116 434 
Vertex 435 distance 15
0 622 623 528 435 
Vertex 436 distance 19
0 622 623 528 436 
Vertex 437 distance 20
0 142 195 522 437 
Vertex 438 distance 9
0 622 438 
Vertex 439 distance 13
0 142 61 78 439 
Vertex 440 distance 14
0 622 623 440 
Vertex 441 distance 15
0 254 487 94 208 595 441 
Vertex 442 distance 16
0 622 495 385 87 442 
Vertex 443 distance 22
0 142 188 514 585 443 
Vertex 444 distance 16
0 142 597 555 478 448 444 
Vertex 445 distance 7
0 622 495 320 116 445 
Vertex 446 distance 16
0 622 495 468 519 446 
Vertex 447 distance 27
0 254 487 465 89 447 
Vertex 448 distance 14
0 142 597 555 478 448 
Vertex 449 distance 22
0 622 86 373 69 449 
Vertex 450 distance 16
0 622 495 320 116 301 450 
Vertex 451 distance 21
0 622 495 320 116 445 71 66 21 272 451 
Vertex 452 distance 19
0 254 574 127 233 140 452 
Vertex 453 distance 17
0 622 495 320 116 301 463 245 361 232 453 
Vertex 454 distance 13
0 142 597 555 478 454 
Vertex 455 distance 17
0 622 495 320 166 107 521 455 
Vertex 456 distance 11
0 142 61 456 
Vertex 457 distance 19
0 142 195 522 457 
Vertex 458 distance 22
0 117 251 494 30 458 
Vertex 459 distance 23
0 142 61 456 415 401 459 
Vertex 460 distance 15
0 622 438 556 484 460 
Vertex 461 distance 21
0 622 495 320 116 445 241 362 461 
Vertex 462 distance 22
0 142 195 156 462 
Vertex 463 distance 9
0 622 495 320 116 301 463 
Vertex 464 distance 20
0 622 495 320 116 434 498 464 
Vertex 465 distance 12
0 254 487 465 
Vertex 466 distance 18
0 254 574 203 466 
Vertex 467 distance 20
0 622 495 385 266 152 467 
Vertex 468 distance 7
0 622 495 468 
Vertex 469 distance 14
0 622 623 528 469 
Vertex 470 distance 18
0 142 188 633 167 359 417 470 
Vertex 471 distance 16
0 254 574 397 304 471 
Vertex 472 distance 15
0 142 61 456 415 592 472 
Vertex 473 distance 14
0 622 495 320 116 445 473 
Vertex 474 distance 27
0 142 331 355 474 
Vertex 475 distance 19
0 622 438 556 484 508 475 
Vertex 476 distance 14
0 622 495 320 116 445 345 476 
Vertex 477 distance 25
0 256 95 604 477 
Vertex 478 distance 12
0 142 597 555 478 
Vertex 479 distance 14
0 622 623 479 
Vertex 480 distance 13
0 142 188 480 
Vertex 481 distance 18
0 142 195 156 106 481 
Vertex 482 distance 11
0 622 495 482 
Vertex 483 distance 23
0 254 574 429 483 
Vertex 484 distance 14
0 622 438 556 484 
Vertex 485 distance 18
0 622 86 217 220 485 
Vertex 486 distance 10
0 117 486 
Vertex 487 distance 9
0 254 487 
Vertex 488 distance 24
0 622 438 227 262 488 
Vertex 489 distance 15
0 622 438 556 484 489 
Vertex 490 distance 18
0 622 495 320 116 57 158 100 490 
Vertex 491 distance 21
0 254 574 127 233 491 
Vertex 492 distance 19
0 191 492 
Vertex 493 distance 22
0 142 597 555 478 454 37 216 493 
Vertex 494 distance 14
0 117 251 494 
Vertex 495 distance 4
0 622 495 
Vertex 496 distance 17
0 622 495 320 116 445 500 366 496 
Vertex 497 distance 16
0 622 86 217 497 
Vertex 498 distance 18
0 622 495 320 116 434 498 
Vertex 499 distance 19
0 622 495 320 116 434 498 499 
Vertex 500 distance 9
0 622 495 320 116 445 500 
Vertex 501 distance 19
0 117 501 
Vertex 502 distance 20
0 142 597 555 478 454 627 230 502 
Vertex 503 distance 19
0 254 574 397 306 503 
Vertex 504 distance 18
0 117 251 494 240 504 
Vertex 505 distance 21
0 142 61 456 415 592 197 505 
Vertex 506 distance 17
0 622 495 482 111 183 506 
Vertex 507 distance 24
0 622 495 320 116 445 71 206 507 
Vertex 508 distance 15
0 622 438 556 484 508 
Vertex 509 distance 11
0 254 509 
Vertex 510 distance 16
0 622 86 373 69 510 
Vertex 511 distance 15
0 142 511 
Vertex 512 distance 16
0 548 270 512 
Vertex 513 distance 22
0 254 574 397 176 382 550 169 124 47 513 
Vertex 514 distance 14
0 142 188 514 
Vertex 515 distance 18
0 622 86 217 220 515 
Vertex 516 distance 26
0 622 495 468 311 615 53 516 
Vertex 517 distance 12
0 622 86 288 517 
Vertex 518 distance 15
0 254 574 203 141 518 
Vertex 519 distance 12
0 622 495 468 519 
Vertex 520 distance 20
0 622 495 468 354 520 
Vertex 521 distance 15
0 622 495 320 166 107 521 
Vertex 522 distance 14
0 142 195 522 
Vertex 523 distance 14
0 142 597 555 120 523 
Vertex 524 distance 21
0 622 86 347 524 
Vertex 525 distance 13
0 622 525 
Vertex 526 distance 13
0 254 487 94 208 526 
Vertex 527 distance 15
0 142 188 527 
Vertex 528 distance 13
0 622 623 528 
Vertex 529 distance 20
0 622 438 227 262 529 
Vertex 530 distance 14
0 142 597 530 
Vertex 531 distance 16
0 622 495 320 116 137 315 531 
Vertex 532 distance 17
0 142 597 555 478 454 532 
Vertex 533 distance 15
0 622 495 320 116 301 463 383 52 29 533 
Vertex 534 distance 20
0 142 597 555 478 534 
Vertex 535 distance 14
0 142 188 535 
Vertex 536 distance 23
0 622 86 288 536 
Vertex 537 distance 22
0 622 438 227 262 537 
Vertex 538 distance 23
0 256 621 360 538 
Vertex 539 distance 17
0 622 495 320 116 301 539 
Vertex 540 distance 16
0 622 495 320 116 445 241 63 540 
Vertex 541 distance 18
0 622 86 541 
Vertex 542 distance 19
0 622 495 320 116 445 241 161 542 
Vertex 543 distance 20
0 142 195 156 543 
Vertex 544 distance 18
0 622 623 544 
Vertex 545 distance 20
0 256 621 44 391 545 
Vertex 546 distance 16
0 622 495 385 546 
Vertex 547 distance 21
0 622 438 408 547 
Vertex 548 distance 11
0 548 
Vertex 549 distance 23
0 254 574 127 233 140 549 
Vertex 550 distance 16
0 254 574 397 176 382 550 
Vertex 551 distance 19
0 622 495 551 
Vertex 552 distance 24
0 622 495 385 266 552 
Vertex 553 distance 16
0 256 621 553 
Vertex 554 distance 16
0 622 86 373 629 425 554 
Vertex 555 distance 8
0 142 597 555 
Vertex 556 distance 11
0 622 438 556 
Vertex 557 distance 16
0 622 438 556 484 557 
Vertex 558 distance 23
0 142 597 555 478 454 532 558 
Vertex 559 distance 14
0 622 86 16 559 
Vertex 560 distance 18
0 254 487 94 136 560 
Vertex 561 distance 20
0 142 188 561 
Vertex 562 distance 17
0 142 61 456 415 562 
Vertex 563 distance 17
0 622 86 373 563 
Vertex 564 distance 20
0 622 86 373 629 425 554 564 
Vertex 565 distance 18
0 622 495 468 565 
Vertex 566 distance 17
0 622 495 320 116 301 463 383 52 29 566 
Vertex 567 distance 16
0 622 86 16 114 567 
Vertex 568 distance 12
0 622 86 16 568 
Vertex 569 distance 16
0 142 61 456 415 592 472 569 
Vertex 570 distance 20
0 117 637 570 
Vertex 571 distance 16
0 622 495 320 116 445 241 362 571 
Vertex 572 distance 13
0 256 95 572 
Vertex 573 distance 18
0 142 61 456 415 592 472 569 573 
Vertex 574 distance 10
0 254 574 
Vertex 575 distance 14
0 622 495 320 116 301 463 575 
Vertex 576 distance 15
0 622 495 320 116 301 463 576 
Vertex 577 distance 19
0 254 487 5 577 
Vertex 578 distance 17
0 142 61 456 415 592 472 578 
Vertex 579 distance 14
0 254 487 94 579 
Vertex 580 distance 12
0 622 165 580 
Vertex 581 distance 16
0 254 487 465 581 
Vertex 582 distance 14
0 254 574 397 304 93 582 
Vertex 583 distance 19
0 622 86 16 114 583 
Vertex 584 distance 25
0 142 188 535 4 584 
Vertex 585 distance 18
0 142 188 514 585 
Vertex 586 distance 20
0 622 623 255 586 
Vertex 587 distance 16
0 622 495 320 116 301 463 587 
Vertex 588 distance 17
0 256 95 572 588 
Vertex 589 distance 17
0 622 86 16 423 280 70 589 
Vertex 590 distance 12
0 254 574 397 590 
Vertex 591 distance 16
0 254 574 397 304 93 591 
Vertex 592 distance 14
0 142 61 456 415 592 
Vertex 593 distance 16
0 622 438 593 
Vertex 594 distance 20
0 117 594 
Vertex 595 distance 12
0 254 487 94 208 595 
Vertex 596 distance 16
0 142 61 78 596 
Vertex 597 distance 7
0 142 597 
Vertex 598 distance 17
0 622 165 598 
Vertex 599 distance 17
0 117 637 393 599 
Vertex 600 distance 24
0 254 574 127 83 211 600 
Vertex 601 distance 17
0 622 86 288 517 223 601 
Vertex 602 distance 17
0 142 188 480 602 
Vertex 603 distance 21
0 622 495 320 116 301 463 245 361 603 
Vertex 604 distance 15
0 256 95 604 
Vertex 605 distance 22
0 254 574 171 605 
Vertex 606 distance 16
0 622 495 468 519 606 
Vertex 607 distance 14
0 622 86 16 607 
Vertex 608 distance 21
0 622 86 373 563 608 
Vertex 609 distance 16
0 622 495 320 116 301 463 245 361 624 609 
Vertex 610 distance 17
0 622 495 320 116 445 241 362 91 610 
Vertex 611 distance 17
0 622 86 373 611 
Vertex 612 distance 20
0 612 
Vertex 613 distance 19
0 622 495 320 116 301 463 613 
Vertex 614 distance 19
0 622 495 320 116 301 614 
Vertex 615 distance 17
0 622 495 468 311 615 
Vertex 616 distance 16
0 622 495 320 116 445 332 616 
Vertex 617 distance 18
0 622 86 16 559 617 
Vertex 618 distance 19
0 622 86 16 423 280 70 618 
Vertex 619 distance 14
0 622 495 482 619 
Vertex 620 distance 22
0 142 61 456 415 592 197 505 620 
Vertex 621 distance 11
0 256 621 
Vertex 622 distance 3
0 622 
Vertex 623 distance 12
0 622 623 
Vertex 624 distance 15
0 622 495 320 116 301 463 245 361 624 
Vertex 625 distance 15
0 622 623 625 
Vertex 626 distance 17
0 622 495 468 354 626 
Vertex 627 distance 17
0 142 597 555 478 454 627 
Vertex 628 distance 23
0 254 574 397 176 382 550 169 124 47 628 
Vertex 629 distance 14
0 622 86 373 629 
Vertex 630 distance 21
0 256 95 398 630 
Vertex 631 distance 16
0 622 495 320 166 107 631 
Vertex 632 distance 25
0 622 495 320 116 445 332 616 170 205 632 
Vertex 633 distance 14
0 142 188 633 
Vertex 634 distance 19
0 622 495 468 311 615 634 
Vertex 635 distance 23
0 622 495 320 116 445 345 258 635 
Vertex 636 distance 15
0 622 495 320 116 301 463 636 
Vertex 637 distance 12
0 117 637 
Vertex 638 distance 22
0 254 574 397 176 382 550 169 124 638 
Vertex 639 distance 17
0 622 238 639 
