Vertex 0 distance 0
0 0 
Vertex 1 distance 21
0 374 604 586 267 177 226 227 556 1 
Vertex 2 distance 16
0 462 317 626 2 
Vertex 3 distance 19
0 110 105 319 3 
Vertex 4 distance 16
0 374 604 586 35 389 417 269 4 
Vertex 5 distance 19
0 374 604 586 267 416 169 239 242 316 561 5 
Vertex 6 distance 21
0 374 604 586 35 528 514 6 
Vertex 7 distance 25
0 374 604 586 35 389 417 358 534 483 7 
Vertex 8 distance 22
0 374 604 266 136 397 265 408 8 
Vertex 9 distance 14
0 374 604 586 267 416 169 9 
Vertex 10 distance 12
0 374 604 266 10 
Vertex 11 distance 19
0 374 604 586 267 177 226 275 117 511 11 
Vertex 12 distance 17
0 110 217 580 12 
Vertex 13 distance 20
0 110 105 400 142 500 13 
Vertex 14 distance 17
0 462 317 626 2 14 
Vertex 15 distance 18
0 374 604 586 35 447 585 61 15 
Vertex 16 distance 25
0 374 604 586 35 528 514 48 16 
Vertex 17 distance 13
0 374 604 266 136 17 
Vertex 18 distance 18
0 462 317 108 18 
Vertex 19 distance 33
0 374 604 586 267 177 444 193 298 19 
Vertex 20 distance 14
0 462 317 20 
Vertex 21 distance 17
0 110 105 400 21 
Vertex 22 distance 23
0 97 464 382 200 22 
Vertex 23 distance 20
0 374 604 266 202 260 23 
Vertex 24 distance 21
0 374 604 266 136 496 367 24 
Vertex 25 distance 11
0 462 453 523 25 
Vertex 26 distance 21
0 97 464 382 200 26 
Vertex 27 distance 18
0 374 165 303 27 
Vertex 28 distance 19
0 374 604 586 267 177 176 36 387 28 
Vertex 29 distance 16
0 374 604 266 422 29 
Vertex 30 distance 15
0 374 604 586 35 528 325 294 30 
Vertex 31 distance 16
0 374 604 586 267 416 223 31 
Vertex 32 distance 20
0 374 604 266 136 397 228 617 32 
Vertex 33 distance 18
0 374 604 586 35 112 69 33 
Vertex 34 distance 17
0 110 105 34 
Vertex 35 distance 9
0 374 604 586 35 
Vertex 36 distance 16
0 374 604 586 267 177 176 36 
Vertex 37 distance 18
0 374 604 586 35 389 144 37 
Vertex 38 distance 24
0 374 60 39 354 38 
Vertex 39 distance 14
0 374 60 39 
Vertex 40 distance 24
0 374 604 266 136 397 265 40 
Vertex 41 distance 19
0 374 604 266 136 496 367 557 41 
Vertex 42 distance 20
0 374 604 586 35 112 42 
Vertex 43 distance 21
0 374 604 586 267 177 444 563 633 43 
Vertex 44 distance 19
0 374 604 266 136 397 120 44 
Vertex 45 distance 22
0 374 604 586 35 112 75 335 74 45 
Vertex 46 distance 15
0 110 287 46 
Vertex 47 distance 18
0 374 604 586 35 528 514 47 
Vertex 48 distance 17
0 374 604 586 35 528 514 48 
Vertex 49 distance 16
0 374 604 266 10 49 
Vertex 50 distance 19
0 110 287 50 
Vertex 51 distance 21
0 462 453 523 576 51 
Vertex 52 distance 17
0 374 604 586 267 177 52 
Vertex 53 distance 17
0 110 217 295 53 
Vertex 54 distance 16
0 374 604 266 145 54 
Vertex 55 distance 20
0 374 604 266 136 397 120 411 391 55 
Vertex 56 distance 21
0 374 604 586 267 177 226 275 117 56 
Vertex 57 distance 23
0 57 
Vertex 58 distance 17
0 374 604 266 403 477 401 58 
Vertex 59 distance 12
0 374 604 586 35 389 59 
Vertex 60 distance 13
0 374 60 
Vertex 61 distance 15
0 374 604 586 35 447 585 61 
Vertex 62 distance 17
0 462 62 
Vertex 63 distance 19
0 374 604 266 136 496 550 63 
Vertex 64 distance 16
0 374 604 586 35 447 125 432 64 
Vertex 65 distance 14
0 462 453 65 
Vertex 66 distance 15
0 110 105 291 66 
Vertex 67 distance 21
0 374 369 347 89 68 67 
Vertex 68 distance 18
0 374 369 347 89 68 
Vertex 69 distance 16
0 374 604 586 35 112 69 
Vertex 70 distance 19
0 110 105 470 70 
Vertex 71 distance 19
0 374 604 266 175 271 71 
Vertex 72 distance 22
0 72 
Vertex 73 distance 20
0 374 604 586 35 389 417 445 73 
Vertex 74 distance 20
0 374 604 586 35 112 75 335 74 
Vertex 75 distance 14
0 374 604 586 35 112 75 
Vertex 76 distance 22
0 374 604 586 267 416 360 138 594 273 76 
Vertex 77 distance 16
0 374 604 586 35 447 585 77 
Vertex 78 distance 22
0 374 604 324 248 78 
Vertex 79 distance 17
0 374 604 586 35 218 263 79 
Vertex 80 distance 23
0 374 604 586 267 416 360 80 
Vertex 81 distance 18
0 374 604 266 136 17 285 81 
Vertex 82 distance 26
0 374 604 266 175 271 71 82 
Vertex 83 distance 21
0 374 604 266 136 311 86 83 
Vertex 84 distance 25
0 374 604 586 267 416 169 239 253 366 84 
Vertex 85 distance 22
0 374 604 586 267 433 85 
Vertex 86 distance 19
0 374 604 266 136 311 86 
Vertex 87 distance 21
0 110 217 468 519 256 87 
Vertex 88 distance 17
0 374 604 586 267 177 541 88 
Vertex 89 distance 15
0 374 369 347 89 
Vertex 90 distance 21
0 110 217 502 575 156 90 
Vertex 91 distance 17
0 374 604 266 10 113 570 587 91 
Vertex 92 distance 14
0 374 604 586 35 389 59 92 
Vertex 93 distance 17
0 374 604 586 35 389 417 93 
Vertex 94 distance 29
0 374 604 266 422 29 473 94 
Vertex 95 distance 18
0 374 165 303 518 95 
Vertex 96 distance 21
0 462 453 523 188 96 
Vertex 97 distance 13
0 97 
Vertex 98 distance 12
0 374 604 586 35 98 
Vertex 99 distance 21
0 374 604 586 35 99 
Vertex 100 distance 16
0 374 604 586 35 112 75 335 100 
Vertex 101 distance 22
0 97 464 382 200 101 
Vertex 102 distance 26
0 374 165 606 102 
Vertex 103 distance 25
0 374 604 266 10 340 103 
Vertex 104 distance 21
0 374 604 586 267 177 104 
Vertex 105 distance 8
0 110 105 
Vertex 106 distance 18
0 374 604 266 136 496 550 106 
Vertex 107 distance 16
0 374 604 586 267 177 444 107 
Vertex 108 distance 14
0 462 317 108 
Vertex 109 distance 16
0 110 636 305 109 
Vertex 110 distance 5
0 110 
Vertex 111 distance 16
0 374 369 457 111 
Vertex 112 distance 12
0 374 604 586 35 112 
Vertex 113 distance 13
0 374 604 266 10 113 
Vertex 114 distance 18
0 110 217 114 
Vertex 115 distance 19
0 374 604 586 267 177 226 227 115 
Vertex 116 distance 16
0 374 60 39 116 
Vertex 117 distance 14
0 374 604 586 267 177 226 275 117 
Vertex 118 distance 18
0 110 105 118 
Vertex 119 distance 22
0 374 578 119 
Vertex 120 distance 15
0 374 604 266 136 397 120 
Vertex 121 distance 20
0 374 604 266 136 17 121 
Vertex 122 distance 20
0 374 604 266 136 496 122 
Vertex 123 distance 16
0 374 604 586 35 528 123 
Vertex 124 distance 24
0 374 604 586 267 416 169 124 
Vertex 125 distance 11
0 374 604 586 35 447 125 
Vertex 126 distance 21
0 374 604 266 183 509 126 
Vertex 127 distance 22
0 374 604 266 136 397 228 617 225 191 127 
Vertex 128 distance 19
0 374 604 586 35 528 514 48 128 
Vertex 129 distance 27
0 374 129 
Vertex 130 distance 18
0 374 604 586 35 447 585 61 614 130 
Vertex 131 distance 19
0 374 604 266 422 131 
Vertex 132 distance 22
0 110 105 400 21 132 
Vertex 133 distance 17
0 374 60 539 133 
Vertex 134 distance 22
0 462 317 626 274 134 
Vertex 135 distance 27
0 374 604 266 136 17 285 81 135 
Vertex 136 distance 10
0 374 604 266 136 
Vertex 137 distance 13
0 374 604 266 10 137 
Vertex 138 distance 14
0 374 604 586 267 416 360 138 
Vertex 139 distance 19
0 374 369 384 139 
Vertex 140 distance 16
0 374 604 266 136 397 278 140 
Vertex 141 distance 23
0 374 604 266 136 441 141 
Vertex 142 distance 14
0 110 105 400 142 
Vertex 143 distance 18
0 110 287 185 143 
Vertex 144 distance 14
0 374 604 586 35 389 144 
Vertex 145 distance 13
0 374 604 266 145 
Vertex 146 distance 23
0 374 604 586 35 528 331 491 146 
Vertex 147 distance 21
0 110 105 259 147 
Vertex 148 distance 14
0 374 604 586 267 177 226 275 148 
Vertex 149 distance 16
0 374 604 266 136 496 149 
Vertex 150 distance 17
0 374 604 586 35 389 59 150 
Vertex 151 distance 21
0 110 105 400 21 151 
Vertex 152 distance 20
0 374 604 586 267 177 226 275 261 152 
Vertex 153 distance 16
0 374 604 586 267 177 226 153 
Vertex 154 distance 20
0 110 217 502 575 571 154 
Vertex 155 distance 20
0 374 604 266 136 397 228 617 155 
Vertex 156 distance 16
0 110 217 502 575 156 
Vertex 157 distance 23
0 374 604 266 136 17 285 157 
Vertex 158 distance 19
0 462 317 108 18 158 
Vertex 159 distance 23
0 374 604 586 267 416 223 31 159 
Vertex 160 distance 24
0 374 604 586 35 389 417 445 73 459 160 
Vertex 161 distance 15
0 374 165 161 
Vertex 162 distance 23
0 374 604 586 267 177 444 563 633 43 162 
Vertex 163 distance 17
0 374 604 266 136 397 265 163 
Vertex 164 distance 19
0 462 317 626 613 486 164 
Vertex 165 distance 11
0 374 165 
Vertex 166 distance 21
0 374 604 266 403 477 406 166 
Vertex 167 distance 18
0 374 604 586 35 528 331 167 
Vertex 168 distance 21
0 374 165 303 518 376 168 
Vertex 169 distance 11
0 374 604 586 267 416 169 
Vertex 170 distance 19
0 110 414 334 170 
Vertex 171 distance 20
0 374 604 586 267 177 444 107 171 
Vertex 172 distance 22
0 110 105 400 21 151 172 
Vertex 173 distance 20
0 462 317 20 300 173 
Vertex 174 distance 16
0 110 217 439 174 
Vertex 175 distance 14
0 374 604 266 175 
Vertex 176 distance 14
0 374 604 586 267 177 176 
Vertex 177 distance 10
0 374 604 586 267 177 
Vertex 178 distance 20
0 374 604 586 267 416 360 138 637 482 178 
Vertex 179 distance 20
0 374 604 586 267 433 179 
Vertex 180 distance 12
0 374 604 586 267 416 180 
Vertex 181 distance 14
0 374 604 314 181 
Vertex 182 distance 15
0 374 604 586 267 177 182 
Vertex 183 distance 14
0 374 604 266 183 
Vertex 184 distance 29
0 97 464 382 579 184 
Vertex 185 distance 17
0 110 287 185 
Vertex 186 distance 25
0 374 604 586 35 528 514 48 322 186 
Vertex 187 distance 20
0 110 105 400 142 500 187 
Vertex 188 distance 18
0 462 453 523 188 
Vertex 189 distance 17
0 374 604 266 403 189 
Vertex 190 distance 18
0 374 165 303 281 190 
Vertex 191 distance 21
0 374 604 266 136 397 228 617 225 191 
Vertex 192 distance 22
0 374 604 586 267 177 226 275 117 192 
Vertex 193 distance 16
0 374 604 586 267 177 444 193 
Vertex 194 distance 19
0 374 165 303 281 190 194 
Vertex 195 distance 17
0 374 165 303 518 376 195 
Vertex 196 distance 18
0 374 604 586 267 177 176 196 
Vertex 197 distance 23
0 110 287 185 143 197 
Vertex 198 distance 17
0 110 105 400 198 
Vertex 199 distance 25
0 374 604 266 202 260 23 199 
Vertex 200 distance 20
0 97 464 382 200 
Vertex 201 distance 22
0 110 217 502 575 156 201 
Vertex 202 distance 16
0 374 604 266 202 
Vertex 203 distance 17
0 374 604 586 267 416 360 138 203 
Vertex 204 distance 25
0 374 604 586 267 416 360 138 637 204 
Vertex 205 distance 23
0 374 604 586 267 177 176 36 205 
Vertex 206 distance 18
0 374 604 324 206 
Vertex 207 distance 23
0 374 604 586 267 177 176 36 387 207 
Vertex 208 distance 21
0 110 636 305 208 
Vertex 209 distance 17
0 462 453 523 513 209 
Vertex 210 distance 25
0 374 369 347 210 
Vertex 211 distance 17
0 462 453 523 25 254 211 
Vertex 212 distance 21
0 374 604 586 267 177 176 36 387 28 522 212 
Vertex 213 distance 23
0 374 604 586 35 447 585 61 474 213 
Vertex 214 distance 26
0 374 604 266 136 397 228 617 355 214 
Vertex 215 distance 19
0 374 604 266 403 215 
Vertex 216 distance 23
0 462 453 216 
Vertex 217 distance 11
0 110 217 
Vertex 218 distance 12
0 374 604 586 35 218 
Vertex 219 distance 17
0 374 604 586 267 416 169 239 307 219 
Vertex 220 distance 20
0 374 604 586 35 528 325 220 
Vertex 221 distance 21
0 462 317 626 274 313 221 
Vertex 222 distance 19
0 462 453 523 415 222 
Vertex 223 distance 11
0 374 604 586 267 416 223 
Vertex 224 distance 21
0 374 604 324 206 224 
Vertex 225 distance 19
0 374 604 266 136 397 228 617 225 
Vertex 226 distance 11
0 374 604 586 267 177 226 
Vertex 227 distance 16
0 374 604 586 267 177 226 227 
Vertex 228 distance 13
0 374 604 266 136 397 228 
Vertex 229 distance 23
0 374 604 266 403 189 593 588 229 
Vertex 230 distance 20
0 374 604 586 35 528 320 230 
Vertex 231 distance 18
0 374 604 586 35 447 125 432 231 
Vertex 232 distance 24
0 374 604 586 35 389 417 269 284 232 
Vertex 233 distance 17
0 110 217 439 536 233 
Vertex 234 distance 19
0 374 604 586 267 177 226 275 148 234 
Vertex 235 distance 22
0 110 217 439 174 235 
Vertex 236 distance 22
0 374 604 266 403 477 401 546 236 
Vertex 237 distance 19
0 374 604 586 267 416 169 239 237 
Vertex 238 distance 18
0 374 604 586 35 528 331 238 
Vertex 239 distance 12
0 374 604 586 267 416 169 239 
Vertex 240 distance 18
0 374 604 586 267 177 226 275 117 240 
Vertex 241 distance 18
0 374 604 241 
Vertex 242 distance 13
0 374 604 586 267 416 169 239 242 
Vertex 243 distance 17
0 243 
Vertex 244 distance 17
0 374 165 161 244 
Vertex 245 distance 20
0 374 604 586 267 416 169 245 
Vertex 246 distance 21
0 374 604 586 35 389 59 251 246 
Vertex 247 distance 19
0 110 105 400 247 
Vertex 248 distance 19
0 374 604 324 248 
Vertex 249 distance 21
0 374 604 586 35 218 263 249 
Vertex 250 distance 24
0 110 217 295 250 
Vertex 251 distance 13
0 374 604 586 35 389 59 251 
Vertex 252 distance 16
0 110 105 400 142 252 
Vertex 253 distance 14
0 374 604 586 267 416 169 239 253 
Vertex 254 distance 15
0 462 453 523 25 254 
Vertex 255 distance 20
0 374 604 586 267 416 360 138 594 273 255 
Vertex 256 distance 19
0 110 217 468 519 256 
Vertex 257 distance 14
0 110 105 470 257 
Vertex 258 distance 15
0 374 604 586 35 98 258 
Vertex 259 distance 15
0 110 105 259 
Vertex 260 distance 18
0 374 604 266 202 260 
Vertex 261 distance 16
0 374 604 586 267 177 226 275 261 
Vertex 262 distance 23
0 110 105 400 142 252 380 262 
Vertex 263 distance 14
0 374 604 586 35 218 263 
Vertex 264 distance 15
0 374 604 586 267 177 226 264 
Vertex 265 distance 13
0 374 604 266 136 397 265 
Vertex 266 distance 9
0 374 604 266 
Vertex 267 distance 8
0 374 604 586 267 
Vertex 268 distance 18
0 374 604 586 35 447 585 61 268 
Vertex 269 distance 15
0 374 604 586 35 389 417 269 
Vertex 270 distance 22
0 374 604 266 136 397 120 377 270 
Vertex 271 distance 15
0 374 604 266 175 271 
Vertex 272 distance 24
0 374 604 586 267 416 169 245 272 
Vertex 273 distance 19
0 374 604 586 267 416 360 138 594 273 
Vertex 274 distance 14
0 462 317 626 274 
Vertex 275 distance 12
0 374 604 586 267 177 226 275 
Vertex 276 distance 18
0 374 604 266 422 602 276 
Vertex 277 distance 19
0 110 287 46 277 
Vertex 278 distance 13
0 374 604 266 136 397 278 
Vertex 279 distance 16
0 462 317 458 279 
Vertex 280 distance 17
0 374 369 347 89 280 
Vertex 281 distance 13
0 374 165 303 281 
Vertex 282 distance 19
0 462 453 65 282 
Vertex 283 distance 17
0 374 60 539 283 
Vertex 284 distance 18
0 374 604 586 35 389 417 269 284 
Vertex 285 distance 14
0 374 604 266 136 17 285 
Vertex 286 distance 22
0 374 604 266 136 397 228 617 466 440 286 
Vertex 287 distance 10
0 110 287 
Vertex 288 distance 21
0 374 604 266 136 397 120 411 391 288 
Vertex 289 distance 17
0 374 369 384 289 
Vertex 290 distance 21
0 462 453 523 513 209 290 
Vertex 291 distance 11
0 110 105 291 
Vertex 292 distance 23
0 374 604 266 403 477 401 546 292 
Vertex 293 distance 23
0 374 604 266 10 340 293 
Vertex 294 distance 14
0 374 604 586 35 528 325 294 
Vertex 295 distance 13
0 110 217 295 
Vertex 296 distance 18
0 110 414 296 
Vertex 297 distance 23
0 374 604 586 267 416 169 239 242 297 
Vertex 298 distance 19
0 374 604 586 267 177 444 193 298 
Vertex 299 distance 20
0 374 369 347 299 
Vertex 300 distance 19
0 462 317 20 300 
Vertex 301 distance 16
0 374 604 586 35 447 125 432 301 
Vertex 302 distance 25
0 374 604 586 267 416 223 31 302 
Vertex 303 distance 12
0 374 165 303 
Vertex 304 distance 18
0 374 604 586 267 416 180 492 304 
Vertex 305 distance 11
0 110 636 305 
Vertex 306 distance 18
0 374 604 266 136 306 
Vertex 307 distance 15
0 374 604 586 267 416 169 239 307 
Vertex 308 distance 17
0 374 604 586 35 112 75 308 
Vertex 309 distance 18
0 374 604 586 35 389 417 93 309 
Vertex 310 distance 22
0 462 317 626 274 310 
Vertex 311 distance 16
0 374 604 266 136 311 
Vertex 312 distance 15
0 374 604 586 267 416 169 239 253 312 
Vertex 313 distance 17
0 462 317 626 274 313 
Vertex 314 distance 8
0 374 604 314 
Vertex 315 distance 17
0 110 217 468 315 
Vertex 316 distance 15
0 374 604 586 267 416 169 239 242 316 
Vertex 317 distance 9
0 462 317 
Vertex 318 distance 17
0 374 604 586 267 177 444 193 318 
Vertex 319 distance 16
0 110 105 319 
Vertex 320 distance 18
0 374 604 586 35 528 320 
Vertex 321 distance 18
0 462 317 458 321 
Vertex 322 distance 23
0 374 604 586 35 528 514 48 322 
Vertex 323 distance 20
0 374 604 586 35 447 585 61 614 130 323 
Vertex 324 distance 17
0 374 604 324 
Vertex 325 distance 13
0 374 604 586 35 528 325 
Vertex 326 distance 22
0 374 604 266 10 137 326 
Vertex 327 distance 22
0 374 604 266 10 137 330 327 
Vertex 328 distance 16
0 374 369 347 328 
Vertex 329 distance 15
0 374 604 586 267 177 226 329 
Vertex 330 distance 17
0 374 604 266 10 137 330 
Vertex 331 distance 14
0 374 604 586 35 528 331 
Vertex 332 distance 23
0 110 217 468 519 332 
Vertex 333 distance 22
0 110 105 470 333 
Vertex 334 distance 15
0 110 414 334 
Vertex 335 distance 15
0 374 604 586 35 112 75 335 
Vertex 336 distance 25
0 374 604 586 267 177 226 275 622 336 
Vertex 337 distance 18
0 374 604 586 267 416 169 239 307 337 
Vertex 338 distance 24
0 462 338 
Vertex 339 distance 21
0 374 604 586 267 416 360 339 
Vertex 340 distance 16
0 374 604 266 10 340 
Vertex 341 distance 24
0 374 604 586 35 528 331 238 341 
Vertex 342 distance 25
0 374 604 586 267 416 169 239 237 342 
Vertex 343 distance 28
0 462 317 626 274 343 
Vertex 344 distance 20
0 374 604 266 136 397 228 617 466 344 
Vertex 345 distance 21
0 374 165 303 281 190 345 
Vertex 346 distance 22
0 110 217 439 346 
Vertex 347 distance 14
0 374 369 347 
Vertex 348 distance 20
0 110 287 362 348 
Vertex 349 distance 20
0 110 217 468 349 
Vertex 350 distance 16
0 110 636 350 
Vertex 351 distance 23
0 462 317 458 279 625 620 351 
Vertex 352 distance 19
0 110 414 296 352 
Vertex 353 distance 18
0 374 604 586 35 389 59 150 353 
Vertex 354 distance 17
0 374 60 39 354 
Vertex 355 distance 19
0 374 604 266 136 397 228 617 355 
Vertex 356 distance 23
0 374 604 266 403 189 356 
Vertex 357 distance 18
0 374 604 586 35 447 357 
Vertex 358 distance 14
0 374 604 586 35 389 417 358 
Vertex 359 distance 19
0 374 604 586 267 416 223 31 359 
Vertex 360 distance 12
0 374 604 586 267 416 360 
Vertex 361 distance 17
0 374 369 347 361 
Vertex 362 distance 18
0 110 287 362 
Vertex 363 distance 17
0 374 604 586 35 447 363 
Vertex 364 distance 20
0 374 604 586 35 528 331 167 364 
Vertex 365 distance 20
0 374 604 266 10 137 330 365 
Vertex 366 distance 16
0 374 604 586 267 416 169 239 253 366 
Vertex 367 distance 15
0 374 604 266 136 496 367 
Vertex 368 distance 20
0 374 604 586 267 416 169 239 253 368 
Vertex 369 distance 9
0 374 369 
Vertex 370 distance 22
0 374 604 586 267 416 169 239 242 316 561 5 370 
Vertex 371 distance 26
0 374 604 586 267 416 169 371 
Vertex 372 distance 17
0 374 604 586 267 177 226 329 372 
Vertex 373 distance 21
0 110 217 439 536 233 373 
Vertex 374 distance 4
0 374 
Vertex 375 distance 22
0 97 464 386 375 
Vertex 376 distance 16
0 374 165 303 518 376 
Vertex 377 distance 18
0 374 604 266 136 397 120 377 
Vertex 378 distance 18
0 374 604 266 136 397 228 617 378 
Vertex 379 distance 21
0 374 604 586 267 177 176 196 379 
Vertex 380 distance 17
0 110 105 400 142 252 380 
Vertex 381 distance 23
0 374 369 384 381 
Vertex 382 distance 19
0 97 464 382 
Vertex 383 distance 21
0 462 317 20 300 173 383 
Vertex 384 distance 16
0 374 369 384 
Vertex 385 distance 20
0 462 453 523 25 254 211 385 
Vertex 386 distance 19
0 97 464 386 
Vertex 387 distance 17
0 374 604 586 267 177 176 36 387 
Vertex 388 distance 21
0 374 60 388 
Vertex 389 distance 11
0 374 604 586 35 389 
Vertex 390 distance 25
0 110 105 291 390 
Vertex 391 distance 18
0 374 604 266 136 397 120 411 391 
Vertex 392 distance 14
0 392 
Vertex 393 distance 24
0 374 604 586 35 447 125 432 231 393 
Vertex 394 distance 18
0 110 217 502 394 
Vertex 395 distance 17
0 374 604 586 35 218 263 395 
Vertex 396 distance 8
0 374 604 586 396 
Vertex 397 distance 11
0 374 604 266 136 397 
Vertex 398 distance 17
0 374 604 586 35 447 398 
Vertex 399 distance 19
0 374 604 266 136 397 120 411 399 
Vertex 400 distance 13
0 110 105 400 
Vertex 401 distance 15
0 374 604 266 403 477 401 
Vertex 402 distance 21
0 374 165 402 
Vertex 403 distance 13
0 374 604 266 403 
Vertex 404 distance 16
0 374 604 586 267 416 632 404 
Vertex 405 distance 26
0 462 453 523 415 405 
Vertex 406 distance 15
0 374 604 266 403 477 406 
Vertex 407 distance 21
0 374 604 586 267 416 223 31 359 407 
Vertex 408 distance 21
0 374 604 266 136 397 265 408 
Vertex 409 distance 22
0 374 60 539 283 618 409 
Vertex 410 distance 35
0 374 604 586 267 177 226 275 148 605 410 
Vertex 411 distance 17
0 374 604 266 136 397 120 411 
Vertex 412 distance 18
0 374 604 586 267 177 182 412 
Vertex 413 distance 18
0 374 604 586 267 177 226 275 261 413 
Vertex 414 distance 12
0 110 414 
Vertex 415 distance 17
0 462 453 523 415 
Vertex 416 distance 9
0 374 604 586 267 416 
Vertex 417 distance 13
0 374 604 586 35 389 417 
Vertex 418 distance 14
0 97 418 
Vertex 419 distance 16
0 462 317 20 419 
Vertex 420 distance 19
0 374 604 266 202 420 
Vertex 421 distance 22
0 462 317 458 321 421 
Vertex 422 distance 10
0 374 604 266 422 
Vertex 423 distance 16
0 374 604 586 35 447 585 61 423 
Vertex 424 distance 17
0 374 604 586 267 416 169 239 242 479 424 
Vertex 425 distance 15
0 374 60 39 425 
Vertex 426 distance 20
0 374 604 266 10 113 570 587 426 
Vertex 427 distance 20
0 462 317 626 427 
Vertex 428 distance 18
0 374 60 39 425 531 428 
Vertex 429 distance 21
0 374 604 266 10 113 570 490 429 
Vertex 430 distance 18
0 374 604 586 267 416 169 239 253 312 430 
Vertex 431 distance 19
0 110 105 400 21 568 431 
Vertex 432 distance 12
0 374 604 586 35 447 125 432 
Vertex 433 distance 16
0 374 604 586 267 433 
Vertex 434 distance 25
0 374 604 586 267 416 632 434 
Vertex 435 distance 23
0 374 604 586 35 447 585 510 435 
Vertex 436 distance 23
0 374 604 266 403 477 406 166 436 
Vertex 437 distance 22
0 374 604 586 35 218 263 79 437 
Vertex 438 distance 19
0 374 604 586 35 528 123 438 
Vertex 439 distance 14
0 110 217 439 
Vertex 440 distance 19
0 374 604 266 136 397 228 617 466 440 
Vertex 441 distance 20
0 374 604 266 136 441 
Vertex 442 distance 21
0 374 604 266 136 496 149 442 
Vertex 443 distance 21
0 374 604 586 35 98 577 443 
Vertex 444 distance 12
0 374 604 586 267 177 444 
Vertex 445 distance 19
0 374 604 586 35 389 417 445 
Vertex 446 distance 18
0 374 604 586 267 177 226 153 446 
Vertex 447 distance 10
0 374 604 586 35 447 
Vertex 448 distance 20
0 374 165 303 27 448 
Vertex 449 distance 19
0 462 317 626 449 
Vertex 450 distance 19
0 110 105 470 257 450 
Vertex 451 distance 21
0 374 604 586 267 177 451 
Vertex 452 distance 26
0 374 604 586 267 177 541 452 
Vertex 453 distance 9
0 462 453 
Vertex 454 distance 17
0 374 604 586 35 112 75 335 454 
Vertex 455 distance 17
0 374 604 586 267 177 176 36 455 
Vertex 456 distance 22
0 374 60 539 475 456 
Vertex 457 distance 14
0 374 369 457 
Vertex 458 distance 14
0 462 317 458 
Vertex 459 distance 23
0 374 604 586 35 389 417 445 73 459 
Vertex 460 distance 16
0 110 460 
Vertex 461 distance 19
0 374 578 461 
Vertex 462 distance 8
0 462 
Vertex 463 distance 18
0 462 317 108 463 
Vertex 464 distance 18
0 97 464 
Vertex 465 distance 23
0 374 604 586 35 112 69 33 465 
Vertex 466 distance 18
0 374 604 266 136 397 228 617 466 
Vertex 467 distance 20
0 374 604 266 10 113 467 
Vertex 468 distance 15
0 110 217 468 
Vertex 469 distance 22
0 110 105 400 21 469 
Vertex 470 distance 13
0 110 105 470 
Vertex 471 distance 16
0 110 105 470 471 
Vertex 472 distance 23
0 374 604 266 136 397 265 163 472 
Vertex 473 distance 20
0 374 604 266 422 29 473 
Vertex 474 distance 16
0 374 604 586 35 447 585 61 474 
Vertex 475 distance 20
0 374 60 539 475 
Vertex 476 distance 21
0 110 217 580 12 476 
Vertex 477 distance 14
0 374 604 266 403 477 
Vertex 478 distance 17
0 374 165 606 478 
Vertex 479 distance 15
0 374 604 586 267 416 169 239 242 479 
Vertex 480 distance 22
0 374 604 586 267 177 226 275 480 
Vertex 481 distance 21
0 374 604 586 35 389 59 481 
Vertex 482 distance 18
0 374 604 586 267 416 360 138 637 482 
Vertex 483 distance 19
0 374 604 586 35 389 417 358 534 483 
Vertex 484 distance 14
0 110 484 
Vertex 485 distance 18
0 110 105 400 142 485 
Vertex 486 distance 15
0 462 317 626 613 486 
Vertex 487 distance 18
0 374 604 266 136 397 228 617 603 487 
Vertex 488 distance 28
0 374 604 266 202 260 488 
Vertex 489 distance 20
0 374 369 347 328 489 
Vertex 490 distance 16
0 374 604 266 10 113 570 490 
Vertex 491 distance 15
0 374 604 586 35 528 331 491 
Vertex 492 distance 14
0 374 604 586 267 416 180 492 
Vertex 493 distance 17
0 374 604 586 35 218 493 
Vertex 494 distance 24
0 374 604 586 267 177 226 227 494 
Vertex 495 distance 19
0 374 604 266 495 
Vertex 496 distance 12
0 374 604 266 136 496 
Vertex 497 distance 24
0 374 604 266 10 137 326 497 
Vertex 498 distance 23
0 374 604 586 267 416 169 245 498 
Vertex 499 distance 17
0 374 604 586 35 389 417 269 499 
Vertex 500 distance 18
0 110 105 400 142 500 
Vertex 501 distance 19
0 374 604 266 422 29 501 
Vertex 502 distance 13
0 110 217 502 
Vertex 503 distance 19
0 374 604 586 396 503 
Vertex 504 distance 23
0 374 604 266 10 49 504 
Vertex 505 distance 17
0 374 165 161 505 
Vertex 506 distance 22
0 374 604 266 145 506 
Vertex 507 distance 19
0 110 287 507 
Vertex 508 distance 24
0 374 604 266 10 113 508 
Vertex 509 distance 15
0 374 604 266 183 509 
Vertex 510 distance 19
0 374 604 586 35 447 585 510 
Vertex 511 distance 16
0 374 604 586 267 177 226 275 117 511 
Vertex 512 distance 20
0 374 604 586 267 177 226 275 117 511 512 
Vertex 513 distance 16
0 462 453 523 513 
Vertex 514 distance 16
0 374 604 586 35 528 514 
Vertex 515 distance 19
0 374 604 266 10 340 515 
Vertex 516 distance 23
0 374 604 324 248 516 
Vertex 517 distance 18
0 374 604 586 267 177 176 517 
Vertex 518 distance 15
0 374 165 303 518 
Vertex 519 distance 17
0 110 217 468 519 
Vertex 520 distance 16
0 374 604 586 267 416 632 520 
Vertex 521 distance 20
0 374 60 39 425 531 521 
Vertex 522 distance 20
0 374 604 586 267 177 176 36 387 28 522 
Vertex 523 distance 10
0 462 453 523 
Vertex 524 distance 23
0 374 604 586 35 389 417 269 524 
Vertex 525 distance 19
0 462 317 458 525 
Vertex 526 distance 21
0 374 604 266 136 17 526 
Vertex 527 distance 17
0 374 604 266 136 397 228 617 527 
Vertex 528 distance 10
0 374 604 586 35 528 
Vertex 529 distance 15
0 374 604 586 267 177 226 529 
Vertex 530 distance 23
0 374 578 530 
Vertex 531 distance 16
0 374 60 39 425 531 
Vertex 532 distance 19
0 462 317 458 279 532 
Vertex 533 distance 18
0 374 604 586 35 389 59 251 533 
Vertex 534 distance 18
0 374 604 586 35 389 417 358 534 
Vertex 535 distance 20
0 374 604 266 136 397 120 411 391 535 
Vertex 536 distance 16
0 110 217 439 536 
Vertex 537 distance 24
0 374 604 586 35 389 417 269 499 537 
Vertex 538 distance 17
0 462 453 523 538 
Vertex 539 distance 16
0 374 60 539 
Vertex 540 distance 19
0 110 217 502 575 540 
Vertex 541 distance 14
0 374 604 586 267 177 541 
Vertex 542 distance 19
0 374 604 586 267 177 176 542 
Vertex 543 distance 22
0 374 604 586 267 416 169 239 242 479 543 
Vertex 544 distance 16
0 374 604 586 35 389 417 544 
Vertex 545 distance 20
0 374 604 586 267 433 545 
Vertex 546 distance 18
0 374 604 266 403 477 401 546 
Vertex 547 distance 24
0 374 604 586 267 416 360 624 590 547 
Vertex 548 distance 22
0 374 604 266 136 17 526 548 
Vertex 549 distance 16
0 374 604 586 35 218 549 
Vertex 550 distance 15
0 374 604 266 136 496 550 
Vertex 551 distance 20
0 110 105 470 257 551 
Vertex 552 distance 15
0 110 105 470 552 
Vertex 553 distance 19
0 374 604 586 35 112 75 335 553 
Vertex 554 distance 22
0 374 369 347 89 68 554 
Vertex 555 distance 20
0 110 105 400 21 568 555 
Vertex 556 distance 18
0 374 604 586 267 177 226 227 556 
Vertex 557 distance 18
0 374 604 266 136 496 367 557 
Vertex 558 distance 27
0 374 60 39 116 558 
Vertex 559 distance 17
0 374 604 266 559 
Vertex 560 distance 18
0 374 60 39 116 560 
Vertex 561 distance 16
0 374 604 586 267 416 169 239 242 316 561 
Vertex 562 distance 18
0 374 604 586 35 112 75 308 562 
Vertex 563 distance 15
0 374 604 586 267 177 444 563 
Vertex 564 distance 22
0 462 317 626 274 313 221 564 
Vertex 565 distance 19
0 374 604 586 35 528 514 565 
Vertex 566 distance 17
0 374 604 266 10 137 566 
Vertex 567 distance 24
0 110 460 592 567 
Vertex 568 distance 18
0 110 105 400 21 568 
Vertex 569 distance 22
0 110 105 400 247 569 
Vertex 570 distance 14
0 374 604 266 10 113 570 
Vertex 571 distance 19
0 110 217 502 575 571 
Vertex 572 distance 29
0 374 604 586 396 572 
Vertex 573 distance 20
0 374 604 266 145 54 573 
Vertex 574 distance 18
0 374 604 586 267 177 226 275 574 
Vertex 575 distance 15
0 110 217 502 575 
Vertex 576 distance 14
0 462 453 523 576 
Vertex 577 distance 17
0 374 604 586 35 98 577 
Vertex 578 distance 14
0 374 578 
Vertex 579 distance 25
0 97 464 382 579 
Vertex 580 distance 14
0 110 217 580 
Vertex 581 distance 20
0 374 604 586 267 177 226 153 581 
Vertex 582 distance 23
0 462 317 20 582 
Vertex 583 distance 25
0 110 217 439 174 235 583 
Vertex 584 distance 20
0 374 604 586 267 177 226 227 584 
Vertex 585 distance 14
0 374 604 586 35 447 585 
Vertex 586 distance 7
0 374 604 586 
Vertex 587 distance 15
0 374 604 266 10 113 570 587 
Vertex 588 distance 20
0 374 604 266 403 189 593 588 
Vertex 589 distance 23
0 374 604 266 136 397 278 140 589 
Vertex 590 distance 20
0 374 604 586 267 416 360 624 590 
Vertex 591 distance 20
0 374 604 586 267 416 591 
Vertex 592 distance 22
0 110 460 592 
Vertex 593 distance 19
0 374 604 266 403 189 593 
Vertex 594 distance 18
0 374 604 586 267 416 360 138 594 
Vertex 595 distance 22
0 374 604 586 35 447 585 595 
Vertex 596 distance 21
0 110 217 468 596 
Vertex 597 distance 17
0 374 604 586 35 389 59 92 597 
Vertex 598 distance 17
0 462 317 20 598 
Vertex 599 distance 22
0 374 604 266 136 397 120 411 391 599 
Vertex 600 distance 18
0 374 604 586 35 389 417 93 600 
Vertex 601 distance 14
0 462 453 601 
Vertex 602 distance 15
0 374 604 266 422 602 
Vertex 603 distance 16
0 374 604 266 136 397 228 617 603 
Vertex 604 distance 6
0 374 604 
Vertex 605 distance 24
0 374 604 586 267 177 226 275 148 605 
Vertex 606 distance 16
0 374 165 606 
Vertex 607 distance 25
0 462 453 523 513 607 
Vertex 608 distance 18
0 110 287 608 
Vertex 609 distance 21
0 462 453 523 415 222 609 
Vertex 610 distance 20
0 110 217 580 610 
Vertex 611 distance 22
0 374 604 266 136 397 611 
Vertex 612 distance 19
0 374 604 586 267 416 169 239 242 316 561 612 
Vertex 613 distance 13
0 462 317 626 613 
Vertex 614 distance 17
0 374 604 586 35 447 585 61 614 
Vertex 615 distance 18
0 374 604 586 35 447 125 432 64 615 
Vertex 616 distance 20
0 374 604 586 267 416 169 239 242 316 561 616 
Vertex 617 distance 14
0 374 604 266 136 397 228 617 
Vertex 618 distance 18
0 374 60 539 283 618 
Vertex 619 distance 20
0 374 604 586 35 447 125 432 231 619 
Vertex 620 distance 20
0 462 317 458 279 625 620 
Vertex 621 distance 17
0 110 414 621 
Vertex 622 distance 17
0 374 604 586 267 177 226 275 622 
Vertex 623 distance 16
0 374 604 586 35 389 417 269 623 
Vertex 624 distance 16
0 374 604 586 267 416 360 624 
Vertex 625 distance 19
0 462 317 458 279 625 
Vertex 626 distance 12
0 462 317 626 
Vertex 627 distance 22
0 374 165 303 281 190 627 
Vertex 628 distance 20
0 374 604 586 267 416 169 239 242 479 424 628 
Vertex 629 distance 23
0 374 604 266 10 137 326 629 
Vertex 630 distance 23
0 110 105 400 198 630 
Vertex 631 distance 15
0 374 604 586 267 416 169 239 242 631 
Vertex 632 distance 15
0 374 604 586 267 416 632 
Vertex 633 distance 17
0 374 604 586 267 177 444 563 633 
Vertex 634 distance 18
0 374 604 586 267 416 169 239 242 479 634 
Vertex 635 distance 17
0 110 217 468 635 
Vertex 636 distance 10
0 110 636 
Vertex 637 distance 17
0 374 604 586 267 416 360 138 637 
Vertex 638 distance 21
0 374 604 266 136 311 86 638 
Vertex 639 distance 22
0 374 604 266 136 397 265 163 639 
