Vertex 0 distance 0
0 0 
Vertex 1 distance 30
0 171 31 580 424 434 307 1 
Vertex 2 distance 27
0 171 31 580 424 281 26 254 15 2 
Vertex 3 distance 24
0 171 31 580 548 120 637 514 3 
Vertex 4 distance 18
0 171 31 580 424 245 538 299 4 
Vertex 5 distance 31
0 171 228 18 312 95 465 5 
Vertex 6 distance 31
0 171 31 580 548 102 90 6 
Vertex 7 distance 18
0 171 228 7 
Vertex 8 distance 22
0 171 93 606 128 8 
Vertex 9 distance 17
0 171 31 580 424 429 16 9 
Vertex 10 distance 31
0 171 93 284 264 220 143 211 10 
Vertex 11 distance 26
0 171 31 580 548 120 526 11 
Vertex 12 distance 24
0 614 602 454 383 12 
Vertex 13 distance 21
0 171 65 484 13 
Vertex 14 distance 27
0 304 14 
Vertex 15 distance 21
0 171 31 580 424 281 26 254 15 
Vertex 16 distance 12
0 171 31 580 424 429 16 
Vertex 17 distance 19
0 171 31 580 424 281 17 
Vertex 18 distance 8
0 171 228 18 
Vertex 19 distance 24
0 171 31 580 548 29 504 584 150 19 
Vertex 20 distance 24
0 304 352 268 60 20 
Vertex 21 distance 25
0 171 31 580 548 29 504 408 467 21 
Vertex 22 distance 23
0 171 31 580 424 281 204 22 
Vertex 23 distance 36
0 608 639 540 527 496 326 451 316 23 
Vertex 24 distance 24
0 446 24 
Vertex 25 distance 35
0 171 31 580 424 281 394 140 483 25 
Vertex 26 distance 15
0 171 31 580 424 281 26 
Vertex 27 distance 31
0 171 82 480 376 348 27 
Vertex 28 distance 20
0 171 228 28 
Vertex 29 distance 12
0 171 31 580 548 29 
Vertex 30 distance 22
0 171 31 236 561 30 
Vertex 31 distance 4
0 171 31 
Vertex 32 distance 20
0 171 93 606 32 
Vertex 33 distance 23
0 171 31 580 424 429 16 233 322 165 33 
Vertex 34 distance 31
0 171 228 152 89 131 302 34 
Vertex 35 distance 25
0 171 31 580 424 245 538 299 4 35 
Vertex 36 distance 31
0 171 31 580 424 245 538 299 161 184 191 36 
Vertex 37 distance 30
0 171 182 37 
Vertex 38 distance 25
0 171 31 580 548 29 504 408 297 38 
Vertex 39 distance 29
0 171 82 61 159 39 
Vertex 40 distance 28
0 171 82 61 159 40 
Vertex 41 distance 15
0 171 31 580 548 41 
Vertex 42 distance 22
0 614 602 201 42 
Vertex 43 distance 16
0 171 228 75 43 
Vertex 44 distance 25
0 171 93 606 32 44 
Vertex 45 distance 28
0 171 31 580 548 29 504 408 297 38 542 45 
Vertex 46 distance 17
0 171 65 438 318 172 46 
Vertex 47 distance 25
0 171 65 438 590 286 177 47 
Vertex 48 distance 27
0 171 65 438 318 172 48 
Vertex 49 distance 28
0 171 31 580 424 245 49 
Vertex 50 distance 20
0 171 93 284 264 220 377 524 50 
Vertex 51 distance 33
0 171 65 438 318 172 46 292 539 51 
Vertex 52 distance 31
0 171 31 580 424 429 16 233 52 
Vertex 53 distance 28
0 555 276 53 
Vertex 54 distance 39
0 171 228 229 136 54 
Vertex 55 distance 20
0 171 31 580 424 429 16 9 55 
Vertex 56 distance 20
0 56 
Vertex 57 distance 39
0 171 31 580 424 178 57 
Vertex 58 distance 44
0 171 228 18 358 517 58 
Vertex 59 distance 35
0 171 31 580 548 29 504 408 297 38 542 59 
Vertex 60 distance 23
0 304 352 268 60 
Vertex 61 distance 17
0 171 82 61 
Vertex 62 distance 33
0 171 93 284 264 603 192 62 
Vertex 63 distance 26
0 171 31 580 424 281 26 63 
Vertex 64 distance 34
0 171 228 7 64 
Vertex 65 distance 8
0 171 65 
Vertex 66 distance 23
0 171 31 580 548 102 66 
Vertex 67 distance 17
0 171 82 480 376 67 
Vertex 68 distance 32
0 171 31 580 548 41 68 
Vertex 69 distance 18
0 267 69 
Vertex 70 distance 46
0 171 93 284 70 
Vertex 71 distance 30
0 171 31 580 424 429 16 233 322 165 33 71 
Vertex 72 distance 21
0 171 31 236 509 72 
Vertex 73 distance 39
0 171 31 580 424 245 538 299 161 184 73 
Vertex 74 distance 24
0 171 31 580 424 429 205 384 74 
Vertex 75 distance 15
0 171 228 75 
Vertex 76 distance 32
0 171 82 61 544 478 76 
Vertex 77 distance 19
0 171 82 61 195 77 
Vertex 78 distance 26
0 171 93 284 308 78 
Vertex 79 distance 22
0 304 369 79 
Vertex 80 distance 21
0 171 82 480 80 
Vertex 81 distance 22
0 171 31 580 424 429 205 81 
Vertex 82 distance 12
0 171 82 
Vertex 83 distance 30
0 614 188 219 174 83 
Vertex 84 distance 32
0 171 31 580 424 281 394 301 634 474 84 
Vertex 85 distance 23
0 614 188 404 85 
Vertex 86 distance 27
0 171 82 480 376 67 628 88 86 
Vertex 87 distance 31
0 171 228 91 100 625 371 87 
Vertex 88 distance 26
0 171 82 480 376 67 628 88 
Vertex 89 distance 22
0 171 228 152 89 
Vertex 90 distance 25
0 171 31 580 548 102 90 
Vertex 91 distance 16
0 171 228 91 
Vertex 92 distance 22
0 171 31 580 424 281 394 97 92 
Vertex 93 distance 5
0 171 93 
Vertex 94 distance 27
0 171 228 75 321 94 
Vertex 95 distance 17
0 171 228 18 312 95 
Vertex 96 distance 28
0 171 65 438 318 172 46 118 259 96 
Vertex 97 distance 21
0 171 31 580 424 281 394 97 
Vertex 98 distance 29
0 171 93 284 186 456 532 98 
Vertex 99 distance 30
0 614 602 454 99 
Vertex 100 distance 17
0 171 228 91 100 
Vertex 101 distance 16
0 614 602 271 101 
Vertex 102 distance 11
0 171 31 580 548 102 
Vertex 103 distance 30
0 608 411 444 533 103 
Vertex 104 distance 24
0 171 31 236 561 30 104 
Vertex 105 distance 31
0 304 330 105 
Vertex 106 distance 24
0 171 31 580 440 106 
Vertex 107 distance 25
0 171 31 580 424 429 205 431 107 
Vertex 108 distance 18
0 171 31 580 108 
Vertex 109 distance 55
0 171 228 75 321 94 109 
Vertex 110 distance 25
0 171 31 580 424 281 394 303 620 545 110 
Vertex 111 distance 16
0 171 228 75 111 
Vertex 112 distance 22
0 112 
Vertex 113 distance 28
0 171 93 284 264 220 377 113 
Vertex 114 distance 42
0 171 93 284 176 114 
Vertex 115 distance 17
0 171 31 580 424 245 538 299 161 115 
Vertex 116 distance 29
0 171 31 236 561 30 462 116 
Vertex 117 distance 35
0 171 93 284 264 220 377 524 117 
Vertex 118 distance 22
0 171 65 438 318 172 46 118 
Vertex 119 distance 19
0 171 31 580 548 29 132 119 
Vertex 120 distance 8
0 171 31 580 548 120 
Vertex 121 distance 22
0 171 31 580 424 281 549 121 
Vertex 122 distance 30
0 171 82 61 159 122 
Vertex 123 distance 30
0 171 31 580 548 120 637 453 123 
Vertex 124 distance 29
0 171 31 580 548 29 504 124 
Vertex 125 distance 28
0 171 31 580 424 245 538 299 161 115 125 
Vertex 126 distance 25
0 171 228 152 89 131 126 
Vertex 127 distance 32
0 171 93 284 264 603 192 127 
Vertex 128 distance 18
0 171 93 606 128 
Vertex 129 distance 32
0 171 228 18 358 517 129 
Vertex 130 distance 28
0 171 31 580 548 120 526 11 130 
Vertex 131 distance 23
0 171 228 152 89 131 
Vertex 132 distance 13
0 171 31 580 548 29 132 
Vertex 133 distance 24
0 171 93 606 173 133 
Vertex 134 distance 30
0 171 93 606 128 8 266 134 
Vertex 135 distance 20
0 171 31 580 424 429 16 257 135 
Vertex 136 distance 31
0 171 228 229 136 
Vertex 137 distance 23
0 171 31 580 421 137 
Vertex 138 distance 30
0 171 31 580 548 120 637 514 138 
Vertex 139 distance 34
0 171 65 139 
Vertex 140 distance 15
0 171 31 580 424 281 394 140 
Vertex 141 distance 31
0 171 31 580 424 429 16 141 
Vertex 142 distance 23
0 171 65 484 142 
Vertex 143 distance 20
0 171 93 284 264 220 143 
Vertex 144 distance 26
0 171 31 580 548 120 637 453 144 
Vertex 145 distance 16
0 171 65 438 590 145 
Vertex 146 distance 19
0 171 31 580 548 146 
Vertex 147 distance 31
0 171 31 580 424 281 17 147 
Vertex 148 distance 24
0 171 31 580 548 120 526 148 
Vertex 149 distance 23
0 171 31 580 424 281 26 254 149 
Vertex 150 distance 19
0 171 31 580 548 29 504 584 150 
Vertex 151 distance 26
0 171 31 580 424 281 26 254 149 151 
Vertex 152 distance 16
0 171 228 152 
Vertex 153 distance 29
0 171 65 438 590 502 153 
Vertex 154 distance 22
0 171 31 580 424 429 16 233 322 165 154 
Vertex 155 distance 20
0 171 65 438 590 613 155 
Vertex 156 distance 32
0 171 31 580 548 29 504 124 156 
Vertex 157 distance 35
0 171 31 580 424 245 598 157 
Vertex 158 distance 24
0 171 228 152 89 158 
Vertex 159 distance 21
0 171 82 61 159 
Vertex 160 distance 25
0 171 82 480 160 
Vertex 161 distance 16
0 171 31 580 424 245 538 299 161 
Vertex 162 distance 23
0 171 31 580 424 429 16 233 322 162 
Vertex 163 distance 35
0 171 31 580 424 429 205 384 74 163 
Vertex 164 distance 28
0 171 31 236 561 164 
Vertex 165 distance 20
0 171 31 580 424 429 16 233 322 165 
Vertex 166 distance 33
0 171 31 580 548 120 637 514 138 166 
Vertex 167 distance 41
0 171 228 18 312 278 167 
Vertex 168 distance 22
0 608 639 168 
Vertex 169 distance 31
0 171 93 284 264 603 192 169 
Vertex 170 distance 25
0 171 93 284 170 
Vertex 171 distance 2
0 171 
Vertex 172 distance 16
0 171 65 438 318 172 
Vertex 173 distance 22
0 171 93 606 173 
Vertex 174 distance 23
0 614 188 219 174 
Vertex 175 distance 32
0 171 31 580 108 430 175 
Vertex 176 distance 21
0 171 93 284 176 
Vertex 177 distance 24
0 171 65 438 590 286 177 
Vertex 178 distance 27
0 171 31 580 424 178 
Vertex 179 distance 25
0 171 31 580 424 429 205 179 
Vertex 180 distance 29
0 171 82 480 376 67 628 88 180 
Vertex 181 distance 36
0 171 31 580 424 245 538 189 181 
Vertex 182 distance 26
0 171 182 
Vertex 183 distance 20
0 171 228 75 183 
Vertex 184 distance 18
0 171 31 580 424 245 538 299 161 184 
Vertex 185 distance 26
0 171 82 480 376 187 185 
Vertex 186 distance 18
0 171 93 284 186 
Vertex 187 distance 23
0 171 82 480 376 187 
Vertex 188 distance 12
0 614 188 
Vertex 189 distance 19
0 171 31 580 424 245 538 189 
Vertex 190 distance 29
0 171 31 580 424 245 190 
Vertex 191 distance 24
0 171 31 580 424 245 538 299 161 184 191 
Vertex 192 distance 30
0 171 93 284 264 603 192 
Vertex 193 distance 38
0 171 82 480 376 67 628 88 193 
Vertex 194 distance 20
0 171 31 580 548 102 379 197 194 
Vertex 195 distance 18
0 171 82 61 195 
Vertex 196 distance 31
0 171 93 284 264 220 143 211 196 
Vertex 197 distance 18
0 171 31 580 548 102 379 197 
Vertex 198 distance 15
0 171 31 580 424 198 
Vertex 199 distance 35
0 171 82 480 376 348 199 
Vertex 200 distance 18
0 614 607 200 
Vertex 201 distance 20
0 614 602 201 
Vertex 202 distance 20
0 171 93 284 264 220 377 202 
Vertex 203 distance 30
0 614 607 200 203 
Vertex 204 distance 12
0 171 31 580 424 281 204 
Vertex 205 distance 16
0 171 31 580 424 429 205 
Vertex 206 distance 21
0 171 31 236 206 
Vertex 207 distance 18
0 171 31 580 424 281 394 356 207 
Vertex 208 distance 36
0 171 31 580 548 120 637 551 208 
Vertex 209 distance 27
0 614 602 271 452 393 519 581 209 
Vertex 210 distance 18
0 171 31 580 548 102 237 210 
Vertex 211 distance 25
0 171 93 284 264 220 143 211 
Vertex 212 distance 27
0 171 31 236 509 212 
Vertex 213 distance 37
0 614 602 454 617 213 
Vertex 214 distance 13
0 304 330 214 
Vertex 215 distance 29
0 171 31 580 424 245 538 299 215 
Vertex 216 distance 28
0 608 639 540 224 216 
Vertex 217 distance 27
0 171 228 18 312 278 432 217 
Vertex 218 distance 34
0 614 602 218 
Vertex 219 distance 21
0 614 188 219 
Vertex 220 distance 13
0 171 93 284 264 220 
Vertex 221 distance 28
0 171 31 580 424 429 16 233 322 333 221 
Vertex 222 distance 29
0 171 31 236 206 568 222 
Vertex 223 distance 26
0 339 223 
Vertex 224 distance 25
0 608 639 540 224 
Vertex 225 distance 21
0 171 228 18 312 278 432 225 
Vertex 226 distance 22
0 171 31 580 548 29 504 226 
Vertex 227 distance 25
0 267 227 
Vertex 228 distance 3
0 171 228 
Vertex 229 distance 22
0 171 228 229 
Vertex 230 distance 27
0 171 31 580 424 434 230 
Vertex 231 distance 35
0 614 602 454 383 328 231 
Vertex 232 distance 24
0 171 65 438 590 232 
Vertex 233 distance 16
0 171 31 580 424 429 16 233 
Vertex 234 distance 25
0 171 65 438 590 613 155 530 234 
Vertex 235 distance 32
0 171 31 580 424 429 16 9 55 235 
Vertex 236 distance 5
0 171 31 236 
Vertex 237 distance 16
0 171 31 580 548 102 237 
Vertex 238 distance 35
0 171 31 580 424 245 538 299 161 238 
Vertex 239 distance 41
0 171 93 606 32 44 239 
Vertex 240 distance 35
0 342 240 
Vertex 241 distance 23
0 171 31 580 424 245 538 299 161 241 
Vertex 242 distance 39
0 171 31 580 407 242 
Vertex 243 distance 22
0 171 65 438 590 243 
Vertex 244 distance 24
0 171 65 438 318 172 46 118 244 
Vertex 245 distance 12
0 171 31 580 424 245 
Vertex 246 distance 28
0 304 352 268 60 246 
Vertex 247 distance 15
0 304 330 214 247 
Vertex 248 distance 20
0 171 31 580 548 475 248 
Vertex 249 distance 17
0 171 65 438 249 
Vertex 250 distance 34
0 171 31 250 
Vertex 251 distance 26
0 171 31 580 548 29 504 251 
Vertex 252 distance 42
0 171 93 606 386 252 
Vertex 253 distance 28
0 171 31 580 548 102 237 210 253 
Vertex 254 distance 17
0 171 31 580 424 281 26 254 
Vertex 255 distance 20
0 171 228 91 100 255 
Vertex 256 distance 26
0 614 188 404 313 256 
Vertex 257 distance 15
0 171 31 580 424 429 16 257 
Vertex 258 distance 26
0 171 31 580 108 258 
Vertex 259 distance 27
0 171 65 438 318 172 46 118 259 
Vertex 260 distance 30
0 171 31 580 424 429 16 233 364 260 
Vertex 261 distance 24
0 608 639 540 527 496 326 451 261 
Vertex 262 distance 29
0 171 31 580 424 281 394 97 262 
Vertex 263 distance 18
0 171 31 580 424 429 263 
Vertex 264 distance 12
0 171 93 284 264 
Vertex 265 distance 25
0 171 31 580 108 498 265 
Vertex 266 distance 23
0 171 93 606 128 8 266 
Vertex 267 distance 15
0 267 
Vertex 268 distance 16
0 304 352 268 
Vertex 269 distance 25
0 608 639 540 527 496 326 451 261 269 
Vertex 270 distance 25
0 171 31 270 
Vertex 271 distance 14
0 614 602 271 
Vertex 272 distance 31
0 171 65 438 590 286 177 47 272 
Vertex 273 distance 35
0 171 31 580 548 41 329 273 
Vertex 274 distance 32
0 614 188 404 313 274 
Vertex 275 distance 23
0 614 275 
Vertex 276 distance 26
0 555 276 
Vertex 277 distance 39
0 171 31 580 108 498 277 
Vertex 278 distance 19
0 171 228 18 312 278 
Vertex 279 distance 26
0 171 31 580 289 279 
Vertex 280 distance 26
0 171 65 438 590 280 
Vertex 281 distance 8
0 171 31 580 424 281 
Vertex 282 distance 15
0 171 82 282 
Vertex 283 distance 29
0 614 602 271 452 393 519 581 209 283 
Vertex 284 distance 9
0 171 93 284 
Vertex 285 distance 22
0 171 31 580 424 245 538 299 161 115 285 
Vertex 286 distance 18
0 171 65 438 590 286 
Vertex 287 distance 21
0 171 31 580 548 120 637 287 
Vertex 288 distance 18
0 171 31 580 424 245 538 299 161 288 
Vertex 289 distance 9
0 171 31 580 289 
Vertex 290 distance 34
0 171 93 382 290 
Vertex 291 distance 36
0 171 65 438 318 291 
Vertex 292 distance 23
0 171 65 438 318 172 46 292 
Vertex 293 distance 28
0 446 24 293 
Vertex 294 distance 26
0 171 65 438 590 613 155 530 234 294 
Vertex 295 distance 24
0 171 93 606 173 335 295 
Vertex 296 distance 29
0 171 228 91 296 
Vertex 297 distance 20
0 171 31 580 548 29 504 408 297 
Vertex 298 distance 28
0 171 31 236 298 
Vertex 299 distance 15
0 171 31 580 424 245 538 299 
Vertex 300 distance 35
0 171 31 580 548 102 379 554 357 557 300 
Vertex 301 distance 18
0 171 31 580 424 281 394 301 
Vertex 302 distance 28
0 171 228 152 89 131 302 
Vertex 303 distance 16
0 171 31 580 424 281 394 303 
Vertex 304 distance 9
0 304 
Vertex 305 distance 30
0 171 228 75 477 305 
Vertex 306 distance 28
0 171 93 606 128 8 632 306 
Vertex 307 distance 21
0 171 31 580 424 434 307 
Vertex 308 distance 24
0 171 93 284 308 
Vertex 309 distance 26
0 171 93 606 128 8 266 309 
Vertex 310 distance 30
0 171 31 580 424 429 16 233 322 165 154 457 310 
Vertex 311 distance 26
0 267 69 395 463 515 311 
Vertex 312 distance 14
0 171 228 18 312 
Vertex 313 distance 21
0 614 188 404 313 
Vertex 314 distance 22
0 171 31 580 424 245 538 299 161 115 314 
Vertex 315 distance 31
0 171 31 580 548 29 504 584 464 315 
Vertex 316 distance 35
0 608 639 540 527 496 326 451 316 
Vertex 317 distance 37
0 267 317 
Vertex 318 distance 15
0 171 65 438 318 
Vertex 319 distance 33
0 614 319 
Vertex 320 distance 20
0 171 65 438 590 613 320 
Vertex 321 distance 25
0 171 228 75 321 
Vertex 322 distance 19
0 171 31 580 424 429 16 233 322 
Vertex 323 distance 30
0 171 31 580 548 120 637 551 428 323 
Vertex 324 distance 30
0 614 602 454 324 
Vertex 325 distance 25
0 171 228 91 325 
Vertex 326 distance 22
0 608 639 540 527 496 326 
Vertex 327 distance 38
0 171 65 438 590 502 327 
Vertex 328 distance 28
0 614 602 454 383 328 
Vertex 329 distance 28
0 171 31 580 548 41 329 
Vertex 330 distance 12
0 304 330 
Vertex 331 distance 25
0 171 93 606 128 8 266 331 
Vertex 332 distance 38
0 614 188 332 
Vertex 333 distance 25
0 171 31 580 424 429 16 233 322 333 
Vertex 334 distance 20
0 171 31 580 334 
Vertex 335 distance 23
0 171 93 606 173 335 
Vertex 336 distance 30
0 267 69 395 463 336 
Vertex 337 distance 29
0 171 93 606 32 525 337 
Vertex 338 distance 20
0 614 602 271 338 
Vertex 339 distance 21
0 339 
Vertex 340 distance 27
0 171 93 284 308 78 340 
Vertex 341 distance 45
0 171 82 480 341 
Vertex 342 distance 25
0 342 
Vertex 343 distance 28
0 171 31 580 548 120 637 453 343 
Vertex 344 distance 36
0 171 31 580 424 429 16 233 52 344 
Vertex 345 distance 30
0 171 31 236 509 345 
Vertex 346 distance 28
0 171 82 480 346 
Vertex 347 distance 32
0 171 31 580 548 120 347 
Vertex 348 distance 29
0 171 82 480 376 348 
Vertex 349 distance 38
0 267 600 349 
Vertex 350 distance 30
0 171 228 91 100 350 
Vertex 351 distance 36
0 614 607 553 351 
Vertex 352 distance 13
0 304 352 
Vertex 353 distance 24
0 171 31 580 424 429 263 353 
Vertex 354 distance 37
0 171 228 18 358 517 129 354 
Vertex 355 distance 25
0 171 93 284 264 220 377 524 523 355 
Vertex 356 distance 17
0 171 31 580 424 281 394 356 
Vertex 357 distance 25
0 171 31 580 548 102 379 554 357 
Vertex 358 distance 21
0 171 228 18 358 
Vertex 359 distance 14
0 614 359 
Vertex 360 distance 20
0 171 228 91 360 
Vertex 361 distance 30
0 171 93 606 128 8 266 331 520 361 
Vertex 362 distance 25
0 171 31 580 548 29 504 408 362 
Vertex 363 distance 45
0 171 31 580 424 429 16 257 363 
Vertex 364 distance 20
0 171 31 580 424 429 16 233 364 
Vertex 365 distance 25
0 171 31 580 548 29 504 408 297 365 
Vertex 366 distance 25
0 171 31 580 289 366 
Vertex 367 distance 31
0 614 602 271 452 393 519 581 367 
Vertex 368 distance 24
0 171 93 284 264 220 143 368 
Vertex 369 distance 20
0 304 369 
Vertex 370 distance 24
0 171 228 91 100 255 370 
Vertex 371 distance 20
0 171 228 91 100 625 371 
Vertex 372 distance 21
0 171 228 75 43 372 
Vertex 373 distance 25
0 171 31 580 548 102 237 210 373 
Vertex 374 distance 21
0 171 31 580 548 102 379 197 374 
Vertex 375 distance 22
0 608 639 540 375 
Vertex 376 distance 16
0 171 82 480 376 
Vertex 377 distance 14
0 171 93 284 264 220 377 
Vertex 378 distance 26
0 171 31 580 424 281 394 303 378 
Vertex 379 distance 13
0 171 31 580 548 102 379 
Vertex 380 distance 20
0 171 31 580 424 281 204 380 
Vertex 381 distance 20
0 171 93 284 264 220 381 
Vertex 382 distance 20
0 171 93 382 
Vertex 383 distance 20
0 614 602 454 383 
Vertex 384 distance 18
0 171 31 580 424 429 205 384 
Vertex 385 distance 25
0 614 602 385 
Vertex 386 distance 27
0 171 93 606 386 
Vertex 387 distance 18
0 171 31 580 424 429 16 257 387 
Vertex 388 distance 30
0 339 403 388 
Vertex 389 distance 29
0 171 31 580 424 281 394 303 389 
Vertex 390 distance 27
0 614 602 201 390 
Vertex 391 distance 29
0 171 31 580 424 198 391 
Vertex 392 distance 25
0 171 228 75 43 372 392 
Vertex 393 distance 21
0 614 602 271 452 393 
Vertex 394 distance 11
0 171 31 580 424 281 394 
Vertex 395 distance 19
0 267 69 395 
Vertex 396 distance 31
0 555 396 
Vertex 397 distance 26
0 171 228 75 43 372 392 397 
Vertex 398 distance 32
0 171 82 480 346 398 
Vertex 399 distance 39
0 614 602 271 452 393 399 
Vertex 400 distance 22
0 304 330 214 247 422 400 
Vertex 401 distance 31
0 171 31 580 424 281 394 140 483 450 401 
Vertex 402 distance 30
0 171 228 75 477 402 
Vertex 403 distance 24
0 339 403 
Vertex 404 distance 18
0 614 188 404 
Vertex 405 distance 20
0 608 411 405 
Vertex 406 distance 35
0 171 31 580 548 102 379 197 406 
Vertex 407 distance 29
0 171 31 580 407 
Vertex 408 distance 18
0 171 31 580 548 29 504 408 
Vertex 409 distance 27
0 614 602 454 383 409 
Vertex 410 distance 42
0 171 65 438 590 280 410 
Vertex 411 distance 19
0 608 411 
Vertex 412 distance 30
0 171 31 580 424 245 538 299 412 
Vertex 413 distance 28
0 171 31 580 548 29 504 408 467 413 
Vertex 414 distance 22
0 171 31 580 424 429 16 9 547 414 
Vertex 415 distance 28
0 171 65 438 590 232 415 
Vertex 416 distance 26
0 171 31 580 424 245 538 299 4 416 
Vertex 417 distance 26
0 267 69 395 417 
Vertex 418 distance 34
0 171 65 438 318 172 46 292 418 
Vertex 419 distance 24
0 171 31 580 424 429 205 81 419 
Vertex 420 distance 40
0 339 403 388 420 
Vertex 421 distance 19
0 171 31 580 421 
Vertex 422 distance 19
0 304 330 214 247 422 
Vertex 423 distance 33
0 171 93 284 308 423 
Vertex 424 distance 7
0 171 31 580 424 
Vertex 425 distance 33
0 171 31 580 424 429 16 233 447 425 
Vertex 426 distance 35
0 171 31 236 206 568 222 426 
Vertex 427 distance 40
0 171 65 438 249 427 
Vertex 428 distance 26
0 171 31 580 548 120 637 551 428 
Vertex 429 distance 11
0 171 31 580 424 429 
Vertex 430 distance 21
0 171 31 580 108 430 
Vertex 431 distance 21
0 171 31 580 424 429 205 431 
Vertex 432 distance 20
0 171 228 18 312 278 432 
Vertex 433 distance 39
0 171 228 91 621 443 466 433 
Vertex 434 distance 17
0 171 31 580 424 434 
Vertex 435 distance 36
0 171 31 236 206 435 
Vertex 436 distance 31
0 171 31 580 424 429 16 233 322 333 436 
Vertex 437 distance 35
0 171 93 606 173 437 
Vertex 438 distance 14
0 171 65 438 
Vertex 439 distance 28
0 171 31 580 424 429 476 439 
Vertex 440 distance 21
0 171 31 580 440 
Vertex 441 distance 29
0 171 31 580 548 120 637 441 
Vertex 442 distance 31
0 171 228 449 528 442 
Vertex 443 distance 28
0 171 228 91 621 443 
Vertex 444 distance 22
0 608 411 444 
Vertex 445 distance 39
0 171 65 591 445 
Vertex 446 distance 8
0 446 
Vertex 447 distance 20
0 171 31 580 424 429 16 233 447 
Vertex 448 distance 29
0 171 93 284 264 220 377 524 50 560 448 
Vertex 449 distance 19
0 171 228 449 
Vertex 450 distance 27
0 171 31 580 424 281 394 140 483 450 
Vertex 451 distance 23
0 608 639 540 527 496 326 451 
Vertex 452 distance 20
0 614 602 271 452 
Vertex 453 distance 20
0 171 31 580 548 120 637 453 
Vertex 454 distance 18
0 614 602 454 
Vertex 455 distance 25
0 171 31 580 424 429 263 353 455 
Vertex 456 distance 19
0 171 93 284 186 456 
Vertex 457 distance 28
0 171 31 580 424 429 16 233 322 165 154 457 
Vertex 458 distance 32
0 555 276 458 
Vertex 459 distance 39
0 171 31 580 424 245 538 299 161 594 459 
Vertex 460 distance 28
0 171 65 438 249 585 460 
Vertex 461 distance 26
0 608 461 
Vertex 462 distance 26
0 171 31 236 561 30 462 
Vertex 463 distance 21
0 267 69 395 463 
Vertex 464 distance 21
0 171 31 580 548 29 504 584 464 
Vertex 465 distance 25
0 171 228 18 312 95 465 
Vertex 466 distance 29
0 171 228 91 621 443 466 
Vertex 467 distance 20
0 171 31 580 548 29 504 408 467 
Vertex 468 distance 29
0 171 31 580 424 281 394 301 634 599 468 
Vertex 469 distance 35
0 171 228 91 100 255 370 469 
Vertex 470 distance 25
0 171 31 580 424 281 549 559 470 
Vertex 471 distance 19
0 171 31 580 424 281 394 356 471 
Vertex 472 distance 41
0 608 639 540 527 496 472 
Vertex 473 distance 22
0 171 31 580 424 429 16 233 447 473 
Vertex 474 distance 29
0 171 31 580 424 281 394 301 634 474 
Vertex 475 distance 16
0 171 31 580 548 475 
Vertex 476 distance 27
0 171 31 580 424 429 476 
Vertex 477 distance 25
0 171 228 75 477 
Vertex 478 distance 28
0 171 82 61 544 478 
Vertex 479 distance 26
0 171 31 580 424 429 205 431 107 479 
Vertex 480 distance 15
0 171 82 480 
Vertex 481 distance 29
0 171 31 580 289 481 
Vertex 482 distance 32
0 171 31 580 548 29 504 408 362 482 
Vertex 483 distance 21
0 171 31 580 424 281 394 140 483 
Vertex 484 distance 10
0 171 65 484 
Vertex 485 distance 34
0 267 600 485 
Vertex 486 distance 25
0 171 31 580 424 429 205 486 
Vertex 487 distance 34
0 608 639 540 224 487 
Vertex 488 distance 28
0 171 31 580 424 429 16 9 547 414 488 
Vertex 489 distance 41
0 171 31 580 424 281 204 22 489 
Vertex 490 distance 25
0 608 639 490 
Vertex 491 distance 29
0 171 31 580 548 102 379 197 374 491 
Vertex 492 distance 42
0 608 639 540 527 496 472 492 
Vertex 493 distance 23
0 171 31 580 548 29 531 493 
Vertex 494 distance 24
0 171 82 61 195 494 
Vertex 495 distance 39
0 267 600 349 495 
Vertex 496 distance 21
0 608 639 540 527 496 
Vertex 497 distance 49
0 171 31 580 424 429 205 81 419 497 
Vertex 498 distance 19
0 171 31 580 108 498 
Vertex 499 distance 27
0 171 65 438 318 172 46 499 
Vertex 500 distance 23
0 112 500 
Vertex 501 distance 22
0 614 188 404 501 
Vertex 502 distance 22
0 171 65 438 590 502 
Vertex 503 distance 24
0 171 31 580 548 120 503 
Vertex 504 distance 14
0 171 31 580 548 29 504 
Vertex 505 distance 31
0 171 31 580 289 505 
Vertex 506 distance 32
0 171 31 580 424 281 549 559 506 
Vertex 507 distance 34
0 171 31 580 548 507 
Vertex 508 distance 26
0 171 93 606 128 508 
Vertex 509 distance 19
0 171 31 236 509 
Vertex 510 distance 34
0 171 82 480 346 510 
Vertex 511 distance 35
0 171 65 438 318 172 46 511 
Vertex 512 distance 26
0 171 228 91 100 255 370 512 
Vertex 513 distance 34
0 171 93 284 264 220 377 524 50 513 
Vertex 514 distance 22
0 171 31 580 548 120 637 514 
Vertex 515 distance 25
0 267 69 395 463 515 
Vertex 516 distance 40
0 171 93 284 308 78 516 
Vertex 517 distance 31
0 171 228 18 358 517 
Vertex 518 distance 30
0 171 82 282 518 
Vertex 519 distance 22
0 614 602 271 452 393 519 
Vertex 520 distance 28
0 171 93 606 128 8 266 331 520 
Vertex 521 distance 30
0 171 31 580 424 429 205 431 107 479 521 
Vertex 522 distance 44
0 171 82 61 544 522 
Vertex 523 distance 19
0 171 93 284 264 220 377 524 523 
Vertex 524 distance 17
0 171 93 284 264 220 377 524 
Vertex 525 distance 26
0 171 93 606 32 525 
Vertex 526 distance 20
0 171 31 580 548 120 526 
Vertex 527 distance 20
0 608 639 540 527 
Vertex 528 distance 27
0 171 228 449 528 
Vertex 529 distance 31
0 171 31 580 548 29 504 584 150 19 529 
Vertex 530 distance 24
0 171 65 438 590 613 155 530 
Vertex 531 distance 19
0 171 31 580 548 29 531 
Vertex 532 distance 27
0 171 93 284 186 456 532 
Vertex 533 distance 26
0 608 411 444 533 
Vertex 534 distance 19
0 171 65 438 590 534 
Vertex 535 distance 35
0 171 82 61 195 535 
Vertex 536 distance 34
0 171 228 75 321 536 
Vertex 537 distance 23
0 171 93 284 537 
Vertex 538 distance 14
0 171 31 580 424 245 538 
Vertex 539 distance 25
0 171 65 438 318 172 46 292 539 
Vertex 540 distance 18
0 608 639 540 
Vertex 541 distance 25
0 171 65 438 249 585 541 
Vertex 542 distance 27
0 171 31 580 548 29 504 408 297 38 542 
Vertex 543 distance 25
0 171 65 438 249 543 
Vertex 544 distance 18
0 171 82 61 544 
Vertex 545 distance 23
0 171 31 580 424 281 394 303 620 545 
Vertex 546 distance 21
0 171 228 75 111 546 
Vertex 547 distance 21
0 171 31 580 424 429 16 9 547 
Vertex 548 distance 7
0 171 31 580 548 
Vertex 549 distance 13
0 171 31 580 424 281 549 
Vertex 550 distance 27
0 171 93 284 264 220 550 
Vertex 551 distance 18
0 171 31 580 548 120 637 551 
Vertex 552 distance 38
0 171 31 552 
Vertex 553 distance 16
0 614 607 553 
Vertex 554 distance 23
0 171 31 580 548 102 379 554 
Vertex 555 distance 21
0 555 
Vertex 556 distance 29
0 267 69 395 463 556 
Vertex 557 distance 29
0 171 31 580 548 102 379 554 357 557 
Vertex 558 distance 30
0 608 411 444 558 
Vertex 559 distance 23
0 171 31 580 424 281 549 559 
Vertex 560 distance 21
0 171 93 284 264 220 377 524 50 560 
Vertex 561 distance 19
0 171 31 236 561 
Vertex 562 distance 42
0 171 65 438 590 502 562 
Vertex 563 distance 29
0 304 330 214 563 
Vertex 564 distance 26
0 171 31 580 548 29 504 408 467 21 564 
Vertex 565 distance 16
0 171 93 606 565 
Vertex 566 distance 21
0 171 93 284 264 220 377 524 523 566 
Vertex 567 distance 24
0 171 31 580 424 245 567 
Vertex 568 distance 24
0 171 31 236 206 568 
Vertex 569 distance 43
0 171 31 580 424 281 394 301 634 474 569 
Vertex 570 distance 22
0 171 31 580 424 281 394 570 
Vertex 571 distance 32
0 171 93 284 264 220 377 524 50 560 448 571 
Vertex 572 distance 28
0 171 31 580 548 120 637 453 572 
Vertex 573 distance 28
0 339 573 
Vertex 574 distance 28
0 171 65 591 574 
Vertex 575 distance 31
0 171 31 236 561 30 462 575 
Vertex 576 distance 35
0 171 228 75 321 576 
Vertex 577 distance 28
0 171 31 580 424 429 205 384 74 577 
Vertex 578 distance 21
0 171 228 91 100 625 578 
Vertex 579 distance 27
0 171 31 580 108 498 579 
Vertex 580 distance 6
0 171 31 580 
Vertex 581 distance 23
0 614 602 271 452 393 519 581 
Vertex 582 distance 29
0 171 31 580 548 29 504 584 464 582 
Vertex 583 distance 30
0 171 31 580 548 102 379 583 
Vertex 584 distance 18
0 171 31 580 548 29 504 584 
Vertex 585 distance 20
0 171 65 438 249 585 
Vertex 586 distance 28
0 171 31 580 548 29 504 408 297 365 586 
Vertex 587 distance 24
0 304 330 214 247 587 
Vertex 588 distance 19
0 171 31 580 548 102 379 588 
Vertex 589 distance 35
0 171 228 75 43 589 
Vertex 590 distance 15
0 171 65 438 590 
Vertex 591 distance 20
0 171 65 591 
Vertex 592 distance 35
0 171 228 75 111 546 592 
Vertex 593 distance 23
0 171 82 593 
Vertex 594 distance 24
0 171 31 580 424 245 538 299 161 594 
Vertex 595 distance 25
0 304 369 79 595 
Vertex 596 distance 29
0 267 69 596 
Vertex 597 distance 33
0 171 31 580 548 120 637 551 597 
Vertex 598 distance 25
0 171 31 580 424 245 598 
Vertex 599 distance 25
0 171 31 580 424 281 394 301 634 599 
Vertex 600 distance 21
0 267 600 
Vertex 601 distance 36
0 171 31 580 548 102 379 601 
Vertex 602 distance 12
0 614 602 
Vertex 603 distance 25
0 171 93 284 264 603 
Vertex 604 distance 31
0 171 31 580 424 281 394 303 604 
Vertex 605 distance 31
0 171 31 580 424 281 394 140 483 450 605 
Vertex 606 distance 15
0 171 93 606 
Vertex 607 distance 13
0 614 607 
Vertex 608 distance 6
0 608 
Vertex 609 distance 23
0 171 31 580 424 281 394 303 620 609 
Vertex 610 distance 32
0 171 31 580 548 29 132 119 610 
Vertex 611 distance 24
0 171 31 580 424 245 538 189 611 
Vertex 612 distance 24
0 171 31 580 108 430 612 
Vertex 613 distance 18
0 171 65 438 590 613 
Vertex 614 distance 11
0 614 
Vertex 615 distance 35
0 171 228 91 621 443 466 615 
Vertex 616 distance 26
0 171 31 580 424 434 307 616 
Vertex 617 distance 27
0 614 602 454 617 
Vertex 618 distance 26
0 614 188 404 313 618 
Vertex 619 distance 31
0 171 31 580 108 430 612 619 
Vertex 620 distance 18
0 171 31 580 424 281 394 303 620 
Vertex 621 distance 17
0 171 228 91 621 
Vertex 622 distance 29
0 171 65 438 590 613 155 530 234 294 622 
Vertex 623 distance 30
0 171 31 580 548 102 379 197 374 491 623 
Vertex 624 distance 32
0 171 93 606 565 624 
Vertex 625 distance 18
0 171 228 91 100 625 
Vertex 626 distance 24
0 614 188 404 313 626 
Vertex 627 distance 27
0 171 31 580 548 102 379 197 374 627 
Vertex 628 distance 19
0 171 82 480 376 67 628 
Vertex 629 distance 26
0 171 31 580 548 120 637 287 629 
Vertex 630 distance 27
0 171 31 580 424 429 16 233 630 
Vertex 631 distance 27
0 171 228 91 100 255 631 
Vertex 632 distance 23
0 171 93 606 128 8 632 
Vertex 633 distance 30
0 171 93 284 264 220 377 113 633 
Vertex 634 distance 22
0 171 31 580 424 281 394 301 634 
Vertex 635 distance 36
0 171 82 61 635 
Vertex 636 distance 27
0 171 31 580 424 429 263 636 
Vertex 637 distance 12
0 171 31 580 548 120 637 
Vertex 638 distance 29
0 304 330 638 
Vertex 639 distance 17
0 608 639 
