Vertex 0 distance 0
0 0 
Vertex 1 distance 27
0 571 348 26 1 
Vertex 2 distance 38
0 571 627 473 2 
Vertex 3 distance 34
0 571 348 189 10 560 339 3 
Vertex 4 distance 25
0 571 348 189 152 583 574 294 149 4 
Vertex 5 distance 12
0 17 5 
Vertex 6 distance 22
0 571 348 189 152 583 133 357 6 
Vertex 7 distance 25
0 571 348 189 10 333 167 7 
Vertex 8 distance 15
0 400 563 8 
Vertex 9 distance 17
0 571 348 189 10 333 196 23 135 9 
Vertex 10 distance 8
0 571 348 189 10 
Vertex 11 distance 18
0 571 348 189 152 583 133 357 11 
Vertex 12 distance 31
0 571 348 114 12 
Vertex 13 distance 27
0 571 348 189 152 583 109 13 
Vertex 14 distance 25
0 571 627 430 219 14 
Vertex 15 distance 34
0 571 348 114 290 542 122 15 
Vertex 16 distance 20
0 571 627 16 
Vertex 17 distance 11
0 17 
Vertex 18 distance 30
0 571 348 189 10 333 196 42 479 18 
Vertex 19 distance 26
0 17 622 335 19 
Vertex 20 distance 29
0 571 348 189 152 20 
Vertex 21 distance 29
0 400 202 631 21 
Vertex 22 distance 28
0 400 563 494 488 22 
Vertex 23 distance 13
0 571 348 189 10 333 196 23 
Vertex 24 distance 24
0 571 348 189 10 333 196 470 24 
Vertex 25 distance 31
0 571 348 189 10 560 103 25 
Vertex 26 distance 21
0 571 348 26 
Vertex 27 distance 31
0 571 348 189 152 583 133 357 11 271 296 27 
Vertex 28 distance 26
0 571 348 114 290 207 28 
Vertex 29 distance 34
0 571 348 189 152 282 582 29 
Vertex 30 distance 23
0 571 348 189 152 583 133 104 76 30 
Vertex 31 distance 20
0 400 202 543 355 31 
Vertex 32 distance 38
0 571 348 189 10 333 196 23 135 9 32 
Vertex 33 distance 19
0 571 348 189 10 333 196 23 135 33 
Vertex 34 distance 25
0 400 563 639 34 
Vertex 35 distance 19
0 571 295 35 
Vertex 36 distance 32
0 17 438 320 537 36 
Vertex 37 distance 22
0 400 563 486 516 37 
Vertex 38 distance 22
0 571 348 189 10 333 196 23 135 33 38 
Vertex 39 distance 19
0 276 407 39 
Vertex 40 distance 28
0 17 622 335 40 
Vertex 41 distance 30
0 400 202 543 533 78 41 
Vertex 42 distance 16
0 571 348 189 10 333 196 42 
Vertex 43 distance 29
0 400 563 605 43 
Vertex 44 distance 26
0 571 348 189 152 583 133 357 11 210 44 
Vertex 45 distance 24
0 571 348 189 152 525 156 45 
Vertex 46 distance 32
0 400 202 631 329 158 46 
Vertex 47 distance 22
0 400 202 631 402 47 
Vertex 48 distance 37
0 571 348 189 152 583 133 104 76 30 437 350 48 
Vertex 49 distance 29
0 400 202 631 329 49 
Vertex 50 distance 27
0 400 563 486 516 205 50 
Vertex 51 distance 15
0 571 348 189 10 333 196 51 
Vertex 52 distance 27
0 571 348 549 52 
Vertex 53 distance 31
0 571 295 307 53 
Vertex 54 distance 31
0 571 348 189 152 583 133 357 11 460 418 184 77 54 
Vertex 55 distance 30
0 571 348 189 152 583 133 55 
Vertex 56 distance 11
0 400 56 
Vertex 57 distance 30
0 400 56 363 315 99 465 57 
Vertex 58 distance 33
0 571 348 189 152 583 133 357 11 210 44 58 
Vertex 59 distance 28
0 571 348 114 290 199 59 
Vertex 60 distance 33
0 17 185 60 
Vertex 61 distance 24
0 571 348 189 10 333 167 61 
Vertex 62 distance 28
0 571 348 189 10 333 196 454 62 
Vertex 63 distance 34
0 276 556 561 377 63 
Vertex 64 distance 20
0 571 348 189 152 583 574 143 64 
Vertex 65 distance 32
0 571 348 189 152 583 133 357 11 442 65 
Vertex 66 distance 24
0 571 348 189 10 560 536 590 227 161 510 66 
Vertex 67 distance 28
0 571 348 189 10 560 536 590 227 67 
Vertex 68 distance 22
0 400 202 631 402 68 
Vertex 69 distance 22
0 571 348 189 152 583 133 104 76 69 
Vertex 70 distance 27
0 571 348 189 152 583 574 294 70 
Vertex 71 distance 20
0 571 612 71 
Vertex 72 distance 22
0 571 295 72 
Vertex 73 distance 27
0 17 438 73 
Vertex 74 distance 30
0 571 348 114 290 199 598 74 
Vertex 75 distance 22
0 571 348 189 152 525 539 75 
Vertex 76 distance 20
0 571 348 189 152 583 133 104 76 
Vertex 77 distance 29
0 571 348 189 152 583 133 357 11 460 418 184 77 
Vertex 78 distance 19
0 400 202 543 533 78 
Vertex 79 distance 33
0 571 348 189 152 246 79 
Vertex 80 distance 33
0 571 627 430 219 107 588 97 80 
Vertex 81 distance 46
0 400 56 450 81 
Vertex 82 distance 28
0 400 202 631 329 158 82 
Vertex 83 distance 23
0 400 56 363 83 
Vertex 84 distance 32
0 571 348 189 10 560 84 
Vertex 85 distance 42
0 400 563 170 228 85 
Vertex 86 distance 35
0 571 348 189 152 583 574 143 456 309 86 
Vertex 87 distance 38
0 400 202 631 329 158 82 87 
Vertex 88 distance 21
0 571 612 88 
Vertex 89 distance 37
0 571 348 189 10 378 147 119 270 174 89 
Vertex 90 distance 18
0 571 348 90 
Vertex 91 distance 25
0 400 202 543 355 31 91 
Vertex 92 distance 22
0 571 348 189 152 583 133 104 92 
Vertex 93 distance 29
0 571 348 189 152 282 570 374 93 
Vertex 94 distance 31
0 571 295 35 515 94 
Vertex 95 distance 21
0 571 348 189 10 560 95 
Vertex 96 distance 29
0 400 202 543 505 96 
Vertex 97 distance 28
0 571 627 430 219 107 588 97 
Vertex 98 distance 24
0 400 202 543 324 417 98 
Vertex 99 distance 26
0 400 56 363 315 99 
Vertex 100 distance 33
0 400 202 631 329 158 100 
Vertex 101 distance 20
0 571 348 189 10 333 196 23 135 101 
Vertex 102 distance 28
0 571 348 189 152 525 102 
Vertex 103 distance 26
0 571 348 189 10 560 103 
Vertex 104 distance 16
0 571 348 189 152 583 133 104 
Vertex 105 distance 34
0 571 348 189 10 333 167 345 105 
Vertex 106 distance 37
0 571 348 549 626 106 
Vertex 107 distance 23
0 571 627 430 219 107 
Vertex 108 distance 30
0 571 348 189 10 378 108 
Vertex 109 distance 22
0 571 348 189 152 583 109 
Vertex 110 distance 24
0 571 348 189 10 560 536 590 227 161 510 110 
Vertex 111 distance 31
0 17 622 197 327 326 111 
Vertex 112 distance 16
0 571 348 189 152 112 
Vertex 113 distance 20
0 571 348 189 10 560 536 590 113 
Vertex 114 distance 5
0 571 348 114 
Vertex 115 distance 30
0 17 438 115 
Vertex 116 distance 33
0 17 140 116 
Vertex 117 distance 27
0 571 348 549 314 117 
Vertex 118 distance 27
0 571 348 114 290 259 545 118 
Vertex 119 distance 32
0 571 348 189 10 378 147 119 
Vertex 120 distance 23
0 571 348 189 10 378 120 
Vertex 121 distance 24
0 571 348 189 10 333 121 
Vertex 122 distance 23
0 571 348 114 290 542 122 
Vertex 123 distance 26
0 400 202 123 
Vertex 124 distance 18
0 400 202 124 
Vertex 125 distance 28
0 571 348 26 1 125 
Vertex 126 distance 25
0 17 438 126 
Vertex 127 distance 28
0 571 495 261 127 
Vertex 128 distance 32
0 571 627 473 128 
Vertex 129 distance 26
0 400 202 543 324 129 
Vertex 130 distance 39
0 571 348 189 152 246 382 130 
Vertex 131 distance 22
0 276 131 
Vertex 132 distance 40
0 571 348 189 10 333 196 454 263 287 132 
Vertex 133 distance 13
0 571 348 189 152 583 133 
Vertex 134 distance 29
0 571 348 189 10 560 536 590 227 410 241 451 134 
Vertex 135 distance 15
0 571 348 189 10 333 196 23 135 
Vertex 136 distance 23
0 400 563 486 516 37 136 
Vertex 137 distance 43
0 400 56 363 315 99 137 
Vertex 138 distance 16
0 400 202 138 
Vertex 139 distance 26
0 571 348 189 152 139 
Vertex 140 distance 13
0 17 140 
Vertex 141 distance 45
0 400 202 543 355 31 173 141 
Vertex 142 distance 34
0 571 348 189 10 577 221 142 
Vertex 143 distance 17
0 571 348 189 152 583 574 143 
Vertex 144 distance 33
0 571 348 189 10 560 536 590 144 
Vertex 145 distance 33
0 571 627 430 219 107 606 145 
Vertex 146 distance 28
0 400 202 631 146 
Vertex 147 distance 20
0 571 348 189 10 378 147 
Vertex 148 distance 34
0 400 563 605 526 496 630 148 
Vertex 149 distance 24
0 571 348 189 152 583 574 294 149 
Vertex 150 distance 31
0 571 348 549 489 150 
Vertex 151 distance 21
0 276 556 151 
Vertex 152 distance 9
0 571 348 189 152 
Vertex 153 distance 35
0 571 495 397 153 
Vertex 154 distance 21
0 571 348 189 152 583 133 357 11 442 154 
Vertex 155 distance 23
0 17 438 155 
Vertex 156 distance 23
0 571 348 189 152 525 156 
Vertex 157 distance 34
0 571 612 157 
Vertex 158 distance 24
0 400 202 631 329 158 
Vertex 159 distance 32
0 571 348 189 152 583 574 143 356 159 
Vertex 160 distance 27
0 571 256 160 
Vertex 161 distance 21
0 571 348 189 10 560 536 590 227 161 
Vertex 162 distance 44
0 571 348 189 10 560 536 590 227 410 162 
Vertex 163 distance 42
0 571 252 163 
Vertex 164 distance 22
0 571 348 114 290 199 540 375 340 164 
Vertex 165 distance 28
0 276 131 165 
Vertex 166 distance 23
0 571 348 189 152 282 582 506 166 
Vertex 167 distance 13
0 571 348 189 10 333 167 
Vertex 168 distance 33
0 571 348 114 290 199 540 168 
Vertex 169 distance 40
0 571 348 189 152 583 133 357 11 460 418 184 77 415 169 
Vertex 170 distance 23
0 400 563 170 
Vertex 171 distance 37
0 571 348 189 152 525 468 306 192 398 171 
Vertex 172 distance 32
0 571 348 189 152 583 574 294 70 172 
Vertex 173 distance 31
0 400 202 543 355 31 173 
Vertex 174 distance 35
0 571 348 189 10 378 147 119 270 174 
Vertex 175 distance 33
0 571 348 90 512 289 175 
Vertex 176 distance 32
0 571 348 189 10 333 196 23 351 485 176 
Vertex 177 distance 38
0 400 202 543 324 417 597 177 
Vertex 178 distance 32
0 571 348 189 152 583 133 178 
Vertex 179 distance 30
0 571 295 35 515 179 
Vertex 180 distance 26
0 571 348 189 152 583 133 104 76 30 180 
Vertex 181 distance 21
0 571 348 189 152 112 181 
Vertex 182 distance 30
0 571 348 189 152 583 133 357 11 271 182 
Vertex 183 distance 31
0 400 202 631 402 47 183 
Vertex 184 distance 26
0 571 348 189 152 583 133 357 11 460 418 184 
Vertex 185 distance 30
0 17 185 
Vertex 186 distance 32
0 400 56 363 315 99 186 
Vertex 187 distance 25
0 571 348 189 152 187 
Vertex 188 distance 31
0 571 495 261 253 188 
Vertex 189 distance 5
0 571 348 189 
Vertex 190 distance 25
0 17 622 335 190 
Vertex 191 distance 28
0 571 348 114 290 199 191 
Vertex 192 distance 28
0 571 348 189 152 525 468 306 192 
Vertex 193 distance 30
0 571 348 189 152 282 570 374 93 193 
Vertex 194 distance 25
0 17 622 335 194 
Vertex 195 distance 28
0 400 563 486 516 205 195 
Vertex 196 distance 12
0 571 348 189 10 333 196 
Vertex 197 distance 22
0 17 622 197 
Vertex 198 distance 31
0 571 348 189 152 583 133 357 414 386 602 198 
Vertex 199 distance 13
0 571 348 114 290 199 
Vertex 200 distance 41
0 400 563 486 516 37 136 618 200 
Vertex 201 distance 26
0 571 348 114 290 199 540 375 340 201 
Vertex 202 distance 12
0 400 202 
Vertex 203 distance 25
0 400 202 543 324 417 203 
Vertex 204 distance 19
0 571 348 189 152 112 204 
Vertex 205 distance 23
0 400 563 486 516 205 
Vertex 206 distance 31
0 571 348 189 152 525 468 306 206 
Vertex 207 distance 22
0 571 348 114 290 207 
Vertex 208 distance 24
0 571 495 208 
Vertex 209 distance 28
0 571 348 189 10 333 121 209 
Vertex 210 distance 25
0 571 348 189 152 583 133 357 11 210 
Vertex 211 distance 40
0 571 627 473 211 
Vertex 212 distance 36
0 571 348 189 152 583 133 104 76 30 404 218 212 
Vertex 213 distance 53
0 400 202 543 361 213 
Vertex 214 distance 36
0 400 563 486 274 214 
Vertex 215 distance 28
0 571 495 208 215 
Vertex 216 distance 43
0 400 563 486 516 37 216 
Vertex 217 distance 29
0 400 56 458 217 
Vertex 218 distance 29
0 571 348 189 152 583 133 104 76 30 404 218 
Vertex 219 distance 22
0 571 627 430 219 
Vertex 220 distance 36
0 571 612 220 
Vertex 221 distance 30
0 571 348 189 10 577 221 
Vertex 222 distance 24
0 400 202 631 402 68 222 
Vertex 223 distance 27
0 276 556 223 
Vertex 224 distance 35
0 400 202 543 243 635 224 
Vertex 225 distance 32
0 571 348 189 152 583 133 357 11 210 225 
Vertex 226 distance 27
0 571 495 325 264 226 
Vertex 227 distance 19
0 571 348 189 10 560 536 590 227 
Vertex 228 distance 26
0 400 563 170 228 
Vertex 229 distance 29
0 571 295 229 
Vertex 230 distance 30
0 571 348 189 10 560 536 590 227 410 241 451 230 
Vertex 231 distance 61
0 571 348 189 567 231 
Vertex 232 distance 28
0 400 56 363 83 283 232 
Vertex 233 distance 19
0 276 233 
Vertex 234 distance 32
0 571 348 189 152 246 234 
Vertex 235 distance 30
0 17 622 197 327 326 235 
Vertex 236 distance 18
0 400 202 543 533 236 
Vertex 237 distance 26
0 400 563 486 516 237 
Vertex 238 distance 28
0 571 562 504 238 
Vertex 239 distance 28
0 400 202 543 324 239 
Vertex 240 distance 33
0 400 563 240 
Vertex 241 distance 25
0 571 348 189 10 560 536 590 227 410 241 
Vertex 242 distance 25
0 400 202 631 329 369 300 242 
Vertex 243 distance 18
0 400 202 543 243 
Vertex 244 distance 8
0 244 
Vertex 245 distance 18
0 571 627 430 245 
Vertex 246 distance 19
0 571 348 189 152 246 
Vertex 247 distance 47
0 571 295 35 515 179 247 
Vertex 248 distance 21
0 571 348 189 10 560 536 590 248 
Vertex 249 distance 15
0 571 295 249 
Vertex 250 distance 32
0 400 202 543 505 432 272 250 
Vertex 251 distance 22
0 571 348 189 152 246 251 
Vertex 252 distance 19
0 571 252 
Vertex 253 distance 22
0 571 495 261 253 
Vertex 254 distance 28
0 571 348 189 152 112 181 508 254 
Vertex 255 distance 34
0 571 348 114 290 199 540 375 340 164 255 
Vertex 256 distance 24
0 571 256 
Vertex 257 distance 33
0 571 612 88 399 257 
Vertex 258 distance 28
0 400 563 639 258 
Vertex 259 distance 17
0 571 348 114 290 259 
Vertex 260 distance 28
0 571 348 189 152 583 574 294 260 
Vertex 261 distance 19
0 571 495 261 
Vertex 262 distance 23
0 276 556 151 262 
Vertex 263 distance 20
0 571 348 189 10 333 196 454 263 
Vertex 264 distance 23
0 571 495 325 264 
Vertex 265 distance 33
0 571 256 607 265 
Vertex 266 distance 32
0 571 348 189 152 112 181 508 254 266 
Vertex 267 distance 29
0 571 348 114 290 542 122 267 
Vertex 268 distance 34
0 400 56 458 217 268 
Vertex 269 distance 36
0 400 202 543 361 269 
Vertex 270 distance 34
0 571 348 189 10 378 147 119 270 
Vertex 271 distance 24
0 571 348 189 152 583 133 357 11 271 
Vertex 272 distance 29
0 400 202 543 505 432 272 
Vertex 273 distance 28
0 571 562 273 
Vertex 274 distance 29
0 400 563 486 274 
Vertex 275 distance 30
0 571 348 114 290 199 540 375 340 275 
Vertex 276 distance 14
0 276 
Vertex 277 distance 27
0 17 622 277 
Vertex 278 distance 37
0 400 563 486 516 205 278 
Vertex 279 distance 42
0 400 563 170 228 388 279 
Vertex 280 distance 39
0 571 348 189 152 583 574 294 280 
Vertex 281 distance 27
0 571 612 88 399 281 
Vertex 282 distance 11
0 571 348 189 152 282 
Vertex 283 distance 27
0 400 56 363 83 283 
Vertex 284 distance 30
0 571 612 88 480 284 
Vertex 285 distance 41
0 571 348 189 152 525 468 306 192 398 171 285 
Vertex 286 distance 33
0 571 348 189 10 560 286 
Vertex 287 distance 29
0 571 348 189 10 333 196 454 263 287 
Vertex 288 distance 24
0 571 348 189 152 112 288 
Vertex 289 distance 26
0 571 348 90 512 289 
Vertex 290 distance 7
0 571 348 114 290 
Vertex 291 distance 30
0 571 348 189 10 333 196 23 291 
Vertex 292 distance 27
0 276 556 292 
Vertex 293 distance 24
0 400 202 631 329 332 593 293 
Vertex 294 distance 19
0 571 348 189 152 583 574 294 
Vertex 295 distance 10
0 571 295 
Vertex 296 distance 27
0 571 348 189 152 583 133 357 11 271 296 
Vertex 297 distance 28
0 571 295 35 515 297 
Vertex 298 distance 43
0 571 612 88 399 532 298 
Vertex 299 distance 22
0 571 348 189 10 333 196 42 299 
Vertex 300 distance 22
0 400 202 631 329 369 300 
Vertex 301 distance 25
0 571 348 189 152 583 574 143 439 301 
Vertex 302 distance 43
0 571 348 189 152 583 574 294 381 302 
Vertex 303 distance 34
0 571 495 208 303 
Vertex 304 distance 12
0 571 348 114 290 304 
Vertex 305 distance 24
0 571 348 189 152 282 570 305 
Vertex 306 distance 24
0 571 348 189 152 525 468 306 
Vertex 307 distance 20
0 571 295 307 
Vertex 308 distance 33
0 571 348 114 290 207 354 308 
Vertex 309 distance 34
0 571 348 189 152 583 574 143 456 309 
Vertex 310 distance 29
0 571 295 307 353 310 
Vertex 311 distance 29
0 571 495 208 215 311 
Vertex 312 distance 21
0 571 348 189 10 333 196 51 616 312 
Vertex 313 distance 29
0 571 348 189 152 282 570 305 313 
Vertex 314 distance 26
0 571 348 549 314 
Vertex 315 distance 17
0 400 56 363 315 
Vertex 316 distance 47
0 400 202 631 329 158 82 316 
Vertex 317 distance 28
0 571 348 189 10 560 536 590 227 161 341 317 
Vertex 318 distance 26
0 400 202 543 505 432 318 
Vertex 319 distance 20
0 276 319 
Vertex 320 distance 21
0 17 438 320 
Vertex 321 distance 31
0 571 348 189 152 282 570 305 321 
Vertex 322 distance 34
0 571 348 549 564 322 
Vertex 323 distance 25
0 571 495 397 471 323 
Vertex 324 distance 14
0 400 202 543 324 
Vertex 325 distance 12
0 571 495 325 
Vertex 326 distance 24
0 17 622 197 327 326 
Vertex 327 distance 23
0 17 622 197 327 
Vertex 328 distance 27
0 571 348 189 10 333 196 23 351 328 
Vertex 329 distance 17
0 400 202 631 329 
Vertex 330 distance 23
0 571 612 447 330 
Vertex 331 distance 23
0 571 348 114 290 199 331 
Vertex 332 distance 20
0 400 202 631 329 332 
Vertex 333 distance 11
0 571 348 189 10 333 
Vertex 334 distance 26
0 400 202 543 514 334 
Vertex 335 distance 24
0 17 622 335 
Vertex 336 distance 32
0 571 612 71 463 336 
Vertex 337 distance 31
0 571 348 189 152 112 181 508 337 
Vertex 338 distance 29
0 571 348 189 152 583 133 357 11 271 338 
Vertex 339 distance 23
0 571 348 189 10 560 339 
Vertex 340 distance 19
0 571 348 114 290 199 540 375 340 
Vertex 341 distance 24
0 571 348 189 10 560 536 590 227 161 341 
Vertex 342 distance 25
0 571 295 307 342 
Vertex 343 distance 49
0 571 348 189 152 583 133 357 11 460 418 184 77 415 343 
Vertex 344 distance 34
0 571 612 88 399 532 344 
Vertex 345 distance 25
0 571 348 189 10 333 167 345 
Vertex 346 distance 30
0 400 56 363 83 283 232 346 
Vertex 347 distance 28
0 571 348 189 152 282 347 
Vertex 348 distance 4
0 571 348 
Vertex 349 distance 34
0 400 202 543 361 349 
Vertex 350 distance 33
0 571 348 189 152 583 133 104 76 30 437 350 
Vertex 351 distance 16
0 571 348 189 10 333 196 23 351 
Vertex 352 distance 38
0 571 348 189 152 525 468 306 192 398 171 352 
Vertex 353 distance 25
0 571 295 307 353 
Vertex 354 distance 28
0 571 348 114 290 207 354 
Vertex 355 distance 19
0 400 202 543 355 
Vertex 356 distance 21
0 571 348 189 152 583 574 143 356 
Vertex 357 distance 15
0 571 348 189 152 583 133 357 
Vertex 358 distance 21
0 571 348 189 152 583 574 294 358 
Vertex 359 distance 37
0 571 348 189 10 333 196 470 409 359 
Vertex 360 distance 27
0 571 348 114 290 542 453 360 
Vertex 361 distance 25
0 400 202 543 361 
Vertex 362 distance 27
0 400 202 543 243 362 
Vertex 363 distance 13
0 400 56 363 
Vertex 364 distance 31
0 571 495 325 264 364 
Vertex 365 distance 43
0 571 348 189 10 333 121 209 365 
Vertex 366 distance 32
0 571 348 189 152 583 574 143 64 366 
Vertex 367 distance 35
0 400 202 631 329 393 367 
Vertex 368 distance 28
0 400 202 631 329 393 368 
Vertex 369 distance 21
0 400 202 631 329 369 
Vertex 370 distance 21
0 571 348 189 152 282 570 370 
Vertex 371 distance 23
0 371 
Vertex 372 distance 42
0 400 202 543 533 78 550 372 
Vertex 373 distance 26
0 400 56 363 373 
Vertex 374 distance 27
0 571 348 189 152 282 570 374 
Vertex 375 distance 18
0 571 348 114 290 199 540 375 
Vertex 376 distance 34
0 17 622 197 327 376 
Vertex 377 distance 27
0 276 556 561 377 
Vertex 378 distance 16
0 571 348 189 10 378 
Vertex 379 distance 21
0 571 348 189 10 333 167 379 
Vertex 380 distance 34
0 400 202 123 380 
Vertex 381 distance 35
0 571 348 189 152 583 574 294 381 
Vertex 382 distance 24
0 571 348 189 152 246 382 
Vertex 383 distance 19
0 571 348 189 152 583 133 104 383 
Vertex 384 distance 35
0 571 348 114 290 542 453 360 384 
Vertex 385 distance 14
0 571 348 189 10 560 536 385 
Vertex 386 distance 25
0 571 348 189 152 583 133 357 414 386 
Vertex 387 distance 28
0 276 407 573 387 
Vertex 388 distance 36
0 400 563 170 228 388 
Vertex 389 distance 28
0 571 348 189 10 560 536 590 227 161 510 389 
Vertex 390 distance 32
0 571 612 88 480 390 
Vertex 391 distance 29
0 571 348 189 152 583 109 13 391 
Vertex 392 distance 23
0 400 563 486 516 37 392 
Vertex 393 distance 24
0 400 202 631 329 393 
Vertex 394 distance 30
0 244 394 
Vertex 395 distance 32
0 571 295 307 353 395 
Vertex 396 distance 39
0 571 348 189 152 525 539 75 396 
Vertex 397 distance 17
0 571 495 397 
Vertex 398 distance 29
0 571 348 189 152 525 468 306 192 398 
Vertex 399 distance 25
0 571 612 88 399 
Vertex 400 distance 7
0 400 
Vertex 401 distance 36
0 571 348 189 152 583 133 104 76 30 404 401 
Vertex 402 distance 17
0 400 202 631 402 
Vertex 403 distance 29
0 571 627 430 219 107 588 403 
Vertex 404 distance 26
0 571 348 189 152 583 133 104 76 30 404 
Vertex 405 distance 25
0 571 348 189 152 246 623 405 
Vertex 406 distance 34
0 571 295 35 515 179 406 
Vertex 407 distance 17
0 276 407 
Vertex 408 distance 32
0 571 348 189 10 378 108 408 
Vertex 409 distance 29
0 571 348 189 10 333 196 470 409 
Vertex 410 distance 21
0 571 348 189 10 560 536 590 227 410 
Vertex 411 distance 39
0 276 407 573 387 411 
Vertex 412 distance 35
0 400 563 494 488 22 412 
Vertex 413 distance 29
0 571 348 549 413 
Vertex 414 distance 23
0 571 348 189 152 583 133 357 414 
Vertex 415 distance 39
0 571 348 189 152 583 133 357 11 460 418 184 77 415 
Vertex 416 distance 16
0 571 348 189 10 333 196 23 416 
Vertex 417 distance 15
0 400 202 543 324 417 
Vertex 418 distance 24
0 571 348 189 152 583 133 357 11 460 418 
Vertex 419 distance 26
0 571 348 189 10 333 167 7 419 
Vertex 420 distance 26
0 571 348 189 10 420 
Vertex 421 distance 26
0 571 348 189 10 333 196 470 421 
Vertex 422 distance 41
0 400 202 631 329 158 422 
Vertex 423 distance 27
0 571 348 189 152 583 574 143 423 
Vertex 424 distance 24
0 571 495 261 253 424 
Vertex 425 distance 43
0 571 627 473 2 425 
Vertex 426 distance 22
0 571 348 189 152 583 133 357 11 442 426 
Vertex 427 distance 32
0 571 295 35 427 
Vertex 428 distance 14
0 244 478 428 
Vertex 429 distance 38
0 400 563 494 488 429 
Vertex 430 distance 13
0 571 627 430 
Vertex 431 distance 27
0 571 348 189 152 246 493 431 
Vertex 432 distance 19
0 400 202 543 505 432 
Vertex 433 distance 37
0 400 202 543 533 78 550 527 433 
Vertex 434 distance 25
0 571 348 114 290 542 434 
Vertex 435 distance 19
0 244 478 435 
Vertex 436 distance 28
0 400 202 631 329 332 593 293 436 
Vertex 437 distance 29
0 571 348 189 152 583 133 104 76 30 437 
Vertex 438 distance 13
0 17 438 
Vertex 439 distance 23
0 571 348 189 152 583 574 143 439 
Vertex 440 distance 26
0 571 348 114 290 199 540 375 340 164 440 
Vertex 441 distance 40
0 17 622 335 19 441 
Vertex 442 distance 20
0 571 348 189 152 583 133 357 11 442 
Vertex 443 distance 28
0 571 348 189 152 583 133 443 
Vertex 444 distance 31
0 17 622 197 327 326 444 
Vertex 445 distance 36
0 400 563 486 516 205 195 445 
Vertex 446 distance 38
0 571 348 189 152 112 181 508 337 446 
Vertex 447 distance 22
0 571 612 447 
Vertex 448 distance 34
0 571 348 189 152 583 133 104 92 448 
Vertex 449 distance 31
0 571 348 189 152 112 204 629 449 
Vertex 450 distance 29
0 400 56 450 
Vertex 451 distance 27
0 571 348 189 10 560 536 590 227 410 241 451 
Vertex 452 distance 42
0 571 495 397 471 323 632 475 452 
Vertex 453 distance 22
0 571 348 114 290 542 453 
Vertex 454 distance 15
0 571 348 189 10 333 196 454 
Vertex 455 distance 24
0 400 202 455 
Vertex 456 distance 18
0 571 348 189 152 583 574 143 456 
Vertex 457 distance 34
0 276 131 165 457 
Vertex 458 distance 23
0 400 56 458 
Vertex 459 distance 32
0 571 612 88 480 284 459 
Vertex 460 distance 23
0 571 348 189 152 583 133 357 11 460 
Vertex 461 distance 26
0 571 348 189 10 333 196 470 461 
Vertex 462 distance 23
0 571 495 261 462 
Vertex 463 distance 27
0 571 612 71 463 
Vertex 464 distance 27
0 571 348 114 290 199 540 375 464 
Vertex 465 distance 29
0 400 56 363 315 99 465 
Vertex 466 distance 25
0 400 202 543 505 432 466 
Vertex 467 distance 26
0 571 348 189 10 333 196 23 135 33 38 467 
Vertex 468 distance 19
0 571 348 189 152 525 468 
Vertex 469 distance 42
0 400 56 363 554 469 
Vertex 470 distance 20
0 571 348 189 10 333 196 470 
Vertex 471 distance 20
0 571 495 397 471 
Vertex 472 distance 36
0 571 348 114 290 542 453 472 
Vertex 473 distance 24
0 571 627 473 
Vertex 474 distance 26
0 571 612 71 474 
Vertex 475 distance 31
0 571 495 397 471 323 632 475 
Vertex 476 distance 31
0 276 556 223 476 
Vertex 477 distance 30
0 276 407 477 
Vertex 478 distance 12
0 244 478 
Vertex 479 distance 21
0 571 348 189 10 333 196 42 479 
Vertex 480 distance 24
0 571 612 88 480 
Vertex 481 distance 19
0 571 495 481 
Vertex 482 distance 33
0 400 563 639 258 482 
Vertex 483 distance 33
0 400 563 486 516 37 392 483 
Vertex 484 distance 29
0 571 348 189 152 583 133 357 11 271 296 484 
Vertex 485 distance 27
0 571 348 189 10 333 196 23 351 485 
Vertex 486 distance 15
0 400 563 486 
Vertex 487 distance 27
0 571 348 189 152 583 580 487 
Vertex 488 distance 23
0 400 563 494 488 
Vertex 489 distance 20
0 571 348 549 489 
Vertex 490 distance 21
0 400 563 490 
Vertex 491 distance 30
0 571 348 114 290 304 491 
Vertex 492 distance 33
0 400 202 543 324 129 492 
Vertex 493 distance 21
0 571 348 189 152 246 493 
Vertex 494 distance 19
0 400 563 494 
Vertex 495 distance 11
0 571 495 
Vertex 496 distance 28
0 400 563 605 526 496 
Vertex 497 distance 28
0 571 348 189 152 583 133 357 11 271 497 
Vertex 498 distance 23
0 571 348 114 290 199 540 375 340 164 498 
Vertex 499 distance 20
0 571 348 499 
Vertex 500 distance 28
0 571 348 189 10 333 121 500 
Vertex 501 distance 31
0 400 563 494 488 501 
Vertex 502 distance 32
0 17 622 335 194 502 
Vertex 503 distance 31
0 244 503 
Vertex 504 distance 26
0 571 562 504 
Vertex 505 distance 17
0 400 202 543 505 
Vertex 506 distance 22
0 571 348 189 152 282 582 506 
Vertex 507 distance 24
0 17 5 507 
Vertex 508 distance 24
0 571 348 189 152 112 181 508 
Vertex 509 distance 27
0 244 478 435 509 
Vertex 510 distance 22
0 571 348 189 10 560 536 590 227 161 510 
Vertex 511 distance 31
0 571 348 549 564 511 
Vertex 512 distance 23
0 571 348 90 512 
Vertex 513 distance 41
0 400 56 363 83 283 232 513 
Vertex 514 distance 24
0 400 202 543 514 
Vertex 515 distance 21
0 571 295 35 515 
Vertex 516 distance 20
0 400 563 486 516 
Vertex 517 distance 25
0 571 612 88 517 
Vertex 518 distance 30
0 400 518 
Vertex 519 distance 30
0 571 348 189 152 583 133 357 11 271 338 519 
Vertex 520 distance 40
0 571 348 114 290 207 354 308 520 
Vertex 521 distance 29
0 400 56 458 521 
Vertex 522 distance 27
0 571 495 325 522 
Vertex 523 distance 47
0 571 348 189 10 333 196 454 263 287 132 523 
Vertex 524 distance 38
0 571 348 189 152 583 574 294 524 
Vertex 525 distance 14
0 571 348 189 152 525 
Vertex 526 distance 21
0 400 563 605 526 
Vertex 527 distance 27
0 400 202 543 533 78 550 527 
Vertex 528 distance 35
0 571 348 189 10 560 84 528 
Vertex 529 distance 21
0 571 348 189 10 333 196 51 616 529 
Vertex 530 distance 46
0 571 495 397 153 530 
Vertex 531 distance 26
0 400 202 543 533 78 531 
Vertex 532 distance 29
0 571 612 88 399 532 
Vertex 533 distance 16
0 400 202 543 533 
Vertex 534 distance 26
0 571 348 189 10 333 196 534 
Vertex 535 distance 18
0 571 348 189 10 333 196 23 535 
Vertex 536 distance 13
0 571 348 189 10 560 536 
Vertex 537 distance 22
0 17 438 320 537 
Vertex 538 distance 32
0 400 202 543 533 538 
Vertex 539 distance 21
0 571 348 189 152 525 539 
Vertex 540 distance 17
0 571 348 114 290 199 540 
Vertex 541 distance 22
0 571 348 189 152 583 574 143 456 541 
Vertex 542 distance 12
0 571 348 114 290 542 
Vertex 543 distance 13
0 400 202 543 
Vertex 544 distance 31
0 571 348 189 10 560 536 590 113 544 
Vertex 545 distance 25
0 571 348 114 290 259 545 
Vertex 546 distance 23
0 571 348 189 10 333 196 23 535 546 
Vertex 547 distance 29
0 571 348 189 10 560 536 590 227 161 341 547 
Vertex 548 distance 37
0 571 495 325 522 548 
Vertex 549 distance 16
0 571 348 549 
Vertex 550 distance 20
0 400 202 543 533 78 550 
Vertex 551 distance 30
0 571 348 114 290 542 122 551 
Vertex 552 distance 31
0 571 295 307 559 552 
Vertex 553 distance 28
0 571 495 261 253 424 553 
Vertex 554 distance 31
0 400 56 363 554 
Vertex 555 distance 27
0 400 202 631 329 332 555 
Vertex 556 distance 20
0 276 556 
Vertex 557 distance 26
0 400 202 543 324 417 557 
Vertex 558 distance 20
0 571 348 189 10 560 536 558 
Vertex 559 distance 28
0 571 295 307 559 
Vertex 560 distance 10
0 571 348 189 10 560 
Vertex 561 distance 26
0 276 556 561 
Vertex 562 distance 18
0 571 562 
Vertex 563 distance 11
0 400 563 
Vertex 564 distance 17
0 571 348 549 564 
Vertex 565 distance 25
0 571 495 208 565 
Vertex 566 distance 25
0 400 202 543 533 236 566 
Vertex 567 distance 25
0 571 348 189 567 
Vertex 568 distance 32
0 571 495 397 471 568 
Vertex 569 distance 31
0 400 202 631 402 68 222 569 
Vertex 570 distance 14
0 571 348 189 152 282 570 
Vertex 571 distance 2
0 571 
Vertex 572 distance 27
0 400 202 543 505 432 572 
Vertex 573 distance 21
0 276 407 573 
Vertex 574 distance 13
0 571 348 189 152 583 574 
Vertex 575 distance 27
0 400 563 486 516 37 136 575 
Vertex 576 distance 37
0 571 348 189 152 583 133 357 11 442 154 576 
Vertex 577 distance 29
0 571 348 189 10 577 
Vertex 578 distance 31
0 571 348 189 152 525 578 
Vertex 579 distance 35
0 571 612 88 480 579 
Vertex 580 distance 23
0 571 348 189 152 583 580 
Vertex 581 distance 24
0 400 202 543 355 581 
Vertex 582 distance 15
0 571 348 189 152 282 582 
Vertex 583 distance 12
0 571 348 189 152 583 
Vertex 584 distance 30
0 571 348 189 10 333 196 23 351 485 584 
Vertex 585 distance 35
0 400 202 543 505 585 
Vertex 586 distance 36
0 571 348 189 152 583 109 13 391 586 
Vertex 587 distance 25
0 571 348 189 152 282 582 506 166 587 
Vertex 588 distance 26
0 571 627 430 219 107 588 
Vertex 589 distance 29
0 400 202 631 329 369 300 589 
Vertex 590 distance 18
0 571 348 189 10 560 536 590 
Vertex 591 distance 25
0 17 5 591 
Vertex 592 distance 30
0 400 202 138 592 
Vertex 593 distance 23
0 400 202 631 329 332 593 
Vertex 594 distance 32
0 400 202 123 594 
Vertex 595 distance 24
0 571 348 189 152 583 133 357 11 460 595 
Vertex 596 distance 31
0 276 556 292 596 
Vertex 597 distance 24
0 400 202 543 324 417 597 
Vertex 598 distance 23
0 571 348 114 290 199 598 
Vertex 599 distance 33
0 571 348 189 10 378 599 
Vertex 600 distance 39
0 276 407 600 
Vertex 601 distance 24
0 276 556 151 262 601 
Vertex 602 distance 28
0 571 348 189 152 583 133 357 414 386 602 
Vertex 603 distance 36
0 571 348 189 152 583 580 603 
Vertex 604 distance 37
0 571 348 114 290 207 604 
Vertex 605 distance 17
0 400 563 605 
Vertex 606 distance 26
0 571 627 430 219 107 606 
Vertex 607 distance 26
0 571 256 607 
Vertex 608 distance 31
0 571 348 189 152 282 570 374 608 
Vertex 609 distance 44
0 571 348 114 290 542 453 360 384 609 
Vertex 610 distance 25
0 571 495 325 610 
Vertex 611 distance 31
0 17 438 155 611 
Vertex 612 distance 19
0 571 612 
Vertex 613 distance 30
0 17 622 197 327 326 613 
Vertex 614 distance 37
0 571 348 189 152 525 468 306 206 614 
Vertex 615 distance 24
0 571 348 189 152 282 582 615 
Vertex 616 distance 19
0 571 348 189 10 333 196 51 616 
Vertex 617 distance 33
0 276 556 223 476 617 
Vertex 618 distance 36
0 400 563 486 516 37 136 618 
Vertex 619 distance 34
0 571 348 26 619 
Vertex 620 distance 35
0 571 348 189 10 378 599 620 
Vertex 621 distance 32
0 571 348 114 290 542 122 621 
Vertex 622 distance 19
0 17 622 
Vertex 623 distance 21
0 571 348 189 152 246 623 
Vertex 624 distance 26
0 571 348 189 152 583 574 143 64 624 
Vertex 625 distance 33
0 571 348 189 625 
Vertex 626 distance 21
0 571 348 549 626 
Vertex 627 distance 6
0 571 627 
Vertex 628 distance 34
0 571 348 189 152 583 628 
Vertex 629 distance 26
0 571 348 189 152 112 204 629 
Vertex 630 distance 29
0 400 563 605 526 496 630 
Vertex 631 distance 15
0 400 202 631 
Vertex 632 distance 26
0 571 495 397 471 323 632 
Vertex 633 distance 24
0 400 563 486 516 633 
Vertex 634 distance 17
0 571 295 249 634 
Vertex 635 distance 31
0 400 202 543 243 635 
Vertex 636 distance 17
0 400 202 543 324 417 636 
Vertex 637 distance 24
0 571 348 189 152 246 251 637 
Vertex 638 distance 26
0 276 319 638 
Vertex 639 distance 24
0 400 563 639 
