Vertex 0 distance 0
0 0 
Vertex 1 distance 26
0 633 185 386 250 343 1 
Vertex 2 distance 26
0 633 185 508 121 222 453 115 213 2 
Vertex 3 distance 31
0 633 165 628 424 385 3 
Vertex 4 distance 13
0 633 165 628 4 
Vertex 5 distance 31
0 633 185 386 250 343 188 5 
Vertex 6 distance 29
0 123 371 177 478 74 6 
Vertex 7 distance 24
0 123 371 7 
Vertex 8 distance 23
0 633 304 514 367 122 8 
Vertex 9 distance 38
0 633 304 514 367 9 
Vertex 10 distance 27
0 633 165 628 10 
Vertex 11 distance 37
0 123 371 177 433 75 152 11 
Vertex 12 distance 39
0 633 545 454 61 149 12 
Vertex 13 distance 27
0 633 545 156 13 
Vertex 14 distance 24
0 633 185 508 290 372 16 14 
Vertex 15 distance 21
0 633 481 157 557 15 
Vertex 16 distance 21
0 633 185 508 290 372 16 
Vertex 17 distance 27
0 633 185 441 151 334 524 465 41 17 
Vertex 18 distance 28
0 633 481 157 557 408 89 18 
Vertex 19 distance 27
0 633 180 331 458 19 
Vertex 20 distance 28
0 43 228 414 20 
Vertex 21 distance 24
0 633 185 441 200 434 21 
Vertex 22 distance 29
0 123 371 438 242 22 
Vertex 23 distance 36
0 205 530 597 23 
Vertex 24 distance 36
0 633 481 157 557 15 256 195 513 24 
Vertex 25 distance 27
0 123 371 625 25 
Vertex 26 distance 20
0 633 481 157 627 26 
Vertex 27 distance 19
0 633 185 386 27 
Vertex 28 distance 31
0 633 185 508 121 222 453 115 461 28 
Vertex 29 distance 29
0 633 185 386 109 267 506 29 
Vertex 30 distance 28
0 123 371 7 30 
Vertex 31 distance 23
0 633 481 157 557 408 31 
Vertex 32 distance 24
0 633 545 454 620 32 
Vertex 33 distance 32
0 633 185 441 151 334 263 33 
Vertex 34 distance 30
0 633 481 157 34 
Vertex 35 distance 23
0 123 371 35 
Vertex 36 distance 31
0 633 185 508 36 
Vertex 37 distance 22
0 633 185 508 290 37 
Vertex 38 distance 24
0 633 185 441 159 383 38 
Vertex 39 distance 26
0 633 304 514 367 322 39 
Vertex 40 distance 11
0 633 295 40 
Vertex 41 distance 22
0 633 185 441 151 334 524 465 41 
Vertex 42 distance 12
0 633 165 439 289 42 
Vertex 43 distance 5
0 43 
Vertex 44 distance 20
0 43 228 44 
Vertex 45 distance 35
0 633 304 612 99 45 
Vertex 46 distance 24
0 205 216 171 46 
Vertex 47 distance 33
0 205 90 47 
Vertex 48 distance 23
0 633 185 386 27 333 76 48 
Vertex 49 distance 26
0 633 180 426 535 137 49 
Vertex 50 distance 22
0 633 185 508 207 232 50 
Vertex 51 distance 29
0 633 223 262 51 
Vertex 52 distance 30
0 123 371 438 52 
Vertex 53 distance 20
0 123 371 467 108 53 
Vertex 54 distance 34
0 633 180 426 273 54 
Vertex 55 distance 31
0 633 180 331 458 55 
Vertex 56 distance 32
0 633 545 454 339 56 
Vertex 57 distance 21
0 633 304 514 367 57 
Vertex 58 distance 30
0 633 481 157 557 408 31 252 58 
Vertex 59 distance 30
0 633 185 59 
Vertex 60 distance 26
0 633 223 60 
Vertex 61 distance 21
0 633 545 454 61 
Vertex 62 distance 27
0 633 165 439 289 42 62 
Vertex 63 distance 25
0 633 180 426 535 63 
Vertex 64 distance 18
0 633 295 510 64 
Vertex 65 distance 33
0 633 185 59 65 
Vertex 66 distance 26
0 123 371 625 178 66 
Vertex 67 distance 33
0 633 185 386 27 67 
Vertex 68 distance 26
0 633 185 508 142 257 68 
Vertex 69 distance 27
0 633 185 386 27 333 76 48 573 69 
Vertex 70 distance 25
0 633 185 508 207 70 
Vertex 71 distance 40
0 633 185 508 121 82 548 358 374 71 
Vertex 72 distance 28
0 633 185 441 159 72 
Vertex 73 distance 23
0 633 185 508 290 372 73 
Vertex 74 distance 23
0 123 371 177 478 74 
Vertex 75 distance 25
0 123 371 177 433 75 
Vertex 76 distance 21
0 633 185 386 27 333 76 
Vertex 77 distance 25
0 633 185 508 121 82 77 
Vertex 78 distance 25
0 123 371 438 190 515 483 78 
Vertex 79 distance 22
0 633 185 508 290 372 16 79 
Vertex 80 distance 31
0 633 185 564 546 80 
Vertex 81 distance 30
0 43 228 102 347 81 
Vertex 82 distance 16
0 633 185 508 121 82 
Vertex 83 distance 23
0 633 185 386 109 267 415 83 
Vertex 84 distance 25
0 633 295 84 
Vertex 85 distance 27
0 633 588 315 639 85 
Vertex 86 distance 15
0 633 185 386 86 
Vertex 87 distance 26
0 633 165 87 
Vertex 88 distance 21
0 633 185 508 207 555 88 
Vertex 89 distance 23
0 633 481 157 557 408 89 
Vertex 90 distance 20
0 205 90 
Vertex 91 distance 23
0 633 545 454 596 607 91 
Vertex 92 distance 18
0 633 185 508 92 
Vertex 93 distance 29
0 123 371 177 93 
Vertex 94 distance 29
0 633 481 157 557 408 89 94 
Vertex 95 distance 26
0 123 371 625 114 568 127 95 
Vertex 96 distance 34
0 633 481 157 557 274 96 
Vertex 97 distance 26
0 123 371 625 572 581 349 338 97 
Vertex 98 distance 25
0 633 481 157 557 408 89 98 
Vertex 99 distance 25
0 633 304 612 99 
Vertex 100 distance 32
0 633 165 439 493 100 
Vertex 101 distance 26
0 633 481 157 627 26 101 
Vertex 102 distance 14
0 43 228 102 
Vertex 103 distance 34
0 633 103 
Vertex 104 distance 30
0 633 304 514 104 
Vertex 105 distance 25
0 633 481 157 627 105 
Vertex 106 distance 30
0 123 371 447 609 106 
Vertex 107 distance 26
0 633 304 514 367 122 8 124 107 
Vertex 108 distance 19
0 123 371 467 108 
Vertex 109 distance 13
0 633 185 386 109 
Vertex 110 distance 31
0 123 371 438 190 515 600 219 140 280 110 
Vertex 111 distance 40
0 633 481 157 403 246 111 
Vertex 112 distance 32
0 633 185 386 27 333 598 329 112 
Vertex 113 distance 22
0 633 165 628 113 
Vertex 114 distance 16
0 123 371 625 114 
Vertex 115 distance 23
0 633 185 508 121 222 453 115 
Vertex 116 distance 22
0 633 165 439 289 42 116 
Vertex 117 distance 18
0 633 185 441 159 383 117 
Vertex 118 distance 39
0 205 530 597 118 
Vertex 119 distance 31
0 633 481 157 403 119 
Vertex 120 distance 30
0 633 180 426 535 288 120 
Vertex 121 distance 12
0 633 185 508 121 
Vertex 122 distance 21
0 633 304 514 367 122 
Vertex 123 distance 2
0 123 
Vertex 124 distance 24
0 633 304 514 367 122 8 124 
Vertex 125 distance 25
0 633 165 628 4 277 522 132 125 
Vertex 126 distance 22
0 633 165 439 289 42 126 
Vertex 127 distance 23
0 123 371 625 114 568 127 
Vertex 128 distance 35
0 633 165 628 4 400 128 
Vertex 129 distance 23
0 633 185 508 207 555 129 
Vertex 130 distance 37
0 633 481 157 557 408 130 
Vertex 131 distance 29
0 633 185 508 207 555 455 131 
Vertex 132 distance 24
0 633 165 628 4 277 522 132 
Vertex 133 distance 14
0 133 
Vertex 134 distance 25
0 633 180 138 134 
Vertex 135 distance 27
0 633 532 583 183 586 135 
Vertex 136 distance 26
0 133 136 
Vertex 137 distance 22
0 633 180 426 535 137 
Vertex 138 distance 17
0 633 180 138 
Vertex 139 distance 24
0 633 185 441 151 334 263 139 
Vertex 140 distance 26
0 123 371 438 190 515 600 219 140 
Vertex 141 distance 33
0 123 371 625 572 141 
Vertex 142 distance 20
0 633 185 508 142 
Vertex 143 distance 55
0 633 185 386 109 267 506 143 
Vertex 144 distance 36
0 633 295 510 330 144 
Vertex 145 distance 28
0 633 185 508 207 232 145 
Vertex 146 distance 23
0 633 185 508 142 146 
Vertex 147 distance 28
0 123 371 467 108 147 
Vertex 148 distance 31
0 633 295 40 314 181 148 
Vertex 149 distance 28
0 633 545 454 61 149 
Vertex 150 distance 28
0 123 371 625 326 150 
Vertex 151 distance 12
0 633 185 441 151 
Vertex 152 distance 35
0 123 371 177 433 75 152 
Vertex 153 distance 24
0 633 185 441 151 334 524 308 153 
Vertex 154 distance 35
0 633 165 628 4 400 212 154 
Vertex 155 distance 26
0 633 185 508 290 372 16 79 155 
Vertex 156 distance 16
0 633 545 156 
Vertex 157 distance 9
0 633 481 157 
Vertex 158 distance 30
0 633 185 508 207 555 455 131 158 
Vertex 159 distance 13
0 633 185 441 159 
Vertex 160 distance 31
0 633 545 454 61 529 160 
Vertex 161 distance 28
0 633 185 508 207 448 161 
Vertex 162 distance 26
0 43 228 102 347 420 162 
Vertex 163 distance 36
0 633 180 426 535 137 218 163 
Vertex 164 distance 28
0 633 185 508 207 555 455 164 
Vertex 165 distance 5
0 633 165 
Vertex 166 distance 26
0 633 185 441 166 
Vertex 167 distance 31
0 43 228 102 347 81 167 
Vertex 168 distance 33
0 633 185 441 151 334 524 465 41 236 264 168 
Vertex 169 distance 30
0 43 398 169 
Vertex 170 distance 29
0 633 185 441 260 170 
Vertex 171 distance 22
0 205 216 171 
Vertex 172 distance 31
0 633 185 508 207 555 129 172 
Vertex 173 distance 21
0 633 180 426 273 173 
Vertex 174 distance 34
0 633 481 157 557 15 574 517 174 
Vertex 175 distance 30
0 633 185 386 109 267 506 29 175 
Vertex 176 distance 25
0 633 545 454 61 176 
Vertex 177 distance 10
0 123 371 177 
Vertex 178 distance 8
0 123 371 625 178 
Vertex 179 distance 25
0 633 304 514 367 122 8 124 179 
Vertex 180 distance 8
0 633 180 
Vertex 181 distance 27
0 633 295 40 314 181 
Vertex 182 distance 27
0 633 185 386 109 267 506 570 182 
Vertex 183 distance 21
0 633 532 583 183 
Vertex 184 distance 34
0 205 216 171 184 
Vertex 185 distance 3
0 633 185 
Vertex 186 distance 28
0 123 371 467 186 
Vertex 187 distance 25
0 633 180 138 230 209 187 
Vertex 188 distance 20
0 633 185 386 250 343 188 
Vertex 189 distance 25
0 123 371 438 190 515 189 
Vertex 190 distance 14
0 123 371 438 190 
Vertex 191 distance 27
0 633 185 441 200 434 191 
Vertex 192 distance 26
0 633 165 192 
Vertex 193 distance 39
0 633 185 441 151 334 524 308 153 193 
Vertex 194 distance 30
0 633 481 157 403 194 
Vertex 195 distance 26
0 633 481 157 557 15 256 195 
Vertex 196 distance 32
0 123 371 438 190 196 
Vertex 197 distance 43
0 633 185 386 27 333 598 329 112 247 197 
Vertex 198 distance 34
0 633 185 441 159 388 198 
Vertex 199 distance 23
0 633 185 508 207 448 199 
Vertex 200 distance 15
0 633 185 441 200 
Vertex 201 distance 30
0 633 185 386 86 361 269 584 201 
Vertex 202 distance 35
0 633 545 454 61 529 160 202 
Vertex 203 distance 31
0 123 371 438 52 203 
Vertex 204 distance 29
0 43 636 327 204 
Vertex 205 distance 14
0 205 
Vertex 206 distance 33
0 633 180 138 370 206 
Vertex 207 distance 10
0 633 185 508 207 
Vertex 208 distance 33
0 633 165 628 424 208 
Vertex 209 distance 20
0 633 180 138 230 209 
Vertex 210 distance 19
0 633 185 386 210 
Vertex 211 distance 31
0 633 185 508 121 222 453 211 
Vertex 212 distance 26
0 633 165 628 4 400 212 
Vertex 213 distance 24
0 633 185 508 121 222 453 115 213 
Vertex 214 distance 32
0 633 185 508 121 222 453 214 
Vertex 215 distance 29
0 633 185 508 290 372 16 14 215 
Vertex 216 distance 20
0 205 216 
Vertex 217 distance 37
0 633 304 612 325 217 
Vertex 218 distance 30
0 633 180 426 535 137 218 
Vertex 219 distance 25
0 123 371 438 190 515 600 219 
Vertex 220 distance 28
0 205 216 171 220 
Vertex 221 distance 28
0 633 304 514 367 521 221 
Vertex 222 distance 16
0 633 185 508 121 222 
Vertex 223 distance 20
0 633 223 
Vertex 224 distance 21
0 123 371 177 433 224 
Vertex 225 distance 27
0 633 185 508 207 232 589 225 
Vertex 226 distance 29
0 633 185 386 226 
Vertex 227 distance 34
0 254 397 227 
Vertex 228 distance 9
0 43 228 
Vertex 229 distance 23
0 43 228 44 229 
Vertex 230 distance 18
0 633 180 138 230 
Vertex 231 distance 38
0 633 185 441 151 334 524 465 41 236 272 231 
Vertex 232 distance 20
0 633 185 508 207 232 
Vertex 233 distance 24
0 633 165 439 289 42 116 233 
Vertex 234 distance 31
0 123 371 7 592 234 
Vertex 235 distance 31
0 633 185 508 121 82 610 469 235 
Vertex 236 distance 24
0 633 185 441 151 334 524 465 41 236 
Vertex 237 distance 30
0 123 371 447 237 
Vertex 238 distance 29
0 633 185 508 207 555 238 
Vertex 239 distance 28
0 43 228 102 347 239 
Vertex 240 distance 46
0 633 481 157 557 15 256 240 
Vertex 241 distance 30
0 633 185 441 159 383 117 241 
Vertex 242 distance 24
0 123 371 438 242 
Vertex 243 distance 27
0 633 185 386 109 267 415 243 
Vertex 244 distance 35
0 633 165 439 289 42 62 244 
Vertex 245 distance 29
0 633 185 508 290 372 245 
Vertex 246 distance 24
0 633 481 157 403 246 
Vertex 247 distance 37
0 633 185 386 27 333 598 329 112 247 
Vertex 248 distance 26
0 633 185 508 207 622 248 
Vertex 249 distance 26
0 633 185 441 151 334 524 465 249 
Vertex 250 distance 18
0 633 185 386 250 
Vertex 251 distance 24
0 633 545 156 251 
Vertex 252 distance 26
0 633 481 157 557 408 31 252 
Vertex 253 distance 33
0 633 481 253 
Vertex 254 distance 19
0 254 
Vertex 255 distance 29
0 205 216 255 
Vertex 256 distance 22
0 633 481 157 557 15 256 
Vertex 257 distance 21
0 633 185 508 142 257 
Vertex 258 distance 24
0 123 258 
Vertex 259 distance 34
0 633 180 331 301 527 502 259 
Vertex 260 distance 26
0 633 185 441 260 
Vertex 261 distance 36
0 633 185 386 109 267 415 243 261 
Vertex 262 distance 21
0 633 223 262 
Vertex 263 distance 18
0 633 185 441 151 334 263 
Vertex 264 distance 27
0 633 185 441 151 334 524 465 41 236 264 
Vertex 265 distance 31
0 633 295 40 314 265 
Vertex 266 distance 32
0 633 185 508 207 555 455 266 
Vertex 267 distance 18
0 633 185 386 109 267 
Vertex 268 distance 24
0 633 165 628 4 277 268 
Vertex 269 distance 25
0 633 185 386 86 361 269 
Vertex 270 distance 31
0 633 185 508 142 257 68 366 270 
Vertex 271 distance 36
0 123 371 438 52 271 
Vertex 272 distance 25
0 633 185 441 151 334 524 465 41 236 272 
Vertex 273 distance 20
0 633 180 426 273 
Vertex 274 distance 28
0 633 481 157 557 274 
Vertex 275 distance 39
0 633 185 441 151 334 553 577 275 
Vertex 276 distance 30
0 633 304 514 367 521 221 276 
Vertex 277 distance 18
0 633 165 628 4 277 
Vertex 278 distance 41
0 633 165 439 289 291 292 350 278 
Vertex 279 distance 34
0 633 185 441 151 334 524 465 41 538 279 
Vertex 280 distance 29
0 123 371 438 190 515 600 219 140 280 
Vertex 281 distance 27
0 633 180 331 613 281 
Vertex 282 distance 39
0 123 371 467 186 282 
Vertex 283 distance 33
0 633 185 386 86 361 452 590 283 
Vertex 284 distance 28
0 633 165 192 284 
Vertex 285 distance 42
0 43 398 169 362 285 
Vertex 286 distance 32
0 123 371 447 286 
Vertex 287 distance 17
0 123 371 177 287 
Vertex 288 distance 22
0 633 180 426 535 288 
Vertex 289 distance 8
0 633 165 439 289 
Vertex 290 distance 16
0 633 185 508 290 
Vertex 291 distance 27
0 633 165 439 289 291 
Vertex 292 distance 28
0 633 165 439 289 291 292 
Vertex 293 distance 28
0 43 228 44 495 293 
Vertex 294 distance 25
0 633 481 157 557 408 294 
Vertex 295 distance 10
0 633 295 
Vertex 296 distance 28
0 633 481 157 627 26 296 
Vertex 297 distance 29
0 633 180 331 613 281 297 
Vertex 298 distance 25
0 633 185 508 92 631 298 
Vertex 299 distance 37
0 633 180 138 230 209 531 299 
Vertex 300 distance 26
0 123 371 467 323 300 
Vertex 301 distance 24
0 633 180 331 301 
Vertex 302 distance 23
0 633 223 262 302 
Vertex 303 distance 21
0 633 185 508 207 555 455 303 
Vertex 304 distance 15
0 633 304 
Vertex 305 distance 24
0 633 180 426 273 606 305 
Vertex 306 distance 28
0 123 371 467 323 306 
Vertex 307 distance 26
0 43 636 327 307 
Vertex 308 distance 22
0 633 185 441 151 334 524 308 
Vertex 309 distance 29
0 633 185 386 86 361 309 
Vertex 310 distance 37
0 633 185 441 200 434 324 310 
Vertex 311 distance 23
0 633 185 508 207 555 455 311 
Vertex 312 distance 33
0 633 185 441 151 334 524 308 405 380 312 
Vertex 313 distance 27
0 633 185 386 27 333 76 313 
Vertex 314 distance 20
0 633 295 40 314 
Vertex 315 distance 23
0 633 588 315 
Vertex 316 distance 36
0 633 180 331 458 316 
Vertex 317 distance 18
0 123 371 177 287 317 
Vertex 318 distance 39
0 633 185 441 200 434 191 318 
Vertex 319 distance 30
0 633 185 508 92 319 
Vertex 320 distance 27
0 633 185 508 92 631 320 
Vertex 321 distance 32
0 633 185 441 200 434 21 321 
Vertex 322 distance 20
0 633 304 514 367 322 
Vertex 323 distance 23
0 123 371 467 323 
Vertex 324 distance 26
0 633 185 441 200 434 324 
Vertex 325 distance 26
0 633 304 612 325 
Vertex 326 distance 15
0 123 371 625 326 
Vertex 327 distance 25
0 43 636 327 
Vertex 328 distance 21
0 633 185 508 121 328 
Vertex 329 distance 28
0 633 185 386 27 333 598 329 
Vertex 330 distance 25
0 633 295 510 330 
Vertex 331 distance 15
0 633 180 331 
Vertex 332 distance 34
0 633 165 628 424 385 3 332 
Vertex 333 distance 20
0 633 185 386 27 333 
Vertex 334 distance 16
0 633 185 441 151 334 
Vertex 335 distance 28
0 633 588 376 335 
Vertex 336 distance 29
0 633 304 520 484 336 
Vertex 337 distance 27
0 633 185 508 290 372 373 337 
Vertex 338 distance 24
0 123 371 625 572 581 349 338 
Vertex 339 distance 26
0 633 545 454 339 
Vertex 340 distance 29
0 633 180 138 340 
Vertex 341 distance 24
0 633 304 514 367 122 8 341 
Vertex 342 distance 36
0 633 185 508 142 257 430 342 
Vertex 343 distance 19
0 633 185 386 250 343 
Vertex 344 distance 22
0 633 185 508 207 555 455 303 344 
Vertex 345 distance 20
0 123 371 625 572 468 345 
Vertex 346 distance 30
0 123 371 463 346 
Vertex 347 distance 21
0 43 228 102 347 
Vertex 348 distance 30
0 633 185 508 207 232 589 348 
Vertex 349 distance 20
0 123 371 625 572 581 349 
Vertex 350 distance 29
0 633 165 439 289 291 292 350 
Vertex 351 distance 41
0 633 180 331 301 527 502 259 351 
Vertex 352 distance 24
0 633 481 157 557 408 31 352 
Vertex 353 distance 31
0 633 185 386 109 267 506 353 
Vertex 354 distance 29
0 633 185 508 207 555 88 354 
Vertex 355 distance 25
0 123 371 625 572 468 345 355 
Vertex 356 distance 40
0 123 258 558 356 
Vertex 357 distance 23
0 633 180 426 273 606 357 
Vertex 358 distance 27
0 633 185 508 121 82 548 358 
Vertex 359 distance 28
0 633 185 508 207 555 455 311 359 
Vertex 360 distance 30
0 633 165 449 360 
Vertex 361 distance 23
0 633 185 386 86 361 
Vertex 362 distance 39
0 43 398 169 362 
Vertex 363 distance 46
0 633 185 508 290 372 373 337 425 363 
Vertex 364 distance 32
0 43 228 44 364 
Vertex 365 distance 31
0 633 295 510 64 365 
Vertex 366 distance 29
0 633 185 508 142 257 68 366 
Vertex 367 distance 18
0 633 304 514 367 
Vertex 368 distance 21
0 633 185 386 109 267 368 
Vertex 369 distance 33
0 633 185 386 109 267 554 369 
Vertex 370 distance 27
0 633 180 138 370 
Vertex 371 distance 6
0 123 371 
Vertex 372 distance 19
0 633 185 508 290 372 
Vertex 373 distance 23
0 633 185 508 290 372 373 
Vertex 374 distance 34
0 633 185 508 121 82 548 358 374 
Vertex 375 distance 26
0 633 304 514 367 122 619 375 
Vertex 376 distance 22
0 633 588 376 
Vertex 377 distance 33
0 633 223 377 
Vertex 378 distance 34
0 633 185 386 86 361 452 378 
Vertex 379 distance 27
0 633 185 441 200 434 21 379 
Vertex 380 distance 32
0 633 185 441 151 334 524 308 405 380 
Vertex 381 distance 36
0 633 165 628 424 385 3 381 
Vertex 382 distance 24
0 123 371 177 478 382 
Vertex 383 distance 17
0 633 185 441 159 383 
Vertex 384 distance 33
0 633 180 426 535 137 49 384 
Vertex 385 distance 29
0 633 165 628 424 385 
Vertex 386 distance 6
0 633 185 386 
Vertex 387 distance 33
0 633 180 426 535 63 387 
Vertex 388 distance 24
0 633 185 441 159 388 
Vertex 389 distance 25
0 633 185 508 207 555 129 389 
Vertex 390 distance 33
0 633 180 138 230 209 187 390 
Vertex 391 distance 26
0 633 185 564 407 391 
Vertex 392 distance 28
0 633 185 441 151 334 392 
Vertex 393 distance 29
0 123 371 438 190 515 600 541 451 393 
Vertex 394 distance 34
0 123 371 438 450 443 394 
Vertex 395 distance 29
0 633 185 508 207 555 129 395 
Vertex 396 distance 42
0 254 396 
Vertex 397 distance 30
0 254 397 
Vertex 398 distance 24
0 43 398 
Vertex 399 distance 24
0 123 399 
Vertex 400 distance 24
0 633 165 628 4 400 
Vertex 401 distance 27
0 123 371 438 190 515 600 401 
Vertex 402 distance 27
0 633 185 564 417 402 
Vertex 403 distance 16
0 633 481 157 403 
Vertex 404 distance 28
0 633 304 514 367 122 8 341 404 
Vertex 405 distance 26
0 633 185 441 151 334 524 308 405 
Vertex 406 distance 33
0 633 180 331 301 527 406 
Vertex 407 distance 24
0 633 185 564 407 
Vertex 408 distance 21
0 633 481 157 557 408 
Vertex 409 distance 21
0 633 185 441 200 409 
Vertex 410 distance 30
0 633 304 561 410 
Vertex 411 distance 28
0 633 185 564 413 411 
Vertex 412 distance 30
0 633 185 508 207 232 412 
Vertex 413 distance 27
0 633 185 564 413 
Vertex 414 distance 17
0 43 228 414 
Vertex 415 distance 21
0 633 185 386 109 267 415 
Vertex 416 distance 19
0 633 185 441 200 434 416 
Vertex 417 distance 20
0 633 185 564 417 
Vertex 418 distance 29
0 43 636 327 418 
Vertex 419 distance 39
0 123 371 438 52 271 419 
Vertex 420 distance 22
0 43 228 102 347 420 
Vertex 421 distance 22
0 633 185 508 290 372 421 
Vertex 422 distance 29
0 633 185 386 27 333 422 
Vertex 423 distance 23
0 123 371 625 114 568 423 
Vertex 424 distance 18
0 633 165 628 424 
Vertex 425 distance 30
0 633 185 508 290 372 373 337 425 
Vertex 426 distance 15
0 633 180 426 
Vertex 427 distance 38
0 633 185 508 290 372 16 79 155 427 
Vertex 428 distance 38
0 43 228 102 347 420 162 428 
Vertex 429 distance 27
0 633 185 508 290 372 421 429 
Vertex 430 distance 22
0 633 185 508 142 257 430 
Vertex 431 distance 28
0 633 185 508 290 372 16 79 155 431 
Vertex 432 distance 56
0 633 185 441 200 434 432 
Vertex 433 distance 14
0 123 371 177 433 
Vertex 434 distance 17
0 633 185 441 200 434 
Vertex 435 distance 41
0 254 435 
Vertex 436 distance 36
0 43 228 102 347 436 
Vertex 437 distance 33
0 633 165 439 289 42 126 437 
Vertex 438 distance 13
0 123 371 438 
Vertex 439 distance 6
0 633 165 439 
Vertex 440 distance 25
0 633 185 441 151 334 263 139 440 
Vertex 441 distance 8
0 633 185 441 
Vertex 442 distance 31
0 633 185 564 407 442 
Vertex 443 distance 26
0 123 371 438 450 443 
Vertex 444 distance 31
0 123 371 625 326 150 444 
Vertex 445 distance 34
0 633 185 508 142 146 445 
Vertex 446 distance 38
0 633 481 157 557 408 130 446 
Vertex 447 distance 20
0 123 371 447 
Vertex 448 distance 16
0 633 185 508 207 448 
Vertex 449 distance 7
0 633 165 449 
Vertex 450 distance 20
0 123 371 438 450 
Vertex 451 distance 25
0 123 371 438 190 515 600 541 451 
Vertex 452 distance 27
0 633 185 386 86 361 452 
Vertex 453 distance 18
0 633 185 508 121 222 453 
Vertex 454 distance 16
0 633 545 454 
Vertex 455 distance 18
0 633 185 508 207 555 455 
Vertex 456 distance 26
0 633 295 510 64 456 
Vertex 457 distance 31
0 633 304 514 367 57 457 
Vertex 458 distance 23
0 633 180 331 458 
Vertex 459 distance 29
0 633 165 628 113 459 
Vertex 460 distance 30
0 123 371 625 114 568 127 460 
Vertex 461 distance 29
0 633 185 508 121 222 453 115 461 
Vertex 462 distance 31
0 633 481 157 557 408 31 352 462 
Vertex 463 distance 25
0 123 371 463 
Vertex 464 distance 25
0 633 185 386 27 333 76 48 464 
Vertex 465 distance 20
0 633 185 441 151 334 524 465 
Vertex 466 distance 22
0 633 185 441 200 466 
Vertex 467 distance 15
0 123 371 467 
Vertex 468 distance 19
0 123 371 625 572 468 
Vertex 469 distance 26
0 633 185 508 121 82 610 469 
Vertex 470 distance 35
0 633 481 157 557 408 31 252 575 470 
Vertex 471 distance 30
0 633 185 508 142 257 430 471 
Vertex 472 distance 39
0 633 185 508 121 222 453 472 
Vertex 473 distance 34
0 633 304 514 367 122 619 473 
Vertex 474 distance 27
0 633 185 508 290 372 16 14 474 
Vertex 475 distance 27
0 633 165 439 289 475 
Vertex 476 distance 42
0 633 185 386 27 333 422 476 
Vertex 477 distance 32
0 633 185 508 92 319 477 
Vertex 478 distance 17
0 123 371 177 478 
Vertex 479 distance 27
0 633 180 426 273 606 357 479 
Vertex 480 distance 28
0 633 180 331 301 527 480 
Vertex 481 distance 8
0 633 481 
Vertex 482 distance 30
0 43 636 327 418 482 
Vertex 483 distance 24
0 123 371 438 190 515 483 
Vertex 484 distance 28
0 633 304 520 484 
Vertex 485 distance 18
0 633 165 449 485 
Vertex 486 distance 30
0 123 371 438 242 22 486 
Vertex 487 distance 27
0 633 185 508 121 82 610 469 487 
Vertex 488 distance 29
0 633 185 508 142 257 430 488 
Vertex 489 distance 20
0 633 185 508 121 489 
Vertex 490 distance 23
0 633 185 386 27 333 76 490 
Vertex 491 distance 29
0 633 185 386 109 491 
Vertex 492 distance 27
0 633 185 508 492 
Vertex 493 distance 27
0 633 165 439 493 
Vertex 494 distance 25
0 633 545 454 494 
Vertex 495 distance 24
0 43 228 44 495 
Vertex 496 distance 27
0 633 545 454 596 607 496 
Vertex 497 distance 23
0 633 185 497 
Vertex 498 distance 32
0 633 185 441 200 434 324 498 
Vertex 499 distance 30
0 633 185 441 151 334 524 465 41 17 499 
Vertex 500 distance 39
0 633 185 508 290 500 
Vertex 501 distance 25
0 633 185 508 501 
Vertex 502 distance 30
0 633 180 331 301 527 502 
Vertex 503 distance 23
0 123 371 625 178 556 503 
Vertex 504 distance 29
0 633 545 504 
Vertex 505 distance 33
0 633 545 156 251 505 
Vertex 506 distance 24
0 633 185 386 109 267 506 
Vertex 507 distance 39
0 633 545 454 596 607 91 507 
Vertex 508 distance 9
0 633 185 508 
Vertex 509 distance 41
0 633 185 386 86 361 452 590 509 
Vertex 510 distance 17
0 633 295 510 
Vertex 511 distance 31
0 254 397 511 
Vertex 512 distance 32
0 633 185 508 290 372 16 512 
Vertex 513 distance 30
0 633 481 157 557 15 256 195 513 
Vertex 514 distance 16
0 633 304 514 
Vertex 515 distance 18
0 123 371 438 190 515 
Vertex 516 distance 39
0 633 180 331 301 527 516 
Vertex 517 distance 33
0 633 481 157 557 15 574 517 
Vertex 518 distance 25
0 633 185 386 27 333 598 518 
Vertex 519 distance 24
0 633 185 386 27 519 
Vertex 520 distance 27
0 633 304 520 
Vertex 521 distance 19
0 633 304 514 367 521 
Vertex 522 distance 20
0 633 165 628 4 277 522 
Vertex 523 distance 28
0 43 398 523 
Vertex 524 distance 19
0 633 185 441 151 334 524 
Vertex 525 distance 22
0 43 228 525 
Vertex 526 distance 35
0 633 545 526 
Vertex 527 distance 25
0 633 180 331 301 527 
Vertex 528 distance 30
0 633 185 441 200 434 324 632 528 
Vertex 529 distance 23
0 633 545 454 61 529 
Vertex 530 distance 20
0 205 530 
Vertex 531 distance 32
0 633 180 138 230 209 531 
Vertex 532 distance 12
0 633 532 
Vertex 533 distance 30
0 633 185 508 207 555 455 131 533 
Vertex 534 distance 27
0 633 545 156 251 534 
Vertex 535 distance 19
0 633 180 426 535 
Vertex 536 distance 28
0 633 481 157 557 408 31 252 536 
Vertex 537 distance 36
0 123 371 625 572 581 349 338 97 537 
Vertex 538 distance 23
0 633 185 441 151 334 524 465 41 538 
Vertex 539 distance 20
0 633 545 454 539 
Vertex 540 distance 32
0 633 185 508 290 372 16 14 540 
Vertex 541 distance 23
0 123 371 438 190 515 600 541 
Vertex 542 distance 37
0 633 185 441 151 334 524 465 41 538 279 542 
Vertex 543 distance 34
0 633 481 157 557 408 89 543 
Vertex 544 distance 28
0 633 185 386 210 544 
Vertex 545 distance 13
0 633 545 
Vertex 546 distance 26
0 633 185 564 546 
Vertex 547 distance 30
0 43 398 547 
Vertex 548 distance 26
0 633 185 508 121 82 548 
Vertex 549 distance 26
0 633 545 454 596 607 91 549 
Vertex 550 distance 31
0 123 371 438 190 515 550 
Vertex 551 distance 13
0 633 185 508 121 551 
Vertex 552 distance 34
0 633 185 508 142 257 68 552 
Vertex 553 distance 23
0 633 185 441 151 334 553 
Vertex 554 distance 26
0 633 185 386 109 267 554 
Vertex 555 distance 14
0 633 185 508 207 555 
Vertex 556 distance 22
0 123 371 625 178 556 
Vertex 557 distance 18
0 633 481 157 557 
Vertex 558 distance 28
0 123 258 558 
Vertex 559 distance 36
0 633 588 376 559 
Vertex 560 distance 27
0 633 165 628 560 
Vertex 561 distance 18
0 633 304 561 
Vertex 562 distance 30
0 123 371 177 478 74 562 
Vertex 563 distance 30
0 633 304 514 367 57 563 
Vertex 564 distance 15
0 633 185 564 
Vertex 565 distance 22
0 633 304 514 565 
Vertex 566 distance 24
0 633 185 441 151 334 263 566 
Vertex 567 distance 36
0 633 180 138 370 567 
Vertex 568 distance 19
0 123 371 625 114 568 
Vertex 569 distance 25
0 633 185 569 
Vertex 570 distance 25
0 633 185 386 109 267 506 570 
Vertex 571 distance 37
0 123 371 438 242 22 571 
Vertex 572 distance 17
0 123 371 625 572 
Vertex 573 distance 24
0 633 185 386 27 333 76 48 573 
Vertex 574 distance 27
0 633 481 157 557 15 574 
Vertex 575 distance 27
0 633 481 157 557 408 31 252 575 
Vertex 576 distance 32
0 633 185 508 142 146 576 
Vertex 577 distance 30
0 633 185 441 151 334 553 577 
Vertex 578 distance 32
0 633 185 508 207 578 
Vertex 579 distance 25
0 633 165 628 4 400 579 
Vertex 580 distance 23
0 123 371 580 
Vertex 581 distance 19
0 123 371 625 572 581 
Vertex 582 distance 27
0 633 185 508 121 328 582 
Vertex 583 distance 19
0 633 532 583 
Vertex 584 distance 27
0 633 185 386 86 361 269 584 
Vertex 585 distance 24
0 633 545 454 620 585 
Vertex 586 distance 22
0 633 532 583 183 586 
Vertex 587 distance 38
0 43 636 327 307 587 
Vertex 588 distance 17
0 633 588 
Vertex 589 distance 24
0 633 185 508 207 232 589 
Vertex 590 distance 30
0 633 185 386 86 361 452 590 
Vertex 591 distance 26
0 633 295 510 330 591 
Vertex 592 distance 29
0 123 371 7 592 
Vertex 593 distance 32
0 633 180 426 535 288 593 
Vertex 594 distance 26
0 633 532 583 183 594 
Vertex 595 distance 43
0 633 304 514 367 122 619 595 
Vertex 596 distance 19
0 633 545 454 596 
Vertex 597 distance 32
0 205 530 597 
Vertex 598 distance 24
0 633 185 386 27 333 598 
Vertex 599 distance 25
0 633 185 441 151 334 553 599 
Vertex 600 distance 22
0 123 371 438 190 515 600 
Vertex 601 distance 38
0 123 371 438 450 443 601 
Vertex 602 distance 30
0 633 304 514 367 322 39 602 
Vertex 603 distance 31
0 633 185 386 86 361 452 603 
Vertex 604 distance 32
0 633 185 564 413 411 604 
Vertex 605 distance 25
0 633 185 441 200 605 
Vertex 606 distance 22
0 633 180 426 273 606 
Vertex 607 distance 22
0 633 545 454 596 607 
Vertex 608 distance 31
0 123 371 625 608 
Vertex 609 distance 25
0 123 371 447 609 
Vertex 610 distance 24
0 633 185 508 121 82 610 
Vertex 611 distance 38
0 633 180 426 535 611 
Vertex 612 distance 23
0 633 304 612 
Vertex 613 distance 21
0 633 180 331 613 
Vertex 614 distance 40
0 633 185 508 207 555 129 395 614 
Vertex 615 distance 20
0 633 185 441 159 383 615 
Vertex 616 distance 30
0 633 481 157 557 408 31 252 536 616 
Vertex 617 distance 43
0 633 185 441 151 334 524 465 41 236 617 
Vertex 618 distance 29
0 123 371 177 433 224 618 
Vertex 619 distance 25
0 633 304 514 367 122 619 
Vertex 620 distance 19
0 633 545 454 620 
Vertex 621 distance 27
0 123 371 438 190 515 600 541 621 
Vertex 622 distance 23
0 633 185 508 207 622 
Vertex 623 distance 27
0 123 371 438 190 515 483 78 623 
Vertex 624 distance 27
0 633 185 508 121 222 453 624 
Vertex 625 distance 7
0 123 371 625 
Vertex 626 distance 33
0 633 165 439 493 100 626 
Vertex 627 distance 17
0 633 481 157 627 
Vertex 628 distance 12
0 633 165 628 
Vertex 629 distance 30
0 633 588 315 639 85 629 
Vertex 630 distance 24
0 633 185 508 121 630 
Vertex 631 distance 22
0 633 185 508 92 631 
Vertex 632 distance 28
0 633 185 441 200 434 324 632 
Vertex 633 distance 2
0 633 
Vertex 634 distance 34
0 633 165 628 10 634 
Vertex 635 distance 39
0 633 295 510 330 144 635 
Vertex 636 distance 18
0 43 636 
Vertex 637 distance 33
0 123 371 438 190 196 637 
Vertex 638 distance 33
0 133 638 
Vertex 639 distance 25
0 633 588 315 639 
