Vertex 0 distance 0
0 0 
Vertex 1 distance 17
0 113 397 549 524 48 1 
Vertex 2 distance 21
0 113 140 232 530 568 3 2 
Vertex 3 distance 15
0 113 140 232 530 568 3 
Vertex 4 distance 30
0 113 45 36 88 147 20 254 570 4 
Vertex 5 distance 9
0 113 397 549 5 
Vertex 6 distance 10
0 113 140 6 
Vertex 7 distance 21
0 113 45 557 498 559 159 473 203 7 
Vertex 8 distance 14
0 113 45 8 
Vertex 9 distance 13
0 113 52 117 343 9 
Vertex 10 distance 19
0 113 45 166 631 231 25 10 
Vertex 11 distance 13
0 279 250 404 11 
Vertex 12 distance 14
0 279 201 274 12 
Vertex 13 distance 13
0 113 45 557 498 559 13 
Vertex 14 distance 11
0 113 397 134 14 
Vertex 15 distance 18
0 113 397 369 457 85 51 210 188 15 
Vertex 16 distance 11
0 113 45 253 64 219 16 
Vertex 17 distance 16
0 113 45 253 64 17 
Vertex 18 distance 16
0 113 45 557 498 18 
Vertex 19 distance 21
0 113 52 117 343 9 153 19 
Vertex 20 distance 13
0 113 45 36 88 147 20 
Vertex 21 distance 18
0 113 140 580 260 21 
Vertex 22 distance 8
0 113 45 59 22 
Vertex 23 distance 17
0 113 45 59 453 395 44 23 
Vertex 24 distance 17
0 113 397 369 457 619 234 24 
Vertex 25 distance 12
0 113 45 166 631 231 25 
Vertex 26 distance 13
0 113 140 368 304 298 26 
Vertex 27 distance 17
0 113 45 253 64 219 192 636 213 27 
Vertex 28 distance 17
0 113 397 369 457 284 28 
Vertex 29 distance 10
0 113 45 59 453 380 29 
Vertex 30 distance 11
0 113 52 117 30 
Vertex 31 distance 19
0 113 45 253 278 562 71 31 
Vertex 32 distance 14
0 113 397 291 32 
Vertex 33 distance 24
0 113 45 557 498 18 33 
Vertex 34 distance 13
0 113 45 59 22 465 511 34 
Vertex 35 distance 14
0 113 397 369 82 307 302 35 
Vertex 36 distance 7
0 113 45 36 
Vertex 37 distance 16
0 113 397 369 457 572 335 411 37 
Vertex 38 distance 17
0 279 250 404 11 351 38 
Vertex 39 distance 9
0 113 397 369 457 399 39 
Vertex 40 distance 16
0 113 397 549 186 287 589 121 40 
Vertex 41 distance 17
0 113 45 166 631 231 204 300 41 
Vertex 42 distance 17
0 113 45 36 638 42 
Vertex 43 distance 18
0 113 397 369 82 307 245 190 43 
Vertex 44 distance 16
0 113 45 59 453 395 44 
Vertex 45 distance 3
0 113 45 
Vertex 46 distance 18
0 113 397 369 457 256 297 46 
Vertex 47 distance 15
0 113 45 59 453 467 47 
Vertex 48 distance 9
0 113 397 549 524 48 
Vertex 49 distance 17
0 113 397 549 186 287 198 49 
Vertex 50 distance 17
0 113 45 253 64 219 192 50 
Vertex 51 distance 10
0 113 397 369 457 85 51 
Vertex 52 distance 7
0 113 52 
Vertex 53 distance 11
0 113 45 557 498 559 53 
Vertex 54 distance 14
0 113 397 369 457 572 145 67 54 
Vertex 55 distance 11
0 113 397 134 355 55 
Vertex 56 distance 12
0 279 250 56 
Vertex 57 distance 15
0 113 397 291 471 387 280 344 57 
Vertex 58 distance 12
0 113 58 
Vertex 59 distance 5
0 113 45 59 
Vertex 60 distance 21
0 113 45 166 631 231 25 60 
Vertex 61 distance 17
0 113 397 134 14 61 
Vertex 62 distance 12
0 113 397 134 355 62 
Vertex 63 distance 19
0 113 140 376 63 
Vertex 64 distance 9
0 113 45 253 64 
Vertex 65 distance 13
0 113 45 557 143 65 
Vertex 66 distance 17
0 113 45 59 22 465 311 66 
Vertex 67 distance 13
0 113 397 369 457 572 145 67 
Vertex 68 distance 11
0 113 397 369 82 307 245 68 
Vertex 69 distance 13
0 113 45 253 64 219 16 69 
Vertex 70 distance 20
0 113 397 291 32 70 
Vertex 71 distance 14
0 113 45 253 278 562 71 
Vertex 72 distance 10
0 113 397 369 457 399 72 
Vertex 73 distance 17
0 113 397 369 457 619 73 
Vertex 74 distance 18
0 113 397 369 82 449 150 74 
Vertex 75 distance 18
0 113 397 549 524 586 194 75 
Vertex 76 distance 20
0 113 397 549 239 76 
Vertex 77 distance 19
0 113 397 369 457 399 72 270 189 77 
Vertex 78 distance 14
0 113 397 369 457 78 
Vertex 79 distance 23
0 279 250 404 444 407 79 
Vertex 80 distance 14
0 113 45 59 22 80 
Vertex 81 distance 19
0 113 397 549 186 287 589 121 40 81 
Vertex 82 distance 6
0 113 397 369 82 
Vertex 83 distance 14
0 113 52 117 83 
Vertex 84 distance 18
0 349 293 487 581 241 84 
Vertex 85 distance 8
0 113 397 369 457 85 
Vertex 86 distance 17
0 113 45 36 88 529 86 
Vertex 87 distance 17
0 113 45 166 631 231 204 300 87 
Vertex 88 distance 8
0 113 45 36 88 
Vertex 89 distance 13
0 349 293 264 89 
Vertex 90 distance 11
0 113 45 253 90 
Vertex 91 distance 18
0 113 397 134 355 480 555 91 
Vertex 92 distance 10
0 113 45 59 22 92 
Vertex 93 distance 19
0 113 45 59 350 112 392 432 93 
Vertex 94 distance 19
0 113 397 369 457 85 196 94 
Vertex 95 distance 11
0 113 45 95 
Vertex 96 distance 15
0 113 397 291 471 96 
Vertex 97 distance 13
0 113 45 557 498 559 53 97 
Vertex 98 distance 12
0 113 397 549 5 632 98 
Vertex 99 distance 20
0 113 397 549 186 287 589 121 40 99 
Vertex 100 distance 15
0 113 140 6 100 
Vertex 101 distance 15
0 113 52 117 438 409 101 
Vertex 102 distance 11
0 113 397 549 186 513 102 
Vertex 103 distance 11
0 113 397 369 82 307 245 103 
Vertex 104 distance 10
0 349 293 104 
Vertex 105 distance 16
0 113 45 557 498 559 515 105 
Vertex 106 distance 18
0 113 45 36 88 147 106 
Vertex 107 distance 18
0 113 397 134 493 322 222 176 107 
Vertex 108 distance 17
0 279 250 56 591 108 
Vertex 109 distance 22
0 113 397 134 605 109 
Vertex 110 distance 13
0 113 397 369 457 243 110 
Vertex 111 distance 14
0 113 45 59 453 380 29 290 111 
Vertex 112 distance 11
0 113 45 59 350 112 
Vertex 113 distance 1
0 113 
Vertex 114 distance 15
0 113 45 253 64 114 
Vertex 115 distance 20
0 113 397 549 5 632 598 139 115 
Vertex 116 distance 15
0 113 397 251 116 
Vertex 117 distance 8
0 113 52 117 
Vertex 118 distance 18
0 113 45 59 22 465 511 34 118 
Vertex 119 distance 14
0 113 45 166 631 231 204 119 
Vertex 120 distance 17
0 113 397 549 5 632 120 
Vertex 121 distance 11
0 113 397 549 186 287 589 121 
Vertex 122 distance 20
0 113 45 36 88 147 20 254 122 
Vertex 123 distance 15
0 113 397 369 457 85 123 
Vertex 124 distance 14
0 113 397 369 457 85 196 124 
Vertex 125 distance 22
0 279 250 404 11 351 125 
Vertex 126 distance 20
0 113 397 369 457 85 51 233 126 
Vertex 127 distance 14
0 113 397 612 127 
Vertex 128 distance 13
0 113 45 253 278 356 128 
Vertex 129 distance 19
0 113 397 291 471 387 280 344 57 129 
Vertex 130 distance 19
0 113 45 59 453 380 29 290 319 388 130 
Vertex 131 distance 15
0 113 52 117 182 131 
Vertex 132 distance 15
0 113 45 59 453 380 29 290 111 132 
Vertex 133 distance 15
0 113 397 369 457 243 110 133 
Vertex 134 distance 3
0 113 397 134 
Vertex 135 distance 10
0 113 45 166 631 180 135 
Vertex 136 distance 13
0 113 45 557 498 559 515 136 
Vertex 137 distance 13
0 113 45 166 631 180 137 
Vertex 138 distance 12
0 113 397 369 457 138 
Vertex 139 distance 15
0 113 397 549 5 632 598 139 
Vertex 140 distance 5
0 113 140 
Vertex 141 distance 15
0 113 397 369 457 399 72 421 141 
Vertex 142 distance 12
0 113 45 253 64 219 16 142 
Vertex 143 distance 10
0 113 45 557 143 
Vertex 144 distance 16
0 113 397 369 144 
Vertex 145 distance 11
0 113 397 369 457 572 145 
Vertex 146 distance 17
0 113 52 146 
Vertex 147 distance 10
0 113 45 36 88 147 
Vertex 148 distance 15
0 113 397 369 457 572 145 67 54 148 
Vertex 149 distance 15
0 113 45 36 149 
Vertex 150 distance 14
0 113 397 369 82 449 150 
Vertex 151 distance 20
0 113 397 369 82 307 245 190 151 
Vertex 152 distance 19
0 279 250 56 591 152 
Vertex 153 distance 15
0 113 52 117 343 9 153 
Vertex 154 distance 18
0 113 397 369 457 78 154 
Vertex 155 distance 17
0 113 45 557 498 559 155 
Vertex 156 distance 14
0 113 140 368 304 298 339 156 
Vertex 157 distance 18
0 113 397 549 524 420 157 
Vertex 158 distance 15
0 113 397 549 186 513 158 
Vertex 159 distance 14
0 113 45 557 498 559 159 
Vertex 160 distance 15
0 113 45 166 631 180 135 496 160 
Vertex 161 distance 14
0 113 140 368 615 161 
Vertex 162 distance 15
0 113 397 134 355 480 162 
Vertex 163 distance 16
0 113 397 251 116 163 
Vertex 164 distance 12
0 113 52 117 343 164 
Vertex 165 distance 14
0 113 397 134 355 480 165 
Vertex 166 distance 6
0 113 45 166 
Vertex 167 distance 17
0 113 45 451 167 
Vertex 168 distance 15
0 113 397 134 493 168 
Vertex 169 distance 18
0 113 45 36 88 147 20 254 333 169 
Vertex 170 distance 14
0 113 397 549 239 587 170 
Vertex 171 distance 17
0 113 45 36 88 147 20 254 570 171 
Vertex 172 distance 13
0 113 45 253 90 172 
Vertex 173 distance 18
0 113 397 549 5 632 598 139 173 
Vertex 174 distance 15
0 113 45 59 22 465 174 
Vertex 175 distance 19
0 113 397 134 175 
Vertex 176 distance 13
0 113 397 134 493 322 222 176 
Vertex 177 distance 15
0 113 397 549 5 632 598 177 
Vertex 178 distance 10
0 178 
Vertex 179 distance 18
0 279 201 383 179 
Vertex 180 distance 9
0 113 45 166 631 180 
Vertex 181 distance 15
0 113 397 549 186 181 
Vertex 182 distance 13
0 113 52 117 182 
Vertex 183 distance 16
0 113 397 549 524 48 202 528 183 
Vertex 184 distance 17
0 113 397 291 471 207 184 
Vertex 185 distance 22
0 113 52 117 343 164 459 506 185 
Vertex 186 distance 8
0 113 397 549 186 
Vertex 187 distance 18
0 113 45 166 631 231 204 214 187 
Vertex 188 distance 15
0 113 397 369 457 85 51 210 188 
Vertex 189 distance 15
0 113 397 369 457 399 72 270 189 
Vertex 190 distance 12
0 113 397 369 82 307 245 190 
Vertex 191 distance 12
0 113 45 59 191 
Vertex 192 distance 11
0 113 45 253 64 219 192 
Vertex 193 distance 14
0 113 397 369 457 572 261 193 
Vertex 194 distance 17
0 113 397 549 524 586 194 
Vertex 195 distance 20
0 113 397 549 186 228 514 603 195 
Vertex 196 distance 9
0 113 397 369 457 85 196 
Vertex 197 distance 16
0 113 45 451 292 197 
Vertex 198 distance 16
0 113 397 549 186 287 198 
Vertex 199 distance 19
0 113 397 549 186 287 589 121 199 
Vertex 200 distance 18
0 113 140 368 338 227 417 200 
Vertex 201 distance 11
0 279 201 
Vertex 202 distance 10
0 113 397 549 524 48 202 
Vertex 203 distance 17
0 113 45 557 498 559 159 473 203 
Vertex 204 distance 12
0 113 45 166 631 231 204 
Vertex 205 distance 22
0 113 140 580 205 
Vertex 206 distance 22
0 113 397 549 524 48 202 206 
Vertex 207 distance 11
0 113 397 291 471 207 
Vertex 208 distance 16
0 113 397 134 493 477 208 
Vertex 209 distance 16
0 113 397 369 457 399 72 426 209 
Vertex 210 distance 14
0 113 397 369 457 85 51 210 
Vertex 211 distance 17
0 113 397 291 471 317 377 211 
Vertex 212 distance 15
0 349 293 264 606 634 212 
Vertex 213 distance 16
0 113 45 253 64 219 192 636 213 
Vertex 214 distance 16
0 113 45 166 631 231 204 214 
Vertex 215 distance 14
0 113 52 117 343 9 215 
Vertex 216 distance 15
0 113 45 253 64 219 16 575 216 
Vertex 217 distance 15
0 113 397 134 355 55 217 
Vertex 218 distance 16
0 113 140 376 218 
Vertex 219 distance 10
0 113 45 253 64 219 
Vertex 220 distance 17
0 113 397 291 32 220 
Vertex 221 distance 16
0 113 397 369 82 307 245 103 221 
Vertex 222 distance 12
0 113 397 134 493 322 222 
Vertex 223 distance 13
0 113 397 369 457 85 223 
Vertex 224 distance 16
0 279 250 56 591 224 
Vertex 225 distance 15
0 113 397 134 493 322 222 225 
Vertex 226 distance 19
0 113 397 549 524 48 226 
Vertex 227 distance 12
0 113 140 368 338 227 
Vertex 228 distance 10
0 113 397 549 186 228 
Vertex 229 distance 15
0 113 397 549 239 587 229 
Vertex 230 distance 12
0 113 397 134 14 230 
Vertex 231 distance 9
0 113 45 166 631 231 
Vertex 232 distance 10
0 113 140 232 
Vertex 233 distance 15
0 113 397 369 457 85 51 233 
Vertex 234 distance 13
0 113 397 369 457 619 234 
Vertex 235 distance 18
0 113 45 253 278 478 235 
Vertex 236 distance 19
0 349 329 236 
Vertex 237 distance 15
0 113 45 36 88 237 
Vertex 238 distance 11
0 113 52 117 438 238 
Vertex 239 distance 10
0 113 397 549 239 
Vertex 240 distance 13
0 113 397 369 82 307 245 240 
Vertex 241 distance 16
0 349 293 487 581 241 
Vertex 242 distance 20
0 113 52 146 242 
Vertex 243 distance 12
0 113 397 369 457 243 
Vertex 244 distance 19
0 279 250 404 444 244 
Vertex 245 distance 9
0 113 397 369 82 307 245 
Vertex 246 distance 14
0 554 246 
Vertex 247 distance 18
0 113 397 549 239 247 
Vertex 248 distance 12
0 113 397 549 5 632 248 
Vertex 249 distance 17
0 113 397 291 471 96 249 
Vertex 250 distance 11
0 279 250 
Vertex 251 distance 13
0 113 397 251 
Vertex 252 distance 14
0 279 201 274 252 
Vertex 253 distance 8
0 113 45 253 
Vertex 254 distance 14
0 113 45 36 88 147 20 254 
Vertex 255 distance 18
0 349 293 487 581 255 
Vertex 256 distance 10
0 113 397 369 457 256 
Vertex 257 distance 17
0 113 397 549 186 401 624 257 
Vertex 258 distance 19
0 113 52 117 438 258 
Vertex 259 distance 13
0 113 397 549 239 587 259 
Vertex 260 distance 12
0 113 140 580 260 
Vertex 261 distance 13
0 113 397 369 457 572 261 
Vertex 262 distance 15
0 113 397 369 457 399 72 270 262 
Vertex 263 distance 17
0 113 397 251 116 163 263 
Vertex 264 distance 10
0 349 293 264 
Vertex 265 distance 16
0 113 397 549 524 48 202 528 265 
Vertex 266 distance 14
0 113 397 134 355 55 266 
Vertex 267 distance 12
0 113 45 557 143 431 267 
Vertex 268 distance 15
0 113 45 166 631 180 135 496 268 
Vertex 269 distance 13
0 113 45 166 269 
Vertex 270 distance 11
0 113 397 369 457 399 72 270 
Vertex 271 distance 17
0 113 45 59 22 465 511 271 
Vertex 272 distance 14
0 113 45 59 453 272 
Vertex 273 distance 15
0 113 397 369 457 85 273 
Vertex 274 distance 12
0 279 201 274 
Vertex 275 distance 15
0 113 397 134 493 322 222 275 
Vertex 276 distance 16
0 113 397 369 82 449 150 590 276 
Vertex 277 distance 16
0 113 45 59 453 395 277 
Vertex 278 distance 10
0 113 45 253 278 
Vertex 279 distance 8
0 279 
Vertex 280 distance 13
0 113 397 291 471 387 280 
Vertex 281 distance 13
0 279 250 404 281 
Vertex 282 distance 16
0 113 45 36 88 282 
Vertex 283 distance 17
0 113 52 117 438 409 283 
Vertex 284 distance 14
0 113 397 369 457 284 
Vertex 285 distance 21
0 113 397 369 457 85 196 285 
Vertex 286 distance 17
0 113 397 134 605 323 286 
Vertex 287 distance 9
0 113 397 549 186 287 
Vertex 288 distance 24
0 113 45 451 292 288 
Vertex 289 distance 18
0 113 45 166 631 180 137 289 
Vertex 290 distance 11
0 113 45 59 453 380 29 290 
Vertex 291 distance 8
0 113 397 291 
Vertex 292 distance 13
0 113 45 451 292 
Vertex 293 distance 9
0 349 293 
Vertex 294 distance 13
0 113 294 
Vertex 295 distance 10
0 113 45 59 22 465 295 
Vertex 296 distance 15
0 113 397 549 186 287 589 296 
Vertex 297 distance 13
0 113 397 369 457 256 297 
Vertex 298 distance 11
0 113 140 368 304 298 
Vertex 299 distance 20
0 113 45 59 22 465 511 299 
Vertex 300 distance 16
0 113 45 166 631 231 204 300 
Vertex 301 distance 13
0 113 45 557 143 301 
Vertex 302 distance 8
0 113 397 369 82 307 302 
Vertex 303 distance 19
0 113 397 134 493 322 222 225 303 
Vertex 304 distance 8
0 113 140 368 304 
Vertex 305 distance 18
0 113 140 376 305 
Vertex 306 distance 22
0 113 45 36 88 147 20 254 570 306 
Vertex 307 distance 7
0 113 397 369 82 307 
Vertex 308 distance 17
0 113 45 253 278 478 375 308 
Vertex 309 distance 17
0 113 397 549 186 513 102 309 
Vertex 310 distance 15
0 113 45 59 453 272 310 
Vertex 311 distance 15
0 113 45 59 22 465 311 
Vertex 312 distance 18
0 113 397 549 186 228 514 603 312 
Vertex 313 distance 13
0 113 45 253 278 313 
Vertex 314 distance 21
0 113 45 253 278 562 314 
Vertex 315 distance 18
0 113 397 369 457 572 335 315 
Vertex 316 distance 11
0 316 
Vertex 317 distance 12
0 113 397 291 471 317 
Vertex 318 distance 19
0 113 397 549 186 228 437 318 
Vertex 319 distance 14
0 113 45 59 453 380 29 290 319 
Vertex 320 distance 16
0 113 45 36 88 147 20 254 320 
Vertex 321 distance 14
0 113 397 549 5 632 98 321 
Vertex 322 distance 11
0 113 397 134 493 322 
Vertex 323 distance 16
0 113 397 134 605 323 
Vertex 324 distance 16
0 113 397 549 186 287 403 324 
Vertex 325 distance 16
0 349 293 487 581 325 
Vertex 326 distance 15
0 113 397 369 457 619 326 
Vertex 327 distance 17
0 113 397 369 457 85 51 552 327 
Vertex 328 distance 17
0 113 397 369 82 449 150 328 
Vertex 329 distance 15
0 349 329 
Vertex 330 distance 15
0 113 397 549 186 287 589 121 330 
Vertex 331 distance 12
0 113 52 117 438 331 
Vertex 332 distance 12
0 113 397 549 186 513 490 332 
Vertex 333 distance 15
0 113 45 36 88 147 20 254 333 
Vertex 334 distance 20
0 113 140 368 304 357 334 
Vertex 335 distance 10
0 113 397 369 457 572 335 
Vertex 336 distance 15
0 113 45 253 64 219 16 142 336 
Vertex 337 distance 12
0 113 397 369 457 399 72 270 337 
Vertex 338 distance 11
0 113 140 368 338 
Vertex 339 distance 13
0 113 140 368 304 298 339 
Vertex 340 distance 21
0 113 397 291 471 207 492 340 
Vertex 341 distance 21
0 113 397 134 493 322 222 341 
Vertex 342 distance 13
0 113 397 134 493 322 342 
Vertex 343 distance 10
0 113 52 117 343 
Vertex 344 distance 14
0 113 397 291 471 387 280 344 
Vertex 345 distance 14
0 113 397 291 471 207 492 345 
Vertex 346 distance 13
0 113 397 612 534 346 
Vertex 347 distance 9
0 113 397 369 347 
Vertex 348 distance 17
0 113 58 502 348 
Vertex 349 distance 8
0 349 
Vertex 350 distance 10
0 113 45 59 350 
Vertex 351 distance 16
0 279 250 404 11 351 
Vertex 352 distance 11
0 113 45 59 22 352 
Vertex 353 distance 10
0 113 397 549 5 353 
Vertex 354 distance 10
0 354 
Vertex 355 distance 9
0 113 397 134 355 
Vertex 356 distance 12
0 113 45 253 278 356 
Vertex 357 distance 9
0 113 140 368 304 357 
Vertex 358 distance 15
0 113 45 59 22 507 358 
Vertex 359 distance 15
0 113 397 134 359 
Vertex 360 distance 18
0 113 397 549 524 420 360 
Vertex 361 distance 14
0 113 140 6 361 
Vertex 362 distance 18
0 113 45 557 498 559 159 362 
Vertex 363 distance 20
0 113 45 253 64 219 16 575 464 363 
Vertex 364 distance 18
0 113 397 369 457 399 39 364 
Vertex 365 distance 15
0 113 397 291 471 207 492 365 
Vertex 366 distance 12
0 113 45 59 22 366 
Vertex 367 distance 20
0 113 397 369 82 307 503 367 
Vertex 368 distance 7
0 113 140 368 
Vertex 369 distance 5
0 113 397 369 
Vertex 370 distance 19
0 113 45 253 64 219 192 636 213 370 
Vertex 371 distance 17
0 113 397 134 355 480 371 
Vertex 372 distance 12
0 113 397 369 457 572 372 
Vertex 373 distance 11
0 113 397 369 457 85 51 373 
Vertex 374 distance 13
0 113 397 369 457 572 335 411 374 
Vertex 375 distance 14
0 113 45 253 278 478 375 
Vertex 376 distance 15
0 113 140 376 
Vertex 377 distance 13
0 113 397 291 471 317 377 
Vertex 378 distance 16
0 113 397 549 5 632 98 378 
Vertex 379 distance 13
0 113 397 549 186 401 379 
Vertex 380 distance 8
0 113 45 59 453 380 
Vertex 381 distance 15
0 113 45 253 278 562 71 381 
Vertex 382 distance 20
0 113 52 117 438 258 382 
Vertex 383 distance 16
0 279 201 383 
Vertex 384 distance 15
0 113 397 134 384 
Vertex 385 distance 17
0 113 45 253 90 450 385 
Vertex 386 distance 16
0 113 397 134 359 386 
Vertex 387 distance 11
0 113 397 291 471 387 
Vertex 388 distance 16
0 113 45 59 453 380 29 290 319 388 
Vertex 389 distance 15
0 349 293 487 581 389 
Vertex 390 distance 17
0 113 397 369 457 85 51 210 188 390 
Vertex 391 distance 16
0 113 45 253 278 313 593 391 
Vertex 392 distance 13
0 113 45 59 350 112 392 
Vertex 393 distance 16
0 113 45 253 90 450 393 
Vertex 394 distance 15
0 113 45 36 638 394 
Vertex 395 distance 11
0 113 45 59 453 395 
Vertex 396 distance 15
0 113 397 369 82 307 245 190 446 396 
Vertex 397 distance 2
0 113 397 
Vertex 398 distance 22
0 113 397 549 186 287 198 49 398 
Vertex 399 distance 8
0 113 397 369 457 399 
Vertex 400 distance 16
0 113 45 59 453 380 423 400 
Vertex 401 distance 12
0 113 397 549 186 401 
Vertex 402 distance 20
0 113 397 369 457 138 402 
Vertex 403 distance 11
0 113 397 549 186 287 403 
Vertex 404 distance 12
0 279 250 404 
Vertex 405 distance 15
0 113 397 134 355 62 405 
Vertex 406 distance 20
0 113 45 451 637 501 406 
Vertex 407 distance 16
0 279 250 404 444 407 
Vertex 408 distance 14
0 113 140 232 530 408 
Vertex 409 distance 12
0 113 52 117 438 409 
Vertex 410 distance 14
0 113 397 369 457 572 261 410 
Vertex 411 distance 12
0 113 397 369 457 572 335 411 
Vertex 412 distance 16
0 113 397 469 412 
Vertex 413 distance 14
0 113 45 166 631 231 25 413 
Vertex 414 distance 15
0 113 52 117 343 539 414 
Vertex 415 distance 19
0 113 45 557 143 301 415 
Vertex 416 distance 18
0 113 45 59 22 422 416 
Vertex 417 distance 13
0 113 140 368 338 227 417 
Vertex 418 distance 22
0 113 45 36 88 147 20 254 333 418 
Vertex 419 distance 11
0 113 397 549 239 419 
Vertex 420 distance 9
0 113 397 549 524 420 
Vertex 421 distance 14
0 113 397 369 457 399 72 421 
Vertex 422 distance 9
0 113 45 59 22 422 
Vertex 423 distance 10
0 113 45 59 453 380 423 
Vertex 424 distance 17
0 113 45 59 22 465 424 
Vertex 425 distance 10
0 113 140 368 304 357 425 
Vertex 426 distance 14
0 113 397 369 457 399 72 426 
Vertex 427 distance 30
0 113 45 59 22 427 
Vertex 428 distance 16
0 113 397 369 457 85 273 428 
Vertex 429 distance 19
0 113 397 369 457 399 583 429 
Vertex 430 distance 15
0 113 397 369 457 619 234 430 
Vertex 431 distance 11
0 113 45 557 143 431 
Vertex 432 distance 14
0 113 45 59 350 112 392 432 
Vertex 433 distance 20
0 349 293 264 89 433 
Vertex 434 distance 22
0 113 45 59 453 467 47 434 
Vertex 435 distance 13
0 113 397 549 186 513 102 435 
Vertex 436 distance 17
0 113 45 59 453 380 29 290 436 
Vertex 437 distance 18
0 113 397 549 186 228 437 
Vertex 438 distance 10
0 113 52 117 438 
Vertex 439 distance 16
0 113 45 36 638 439 
Vertex 440 distance 14
0 113 45 59 453 467 440 
Vertex 441 distance 15
0 113 397 549 186 441 
Vertex 442 distance 22
0 113 397 369 457 85 196 442 
Vertex 443 distance 19
0 113 397 369 457 85 123 443 
Vertex 444 distance 14
0 279 250 404 444 
Vertex 445 distance 17
0 113 45 557 143 301 445 
Vertex 446 distance 13
0 113 397 369 82 307 245 190 446 
Vertex 447 distance 15
0 113 140 232 447 
Vertex 448 distance 18
0 113 58 502 348 448 
Vertex 449 distance 8
0 113 397 369 82 449 
Vertex 450 distance 12
0 113 45 253 90 450 
Vertex 451 distance 10
0 113 45 451 
Vertex 452 distance 13
0 113 45 166 631 231 204 452 
Vertex 453 distance 6
0 113 45 59 453 
Vertex 454 distance 15
0 113 140 6 454 
Vertex 455 distance 18
0 113 140 368 304 357 425 531 455 
Vertex 456 distance 17
0 113 397 291 471 207 492 456 
Vertex 457 distance 6
0 113 397 369 457 
Vertex 458 distance 16
0 113 140 232 530 568 3 458 
Vertex 459 distance 14
0 113 52 117 343 164 459 
Vertex 460 distance 14
0 113 397 549 239 460 
Vertex 461 distance 21
0 113 397 291 471 317 377 461 
Vertex 462 distance 14
0 279 250 404 11 462 
Vertex 463 distance 13
0 113 45 59 453 463 
Vertex 464 distance 15
0 113 45 253 64 219 16 575 464 
Vertex 465 distance 9
0 113 45 59 22 465 
Vertex 466 distance 14
0 113 140 368 615 466 
Vertex 467 distance 9
0 113 45 59 453 467 
Vertex 468 distance 14
0 349 293 487 468 
Vertex 469 distance 12
0 113 397 469 
Vertex 470 distance 16
0 113 45 253 278 356 128 470 
Vertex 471 distance 10
0 113 397 291 471 
Vertex 472 distance 17
0 113 45 59 22 507 472 
Vertex 473 distance 16
0 113 45 557 498 559 159 473 
Vertex 474 distance 14
0 113 45 166 631 231 25 474 
Vertex 475 distance 15
0 279 250 56 475 
Vertex 476 distance 18
0 113 397 369 82 307 245 103 629 476 
Vertex 477 distance 15
0 113 397 134 493 477 
Vertex 478 distance 13
0 113 45 253 278 478 
Vertex 479 distance 12
0 113 397 369 457 572 479 
Vertex 480 distance 11
0 113 397 134 355 480 
Vertex 481 distance 15
0 113 397 612 481 
Vertex 482 distance 7
0 482 
Vertex 483 distance 15
0 113 397 549 186 228 485 483 
Vertex 484 distance 15
0 113 45 59 484 
Vertex 485 distance 13
0 113 397 549 186 228 485 
Vertex 486 distance 20
0 113 397 549 186 287 403 324 486 
Vertex 487 distance 10
0 349 293 487 
Vertex 488 distance 16
0 113 397 612 127 488 
Vertex 489 distance 22
0 113 397 369 457 572 335 489 
Vertex 490 distance 10
0 113 397 549 186 513 490 
Vertex 491 distance 16
0 279 250 56 491 
Vertex 492 distance 13
0 113 397 291 471 207 492 
Vertex 493 distance 9
0 113 397 134 493 
Vertex 494 distance 13
0 113 52 117 504 582 494 
Vertex 495 distance 13
0 113 397 134 14 495 
Vertex 496 distance 13
0 113 45 166 631 180 135 496 
Vertex 497 distance 14
0 113 397 134 493 322 222 176 497 
Vertex 498 distance 9
0 113 45 557 498 
Vertex 499 distance 14
0 113 397 369 82 307 245 103 499 
Vertex 500 distance 11
0 113 397 369 82 307 500 
Vertex 501 distance 16
0 113 45 451 637 501 
Vertex 502 distance 16
0 113 58 502 
Vertex 503 distance 16
0 113 397 369 82 307 503 
Vertex 504 distance 11
0 113 52 117 504 
Vertex 505 distance 25
0 113 45 59 22 465 295 505 
Vertex 506 distance 19
0 113 52 117 343 164 459 506 
Vertex 507 distance 9
0 113 45 59 22 507 
Vertex 508 distance 30
0 113 45 253 64 219 192 636 508 
Vertex 509 distance 14
0 113 397 369 82 307 500 509 
Vertex 510 distance 18
0 113 397 369 457 572 335 411 630 510 
Vertex 511 distance 12
0 113 45 59 22 465 511 
Vertex 512 distance 13
0 113 397 369 512 
Vertex 513 distance 9
0 113 397 549 186 513 
Vertex 514 distance 12
0 113 397 549 186 228 514 
Vertex 515 distance 12
0 113 45 557 498 559 515 
Vertex 516 distance 14
0 113 397 369 457 572 335 516 
Vertex 517 distance 17
0 113 45 59 350 517 
Vertex 518 distance 15
0 518 
Vertex 519 distance 19
0 113 45 166 631 180 135 496 268 519 
Vertex 520 distance 16
0 316 520 
Vertex 521 distance 20
0 113 397 369 457 256 521 
Vertex 522 distance 13
0 113 45 557 522 
Vertex 523 distance 16
0 113 397 369 82 307 245 240 523 
Vertex 524 distance 8
0 113 397 549 524 
Vertex 525 distance 18
0 113 397 549 186 228 525 
Vertex 526 distance 13
0 113 45 166 631 526 
Vertex 527 distance 18
0 113 45 59 22 465 311 527 
Vertex 528 distance 11
0 113 397 549 524 48 202 528 
Vertex 529 distance 11
0 113 45 36 88 529 
Vertex 530 distance 12
0 113 140 232 530 
Vertex 531 distance 15
0 113 140 368 304 357 425 531 
Vertex 532 distance 16
0 113 45 557 498 559 515 136 532 
Vertex 533 distance 14
0 113 45 59 533 
Vertex 534 distance 12
0 113 397 612 534 
Vertex 535 distance 16
0 113 397 549 186 287 535 
Vertex 536 distance 12
0 113 45 59 350 536 
Vertex 537 distance 20
0 113 45 59 350 537 
Vertex 538 distance 14
0 113 397 369 82 307 245 538 
Vertex 539 distance 14
0 113 52 117 343 539 
Vertex 540 distance 20
0 113 397 549 186 228 514 603 312 540 
Vertex 541 distance 19
0 113 397 549 186 228 541 
Vertex 542 distance 20
0 113 397 369 82 307 245 103 542 
Vertex 543 distance 15
0 113 45 253 278 562 543 
Vertex 544 distance 22
0 113 397 369 82 307 544 
Vertex 545 distance 19
0 113 397 369 457 399 39 364 545 
Vertex 546 distance 17
0 113 45 166 631 180 135 496 160 546 
Vertex 547 distance 12
0 113 52 117 504 547 
Vertex 548 distance 23
0 113 140 376 305 548 
Vertex 549 distance 6
0 113 397 549 
Vertex 550 distance 15
0 113 45 253 64 219 550 
Vertex 551 distance 15
0 113 397 134 493 322 222 551 
Vertex 552 distance 16
0 113 397 369 457 85 51 552 
Vertex 553 distance 19
0 113 45 166 631 180 135 496 268 633 553 
Vertex 554 distance 13
0 554 
Vertex 555 distance 15
0 113 397 134 355 480 555 
Vertex 556 distance 10
0 113 397 369 82 307 556 
Vertex 557 distance 8
0 113 45 557 
Vertex 558 distance 16
0 113 45 36 88 529 558 
Vertex 559 distance 10
0 113 45 557 498 559 
Vertex 560 distance 17
0 113 140 368 338 560 
Vertex 561 distance 20
0 113 140 368 304 298 561 
Vertex 562 distance 12
0 113 45 253 278 562 
Vertex 563 distance 19
0 113 45 253 278 478 375 308 563 
Vertex 564 distance 19
0 113 45 59 453 380 423 564 
Vertex 565 distance 15
0 349 293 264 606 565 
Vertex 566 distance 25
0 113 45 59 191 566 
Vertex 567 distance 12
0 113 567 
Vertex 568 distance 14
0 113 140 232 530 568 
Vertex 569 distance 13
0 113 397 549 239 569 
Vertex 570 distance 16
0 113 45 36 88 147 20 254 570 
Vertex 571 distance 14
0 113 45 59 453 571 
Vertex 572 distance 9
0 113 397 369 457 572 
Vertex 573 distance 20
0 113 397 549 5 632 248 573 
Vertex 574 distance 16
0 113 140 368 304 298 339 574 
Vertex 575 distance 14
0 113 45 253 64 219 16 575 
Vertex 576 distance 15
0 113 397 134 355 62 576 
Vertex 577 distance 13
0 113 140 232 530 577 
Vertex 578 distance 30
0 113 397 549 186 287 198 49 578 
Vertex 579 distance 15
0 354 579 
Vertex 580 distance 11
0 113 140 580 
Vertex 581 distance 12
0 349 293 487 581 
Vertex 582 distance 12
0 113 52 117 504 582 
Vertex 583 distance 16
0 113 397 369 457 399 583 
Vertex 584 distance 16
0 113 45 253 64 114 584 
Vertex 585 distance 18
0 113 52 117 343 585 
Vertex 586 distance 14
0 113 397 549 524 586 
Vertex 587 distance 12
0 113 397 549 239 587 
Vertex 588 distance 14
0 113 140 368 304 298 588 
Vertex 589 distance 10
0 113 397 549 186 287 589 
Vertex 590 distance 15
0 113 397 369 82 449 150 590 
Vertex 591 distance 14
0 279 250 56 591 
Vertex 592 distance 17
0 113 52 117 438 592 
Vertex 593 distance 14
0 113 45 253 278 313 593 
Vertex 594 distance 20
0 113 397 369 457 85 123 594 
Vertex 595 distance 18
0 113 52 117 343 9 595 
Vertex 596 distance 16
0 113 397 291 471 317 596 
Vertex 597 distance 14
0 113 397 549 5 632 597 
Vertex 598 distance 14
0 113 397 549 5 632 598 
Vertex 599 distance 17
0 113 45 59 453 599 
Vertex 600 distance 15
0 113 397 369 457 284 600 
Vertex 601 distance 22
0 113 397 134 493 322 601 
Vertex 602 distance 15
0 279 250 404 444 602 
Vertex 603 distance 16
0 113 397 549 186 228 514 603 
Vertex 604 distance 12
0 113 45 95 604 
Vertex 605 distance 13
0 113 397 134 605 
Vertex 606 distance 12
0 349 293 264 606 
Vertex 607 distance 16
0 113 397 369 457 572 261 607 
Vertex 608 distance 20
0 279 250 404 281 608 
Vertex 609 distance 17
0 113 397 369 457 85 196 609 
Vertex 610 distance 17
0 113 45 59 350 610 
Vertex 611 distance 14
0 113 397 549 239 587 611 
Vertex 612 distance 9
0 113 397 612 
Vertex 613 distance 17
0 316 520 613 
Vertex 614 distance 19
0 113 397 369 144 614 
Vertex 615 distance 9
0 113 140 368 615 
Vertex 616 distance 17
0 113 140 368 304 357 616 
Vertex 617 distance 19
0 113 45 36 88 529 617 
Vertex 618 distance 20
0 113 397 549 524 420 618 
Vertex 619 distance 12
0 113 397 369 457 619 
Vertex 620 distance 19
0 113 397 134 355 55 620 
Vertex 621 distance 11
0 113 397 134 621 
Vertex 622 distance 18
0 113 397 549 524 48 202 528 622 
Vertex 623 distance 13
0 113 397 549 186 287 403 623 
Vertex 624 distance 15
0 113 397 549 186 401 624 
Vertex 625 distance 19
0 113 397 369 457 572 335 411 630 625 
Vertex 626 distance 16
0 113 45 59 453 467 47 626 
Vertex 627 distance 16
0 113 397 291 471 207 492 345 627 
Vertex 628 distance 14
0 349 293 487 581 628 
Vertex 629 distance 13
0 113 397 369 82 307 245 103 629 
Vertex 630 distance 16
0 113 397 369 457 572 335 411 630 
Vertex 631 distance 7
0 113 45 166 631 
Vertex 632 distance 11
0 113 397 549 5 632 
Vertex 633 distance 17
0 113 45 166 631 180 135 496 268 633 
Vertex 634 distance 14
0 349 293 264 606 634 
Vertex 635 distance 15
0 113 140 368 615 635 
Vertex 636 distance 12
0 113 45 253 64 219 192 636 
Vertex 637 distance 15
0 113 45 451 637 
Vertex 638 distance 12
0 113 45 36 638 
Vertex 639 distance 17
0 113 45 59 22 92 639 
