Vertex 0 distance 0
0 0 
Vertex 1 distance 36
0 467 239 586 1 
Vertex 2 distance 31
0 423 199 81 362 60 2 
Vertex 3 distance 22
0 423 444 131 392 557 513 508 3 
Vertex 4 distance 31
0 423 199 61 520 52 4 
Vertex 5 distance 23
0 205 448 366 5 
Vertex 6 distance 18
0 423 199 591 246 107 6 
Vertex 7 distance 25
0 423 444 131 627 637 7 
Vertex 8 distance 32
0 423 199 591 246 384 396 8 
Vertex 9 distance 30
0 423 444 339 398 632 313 195 316 177 9 
Vertex 10 distance 26
0 423 444 131 392 588 610 10 
Vertex 11 distance 11
0 423 444 131 392 11 
Vertex 12 distance 32
0 423 444 102 12 
Vertex 13 distance 23
0 423 469 491 145 13 
Vertex 14 distance 35
0 423 444 131 392 11 29 609 14 
Vertex 15 distance 18
0 423 444 131 627 15 
Vertex 16 distance 34
0 423 444 131 392 557 430 492 16 
Vertex 17 distance 24
0 423 178 200 17 
Vertex 18 distance 31
0 423 469 491 18 
Vertex 19 distance 40
0 423 444 131 111 597 45 431 570 19 
Vertex 20 distance 32
0 589 301 530 20 
Vertex 21 distance 32
0 423 199 61 606 247 240 21 
Vertex 22 distance 16
0 157 22 
Vertex 23 distance 14
0 344 23 
Vertex 24 distance 23
0 423 444 131 498 24 
Vertex 25 distance 37
0 423 444 131 369 25 
Vertex 26 distance 25
0 423 444 131 392 557 430 26 
Vertex 27 distance 18
0 423 199 360 442 27 
Vertex 28 distance 19
0 423 199 360 282 185 28 
Vertex 29 distance 17
0 423 444 131 392 11 29 
Vertex 30 distance 18
0 423 532 30 
Vertex 31 distance 27
0 423 444 131 392 588 610 31 
Vertex 32 distance 20
0 423 532 32 
Vertex 33 distance 35
0 423 444 131 392 588 610 33 
Vertex 34 distance 25
0 423 199 61 606 247 240 34 
Vertex 35 distance 43
0 423 444 131 111 597 45 431 570 35 
Vertex 36 distance 19
0 423 444 339 36 
Vertex 37 distance 28
0 423 469 286 523 37 
Vertex 38 distance 27
0 423 178 200 17 276 38 
Vertex 39 distance 20
0 205 235 367 257 452 39 
Vertex 40 distance 23
0 205 582 85 40 
Vertex 41 distance 19
0 423 224 41 
Vertex 42 distance 22
0 589 42 
Vertex 43 distance 38
0 423 444 131 627 637 382 531 43 
Vertex 44 distance 29
0 205 235 367 227 44 
Vertex 45 distance 27
0 423 444 131 111 597 45 
Vertex 46 distance 30
0 423 199 61 520 546 516 237 46 
Vertex 47 distance 29
0 423 444 131 392 11 29 47 
Vertex 48 distance 26
0 589 538 196 48 
Vertex 49 distance 29
0 423 178 200 17 276 49 
Vertex 50 distance 30
0 344 23 154 56 122 603 50 
Vertex 51 distance 30
0 423 444 339 398 632 51 
Vertex 52 distance 21
0 423 199 61 520 52 
Vertex 53 distance 31
0 423 199 591 246 107 53 
Vertex 54 distance 36
0 205 218 363 54 
Vertex 55 distance 36
0 423 199 591 246 107 6 55 
Vertex 56 distance 20
0 344 23 154 56 
Vertex 57 distance 27
0 205 235 367 257 271 307 57 
Vertex 58 distance 23
0 423 199 61 606 247 58 
Vertex 59 distance 29
0 205 235 367 115 59 
Vertex 60 distance 26
0 423 199 81 362 60 
Vertex 61 distance 11
0 423 199 61 
Vertex 62 distance 29
0 423 199 81 362 182 62 
Vertex 63 distance 32
0 423 199 61 606 247 477 63 
Vertex 64 distance 28
0 423 199 64 
Vertex 65 distance 25
0 423 199 360 442 65 
Vertex 66 distance 22
0 423 444 131 493 66 
Vertex 67 distance 16
0 423 444 131 111 597 67 
Vertex 68 distance 24
0 157 299 68 
Vertex 69 distance 34
0 205 235 367 115 59 69 
Vertex 70 distance 35
0 423 444 131 627 139 90 70 
Vertex 71 distance 17
0 423 444 71 
Vertex 72 distance 34
0 344 214 573 88 72 
Vertex 73 distance 23
0 423 444 131 111 597 73 
Vertex 74 distance 27
0 423 199 575 364 152 548 74 
Vertex 75 distance 36
0 423 444 71 560 583 535 75 
Vertex 76 distance 25
0 344 214 573 76 
Vertex 77 distance 29
0 344 23 154 77 
Vertex 78 distance 27
0 423 444 71 560 78 
Vertex 79 distance 24
0 423 444 131 498 310 79 
Vertex 80 distance 38
0 423 199 591 274 628 80 
Vertex 81 distance 19
0 423 199 81 
Vertex 82 distance 33
0 423 199 591 274 571 415 82 
Vertex 83 distance 27
0 423 444 131 197 359 175 83 
Vertex 84 distance 31
0 423 199 360 282 185 287 84 
Vertex 85 distance 12
0 205 582 85 
Vertex 86 distance 36
0 205 235 234 103 478 86 
Vertex 87 distance 36
0 205 235 159 407 473 87 
Vertex 88 distance 26
0 344 214 573 88 
Vertex 89 distance 29
0 423 199 575 364 152 89 
Vertex 90 distance 19
0 423 444 131 627 139 90 
Vertex 91 distance 28
0 423 199 591 246 107 463 91 
Vertex 92 distance 31
0 423 444 131 627 637 208 356 305 92 
Vertex 93 distance 35
0 423 444 131 627 15 521 93 
Vertex 94 distance 21
0 344 23 154 94 
Vertex 95 distance 16
0 205 582 85 95 
Vertex 96 distance 30
0 423 199 575 364 142 96 
Vertex 97 distance 24
0 423 199 591 246 384 97 
Vertex 98 distance 32
0 589 301 530 98 
Vertex 99 distance 16
0 157 99 
Vertex 100 distance 27
0 423 199 591 274 571 405 100 
Vertex 101 distance 21
0 423 469 491 101 
Vertex 102 distance 30
0 423 444 102 
Vertex 103 distance 21
0 205 235 234 103 
Vertex 104 distance 32
0 423 199 591 274 571 415 104 
Vertex 105 distance 18
0 423 199 591 274 105 
Vertex 106 distance 22
0 423 199 61 606 486 106 
Vertex 107 distance 17
0 423 199 591 246 107 
Vertex 108 distance 33
0 423 199 360 282 185 621 108 
Vertex 109 distance 29
0 423 199 575 364 152 464 109 
Vertex 110 distance 18
0 205 235 367 257 110 
Vertex 111 distance 9
0 423 444 131 111 
Vertex 112 distance 32
0 423 199 591 274 112 
Vertex 113 distance 30
0 423 469 286 113 
Vertex 114 distance 31
0 205 235 114 
Vertex 115 distance 21
0 205 235 367 115 
Vertex 116 distance 22
0 344 23 154 56 116 
Vertex 117 distance 24
0 205 235 367 227 117 
Vertex 118 distance 21
0 423 444 131 392 557 513 508 118 
Vertex 119 distance 30
0 423 178 200 17 276 38 119 
Vertex 120 distance 37
0 423 444 71 560 583 535 75 120 
Vertex 121 distance 35
0 205 218 363 121 
Vertex 122 distance 22
0 344 23 154 56 122 
Vertex 123 distance 26
0 423 199 360 282 578 123 
Vertex 124 distance 17
0 344 124 
Vertex 125 distance 30
0 423 444 131 627 637 208 356 125 
Vertex 126 distance 33
0 423 199 360 282 185 28 126 
Vertex 127 distance 37
0 423 178 200 17 276 38 119 127 
Vertex 128 distance 28
0 423 444 131 627 637 7 380 128 
Vertex 129 distance 37
0 344 124 400 129 
Vertex 130 distance 35
0 157 299 68 130 
Vertex 131 distance 6
0 423 444 131 
Vertex 132 distance 19
0 423 199 591 274 105 132 
Vertex 133 distance 38
0 423 444 131 392 557 430 26 518 280 322 133 
Vertex 134 distance 38
0 423 444 131 493 66 134 
Vertex 135 distance 13
0 589 135 
Vertex 136 distance 27
0 344 410 209 136 
Vertex 137 distance 21
0 423 178 137 
Vertex 138 distance 26
0 423 199 360 459 138 
Vertex 139 distance 17
0 423 444 131 627 139 
Vertex 140 distance 27
0 423 444 339 36 167 140 
Vertex 141 distance 36
0 205 235 598 379 141 
Vertex 142 distance 22
0 423 199 575 364 142 
Vertex 143 distance 24
0 344 23 154 349 143 
Vertex 144 distance 29
0 423 444 131 111 597 73 144 
Vertex 145 distance 19
0 423 469 491 145 
Vertex 146 distance 41
0 423 199 591 246 384 97 146 
Vertex 147 distance 24
0 344 147 
Vertex 148 distance 30
0 423 199 61 606 247 240 148 
Vertex 149 distance 26
0 149 
Vertex 150 distance 41
0 205 235 269 150 
Vertex 151 distance 32
0 589 333 151 
Vertex 152 distance 21
0 423 199 575 364 152 
Vertex 153 distance 31
0 423 199 360 442 27 153 
Vertex 154 distance 19
0 344 23 154 
Vertex 155 distance 29
0 423 444 131 498 155 
Vertex 156 distance 23
0 423 311 156 
Vertex 157 distance 11
0 157 
Vertex 158 distance 21
0 423 444 131 369 158 
Vertex 159 distance 18
0 205 235 159 
Vertex 160 distance 16
0 423 444 131 627 160 
Vertex 161 distance 36
0 344 410 161 
Vertex 162 distance 31
0 423 444 131 627 637 7 162 
Vertex 163 distance 32
0 423 199 591 246 107 6 351 447 293 163 
Vertex 164 distance 35
0 423 469 286 180 164 
Vertex 165 distance 30
0 423 199 360 442 27 635 165 
Vertex 166 distance 31
0 205 235 367 257 452 166 
Vertex 167 distance 24
0 423 444 339 36 167 
Vertex 168 distance 24
0 423 199 575 364 152 548 168 
Vertex 169 distance 21
0 423 444 131 392 588 169 
Vertex 170 distance 28
0 423 444 131 392 170 
Vertex 171 distance 28
0 423 224 41 171 
Vertex 172 distance 28
0 423 444 131 627 172 
Vertex 173 distance 33
0 423 444 131 392 557 368 173 
Vertex 174 distance 28
0 423 444 131 392 557 513 174 
Vertex 175 distance 22
0 423 444 131 197 359 175 
Vertex 176 distance 40
0 423 444 339 398 632 222 537 176 
Vertex 177 distance 27
0 423 444 339 398 632 313 195 316 177 
Vertex 178 distance 13
0 423 178 
Vertex 179 distance 24
0 423 199 61 606 179 
Vertex 180 distance 26
0 423 469 286 180 
Vertex 181 distance 24
0 423 444 131 111 341 528 181 
Vertex 182 distance 26
0 423 199 81 362 182 
Vertex 183 distance 18
0 205 235 367 257 183 
Vertex 184 distance 23
0 423 199 591 184 
Vertex 185 distance 18
0 423 199 360 282 185 
Vertex 186 distance 23
0 423 444 131 498 186 
Vertex 187 distance 34
0 423 444 102 187 
Vertex 188 distance 22
0 423 444 131 369 158 188 
Vertex 189 distance 22
0 423 444 131 498 310 189 
Vertex 190 distance 30
0 423 199 81 362 182 190 
Vertex 191 distance 32
0 205 448 545 496 191 
Vertex 192 distance 27
0 205 448 482 540 192 
Vertex 193 distance 35
0 423 444 131 627 139 542 193 
Vertex 194 distance 34
0 344 410 209 602 194 
Vertex 195 distance 23
0 423 444 339 398 632 313 195 
Vertex 196 distance 21
0 589 538 196 
Vertex 197 distance 9
0 423 444 131 197 
Vertex 198 distance 30
0 423 444 131 627 408 198 
Vertex 199 distance 8
0 423 199 
Vertex 200 distance 16
0 423 178 200 
Vertex 201 distance 23
0 205 582 85 95 201 
Vertex 202 distance 26
0 423 469 491 145 13 202 
Vertex 203 distance 20
0 205 235 234 203 
Vertex 204 distance 24
0 423 204 
Vertex 205 distance 1
0 205 
Vertex 206 distance 30
0 423 199 575 364 152 548 206 
Vertex 207 distance 33
0 423 444 131 627 637 315 207 
Vertex 208 distance 22
0 423 444 131 627 637 208 
Vertex 209 distance 25
0 344 410 209 
Vertex 210 distance 25
0 589 538 196 210 
Vertex 211 distance 31
0 423 444 131 369 158 211 
Vertex 212 distance 18
0 157 22 212 
Vertex 213 distance 24
0 205 235 367 257 183 213 
Vertex 214 distance 17
0 344 214 
Vertex 215 distance 23
0 423 444 131 498 215 
Vertex 216 distance 25
0 423 199 591 246 612 216 
Vertex 217 distance 28
0 423 444 131 197 359 175 83 217 
Vertex 218 distance 21
0 205 218 
Vertex 219 distance 25
0 467 219 
Vertex 220 distance 29
0 423 444 131 197 533 220 
Vertex 221 distance 28
0 205 235 367 257 221 
Vertex 222 distance 25
0 423 444 339 398 632 222 
Vertex 223 distance 34
0 423 469 491 18 223 
Vertex 224 distance 10
0 423 224 
Vertex 225 distance 13
0 423 224 225 
Vertex 226 distance 28
0 423 444 131 369 371 428 226 
Vertex 227 distance 20
0 205 235 367 227 
Vertex 228 distance 30
0 423 199 61 606 350 228 
Vertex 229 distance 26
0 423 444 339 398 229 
Vertex 230 distance 40
0 423 199 81 362 60 2 230 
Vertex 231 distance 31
0 423 199 61 606 247 231 
Vertex 232 distance 25
0 205 235 367 257 494 232 
Vertex 233 distance 25
0 423 532 30 386 233 
Vertex 234 distance 17
0 205 235 234 
Vertex 235 distance 13
0 205 235 
Vertex 236 distance 31
0 423 444 131 392 557 513 508 236 
Vertex 237 distance 29
0 423 199 61 520 546 516 237 
Vertex 238 distance 28
0 423 444 131 369 371 238 
Vertex 239 distance 25
0 467 239 
Vertex 240 distance 21
0 423 199 61 606 247 240 
Vertex 241 distance 23
0 157 22 212 241 
Vertex 242 distance 30
0 423 199 591 246 107 463 242 
Vertex 243 distance 28
0 205 235 367 342 243 
Vertex 244 distance 26
0 423 199 575 364 142 244 
Vertex 245 distance 22
0 423 199 61 606 245 
Vertex 246 distance 15
0 423 199 591 246 
Vertex 247 distance 18
0 423 199 61 606 247 
Vertex 248 distance 31
0 423 444 131 392 557 248 
Vertex 249 distance 40
0 423 532 30 386 233 254 249 
Vertex 250 distance 15
0 423 444 131 392 557 250 
Vertex 251 distance 28
0 205 235 367 257 251 
Vertex 252 distance 47
0 205 235 367 257 494 561 252 
Vertex 253 distance 29
0 423 469 286 425 320 253 
Vertex 254 distance 31
0 423 532 30 386 233 254 
Vertex 255 distance 24
0 423 224 41 255 
Vertex 256 distance 31
0 423 444 339 398 632 222 445 256 
Vertex 257 distance 17
0 205 235 367 257 
Vertex 258 distance 24
0 423 444 131 627 139 90 550 258 
Vertex 259 distance 22
0 205 235 367 257 452 259 
Vertex 260 distance 27
0 205 235 598 379 260 
Vertex 261 distance 26
0 344 23 154 261 
Vertex 262 distance 37
0 423 444 131 498 24 262 
Vertex 263 distance 26
0 205 582 263 
Vertex 264 distance 27
0 423 469 491 145 13 202 264 
Vertex 265 distance 25
0 423 444 131 392 557 368 265 
Vertex 266 distance 35
0 423 444 131 111 341 528 181 332 266 
Vertex 267 distance 30
0 423 199 591 246 267 
Vertex 268 distance 25
0 423 444 339 268 
Vertex 269 distance 18
0 205 235 269 
Vertex 270 distance 29
0 205 448 270 
Vertex 271 distance 23
0 205 235 367 257 271 
Vertex 272 distance 29
0 205 582 85 40 272 
Vertex 273 distance 36
0 423 469 286 523 501 273 
Vertex 274 distance 17
0 423 199 591 274 
Vertex 275 distance 28
0 423 204 595 275 
Vertex 276 distance 25
0 423 178 200 17 276 
Vertex 277 distance 28
0 423 469 491 145 13 277 
Vertex 278 distance 25
0 423 444 131 392 588 278 
Vertex 279 distance 26
0 423 444 131 369 158 581 279 
Vertex 280 distance 29
0 423 444 131 392 557 430 26 518 280 
Vertex 281 distance 56
0 423 444 131 392 557 430 26 281 
Vertex 282 distance 17
0 423 199 360 282 
Vertex 283 distance 29
0 423 199 61 607 283 
Vertex 284 distance 30
0 423 204 595 284 
Vertex 285 distance 29
0 344 285 
Vertex 286 distance 15
0 423 469 286 
Vertex 287 distance 22
0 423 199 360 282 185 287 
Vertex 288 distance 26
0 423 199 591 274 105 288 
Vertex 289 distance 39
0 344 410 209 602 194 289 
Vertex 290 distance 29
0 423 444 339 398 632 313 290 
Vertex 291 distance 30
0 423 444 131 627 637 291 
Vertex 292 distance 35
0 423 444 131 498 24 439 292 
Vertex 293 distance 31
0 423 199 591 246 107 6 351 447 293 
Vertex 294 distance 32
0 157 22 525 294 
Vertex 295 distance 25
0 423 199 591 274 295 
Vertex 296 distance 27
0 205 582 85 40 296 
Vertex 297 distance 27
0 589 42 297 
Vertex 298 distance 25
0 423 444 131 627 139 298 
Vertex 299 distance 17
0 157 299 
Vertex 300 distance 22
0 423 199 360 442 27 300 
Vertex 301 distance 15
0 589 301 
Vertex 302 distance 34
0 423 444 131 197 359 302 
Vertex 303 distance 27
0 423 469 286 425 303 
Vertex 304 distance 29
0 423 444 131 627 637 7 579 304 
Vertex 305 distance 28
0 423 444 131 627 637 208 356 305 
Vertex 306 distance 35
0 423 444 131 392 588 610 31 434 306 
Vertex 307 distance 25
0 205 235 367 257 271 307 
Vertex 308 distance 39
0 423 444 131 627 139 90 358 308 
Vertex 309 distance 24
0 423 532 309 
Vertex 310 distance 21
0 423 444 131 498 310 
Vertex 311 distance 14
0 423 311 
Vertex 312 distance 34
0 205 235 367 115 312 
Vertex 313 distance 20
0 423 444 339 398 632 313 
Vertex 314 distance 33
0 423 224 225 353 314 
Vertex 315 distance 25
0 423 444 131 627 637 315 
Vertex 316 distance 25
0 423 444 339 398 632 313 195 316 
Vertex 317 distance 28
0 423 199 591 246 317 
Vertex 318 distance 15
0 423 444 131 392 11 318 
Vertex 319 distance 37
0 423 469 491 101 319 
Vertex 320 distance 27
0 423 469 286 425 320 
Vertex 321 distance 23
0 423 199 360 442 27 321 
Vertex 322 distance 32
0 423 444 131 392 557 430 26 518 280 322 
Vertex 323 distance 28
0 344 214 323 
Vertex 324 distance 31
0 423 444 131 369 371 428 226 324 
Vertex 325 distance 23
0 423 444 339 398 325 
Vertex 326 distance 34
0 423 444 131 369 399 611 326 
Vertex 327 distance 29
0 205 235 367 257 494 327 
Vertex 328 distance 27
0 423 444 131 627 637 7 328 
Vertex 329 distance 42
0 205 448 545 496 329 
Vertex 330 distance 28
0 423 444 131 392 11 29 609 497 330 
Vertex 331 distance 27
0 344 23 154 94 331 
Vertex 332 distance 28
0 423 444 131 111 341 528 181 332 
Vertex 333 distance 27
0 589 333 
Vertex 334 distance 32
0 157 299 68 334 
Vertex 335 distance 40
0 423 444 131 111 597 45 338 335 
Vertex 336 distance 27
0 423 199 575 364 152 372 336 
Vertex 337 distance 27
0 157 299 68 337 
Vertex 338 distance 32
0 423 444 131 111 597 45 338 
Vertex 339 distance 13
0 423 444 339 
Vertex 340 distance 33
0 423 444 131 627 139 298 633 340 
Vertex 341 distance 10
0 423 444 131 111 341 
Vertex 342 distance 17
0 205 235 367 342 
Vertex 343 distance 49
0 589 333 343 
Vertex 344 distance 8
0 344 
Vertex 345 distance 37
0 423 444 131 369 371 345 
Vertex 346 distance 39
0 344 214 323 346 
Vertex 347 distance 29
0 467 219 347 
Vertex 348 distance 31
0 423 444 131 498 310 189 460 519 348 
Vertex 349 distance 22
0 344 23 154 349 
Vertex 350 distance 24
0 423 199 61 606 350 
Vertex 351 distance 24
0 423 199 591 246 107 6 351 
Vertex 352 distance 16
0 423 444 131 392 11 318 352 
Vertex 353 distance 22
0 423 224 225 353 
Vertex 354 distance 39
0 149 354 
Vertex 355 distance 28
0 205 582 85 420 432 355 
Vertex 356 distance 24
0 423 444 131 627 637 208 356 
Vertex 357 distance 36
0 423 178 623 461 357 
Vertex 358 distance 21
0 423 444 131 627 139 90 358 
Vertex 359 distance 20
0 423 444 131 197 359 
Vertex 360 distance 11
0 423 199 360 
Vertex 361 distance 27
0 423 199 81 362 182 361 
Vertex 362 distance 23
0 423 199 81 362 
Vertex 363 distance 27
0 205 218 363 
Vertex 364 distance 17
0 423 199 575 364 
Vertex 365 distance 39
0 205 235 367 389 365 
Vertex 366 distance 21
0 205 448 366 
Vertex 367 distance 14
0 205 235 367 
Vertex 368 distance 22
0 423 444 131 392 557 368 
Vertex 369 distance 12
0 423 444 131 369 
Vertex 370 distance 34
0 344 23 154 56 122 603 370 
Vertex 371 distance 19
0 423 444 131 369 371 
Vertex 372 distance 23
0 423 199 575 364 152 372 
Vertex 373 distance 30
0 205 448 373 
Vertex 374 distance 38
0 344 23 154 349 374 
Vertex 375 distance 29
0 423 199 360 282 185 621 375 
Vertex 376 distance 31
0 423 444 131 493 66 376 
Vertex 377 distance 27
0 423 199 61 520 377 
Vertex 378 distance 25
0 423 224 41 255 378 
Vertex 379 distance 20
0 205 235 598 379 
Vertex 380 distance 27
0 423 444 131 627 637 7 380 
Vertex 381 distance 30
0 423 224 41 255 378 381 
Vertex 382 distance 23
0 423 444 131 627 637 382 
Vertex 383 distance 33
0 423 444 131 111 597 73 144 383 
Vertex 384 distance 18
0 423 199 591 246 384 
Vertex 385 distance 25
0 157 385 
Vertex 386 distance 19
0 423 532 30 386 
Vertex 387 distance 32
0 423 199 575 387 
Vertex 388 distance 19
0 423 444 131 392 11 318 388 
Vertex 389 distance 31
0 205 235 367 389 
Vertex 390 distance 44
0 423 444 131 392 557 390 
Vertex 391 distance 28
0 205 391 
Vertex 392 distance 10
0 423 444 131 392 
Vertex 393 distance 23
0 205 235 558 393 
Vertex 394 distance 32
0 423 469 491 145 13 202 264 394 
Vertex 395 distance 27
0 344 23 154 349 395 
Vertex 396 distance 21
0 423 199 591 246 384 396 
Vertex 397 distance 30
0 205 235 367 342 243 397 
Vertex 398 distance 14
0 423 444 339 398 
Vertex 399 distance 25
0 423 444 131 369 399 
Vertex 400 distance 20
0 344 124 400 
Vertex 401 distance 26
0 157 22 525 401 
Vertex 402 distance 43
0 205 235 234 402 
Vertex 403 distance 24
0 423 444 71 560 403 
Vertex 404 distance 34
0 423 444 339 398 632 313 195 316 177 404 
Vertex 405 distance 23
0 423 199 591 274 571 405 
Vertex 406 distance 30
0 423 444 131 627 637 382 531 406 
Vertex 407 distance 22
0 205 235 159 407 
Vertex 408 distance 11
0 423 444 131 627 408 
Vertex 409 distance 45
0 205 448 373 409 
Vertex 410 distance 23
0 344 410 
Vertex 411 distance 22
0 423 444 131 197 411 
Vertex 412 distance 20
0 423 444 131 392 11 318 412 
Vertex 413 distance 27
0 205 235 367 413 
Vertex 414 distance 17
0 423 444 131 369 414 
Vertex 415 distance 31
0 423 199 591 274 571 415 
Vertex 416 distance 29
0 423 444 131 392 11 29 609 497 596 416 
Vertex 417 distance 30
0 423 444 131 369 158 581 279 417 
Vertex 418 distance 30
0 344 214 573 418 
Vertex 419 distance 30
0 423 199 81 419 
Vertex 420 distance 17
0 205 582 85 420 
Vertex 421 distance 37
0 423 199 61 606 247 240 34 421 
Vertex 422 distance 33
0 589 42 297 422 
Vertex 423 distance 2
0 423 
Vertex 424 distance 32
0 423 444 131 111 597 73 424 
Vertex 425 distance 16
0 423 469 286 425 
Vertex 426 distance 28
0 205 582 85 95 553 426 
Vertex 427 distance 25
0 205 448 366 427 
Vertex 428 distance 25
0 423 444 131 369 371 428 
Vertex 429 distance 24
0 423 199 591 246 107 429 
Vertex 430 distance 15
0 423 444 131 392 557 430 
Vertex 431 distance 28
0 423 444 131 111 597 45 431 
Vertex 432 distance 20
0 205 582 85 420 432 
Vertex 433 distance 36
0 423 444 339 398 632 433 
Vertex 434 distance 31
0 423 444 131 392 588 610 31 434 
Vertex 435 distance 35
0 423 199 360 282 578 123 547 435 
Vertex 436 distance 24
0 423 444 131 392 11 318 352 436 
Vertex 437 distance 26
0 423 199 575 364 152 599 437 
Vertex 438 distance 30
0 423 444 131 627 139 298 633 438 
Vertex 439 distance 29
0 423 444 131 498 24 439 
Vertex 440 distance 28
0 157 22 440 
Vertex 441 distance 19
0 423 199 441 
Vertex 442 distance 14
0 423 199 360 442 
Vertex 443 distance 29
0 423 178 200 17 443 
Vertex 444 distance 4
0 423 444 
Vertex 445 distance 29
0 423 444 339 398 632 222 445 
Vertex 446 distance 26
0 423 469 286 523 501 446 
Vertex 447 distance 30
0 423 199 591 246 107 6 351 447 
Vertex 448 distance 9
0 205 448 
Vertex 449 distance 35
0 423 444 131 392 11 318 412 590 449 
Vertex 450 distance 24
0 450 
Vertex 451 distance 37
0 149 451 
Vertex 452 distance 19
0 205 235 367 257 452 
Vertex 453 distance 17
0 423 444 131 453 
Vertex 454 distance 35
0 423 199 360 459 138 454 
Vertex 455 distance 26
0 205 235 367 257 452 455 
Vertex 456 distance 25
0 205 448 545 456 
Vertex 457 distance 29
0 423 532 309 457 
Vertex 458 distance 35
0 423 178 200 17 276 49 458 
Vertex 459 distance 23
0 423 199 360 459 
Vertex 460 distance 23
0 423 444 131 498 310 189 460 
Vertex 461 distance 32
0 423 178 623 461 
Vertex 462 distance 39
0 423 199 360 459 462 
Vertex 463 distance 25
0 423 199 591 246 107 463 
Vertex 464 distance 22
0 423 199 575 364 152 464 
Vertex 465 distance 25
0 344 23 154 56 465 
Vertex 466 distance 24
0 423 444 131 392 557 513 466 
Vertex 467 distance 20
0 467 
Vertex 468 distance 28
0 423 444 131 197 468 
Vertex 469 distance 7
0 423 469 
Vertex 470 distance 28
0 423 199 61 607 634 470 
Vertex 471 distance 32
0 423 444 339 398 632 471 
Vertex 472 distance 27
0 423 199 360 442 27 300 472 
Vertex 473 distance 29
0 205 235 159 407 473 
Vertex 474 distance 27
0 423 444 131 493 474 
Vertex 475 distance 33
0 423 444 339 36 475 
Vertex 476 distance 34
0 423 199 591 246 107 6 476 
Vertex 477 distance 20
0 423 199 61 606 247 477 
Vertex 478 distance 32
0 205 235 234 103 478 
Vertex 479 distance 20
0 423 444 131 111 479 
Vertex 480 distance 30
0 423 178 200 480 
Vertex 481 distance 23
0 344 23 154 349 481 
Vertex 482 distance 17
0 205 448 482 
Vertex 483 distance 21
0 423 199 591 246 107 6 483 
Vertex 484 distance 38
0 423 444 131 197 533 484 
Vertex 485 distance 30
0 423 469 286 523 501 446 485 
Vertex 486 distance 19
0 423 199 61 606 486 
Vertex 487 distance 29
0 423 199 591 246 384 396 487 
Vertex 488 distance 30
0 423 199 61 606 488 
Vertex 489 distance 32
0 489 
Vertex 490 distance 27
0 205 235 269 490 
Vertex 491 distance 15
0 423 469 491 
Vertex 492 distance 22
0 423 444 131 392 557 430 492 
Vertex 493 distance 21
0 423 444 131 493 
Vertex 494 distance 20
0 205 235 367 257 494 
Vertex 495 distance 37
0 423 444 131 392 557 368 173 495 
Vertex 496 distance 23
0 205 448 545 496 
Vertex 497 distance 20
0 423 444 131 392 11 29 609 497 
Vertex 498 distance 20
0 423 444 131 498 
Vertex 499 distance 33
0 205 582 85 40 499 
Vertex 500 distance 29
0 423 199 575 500 
Vertex 501 distance 22
0 423 469 286 523 501 
Vertex 502 distance 26
0 205 502 
Vertex 503 distance 26
0 157 385 503 
Vertex 504 distance 31
0 157 22 212 522 504 
Vertex 505 distance 22
0 423 178 137 505 
Vertex 506 distance 15
0 423 224 225 506 
Vertex 507 distance 23
0 423 469 491 101 507 
Vertex 508 distance 18
0 423 444 131 392 557 513 508 
Vertex 509 distance 30
0 205 235 234 509 
Vertex 510 distance 27
0 205 235 367 115 510 
Vertex 511 distance 27
0 344 214 573 511 
Vertex 512 distance 26
0 423 444 131 616 512 
Vertex 513 distance 16
0 423 444 131 392 557 513 
Vertex 514 distance 35
0 423 444 131 498 310 189 604 514 
Vertex 515 distance 27
0 423 444 131 616 512 515 
Vertex 516 distance 25
0 423 199 61 520 546 516 
Vertex 517 distance 27
0 517 
Vertex 518 distance 28
0 423 444 131 392 557 430 26 518 
Vertex 519 distance 25
0 423 444 131 498 310 189 460 519 
Vertex 520 distance 15
0 423 199 61 520 
Vertex 521 distance 22
0 423 444 131 627 15 521 
Vertex 522 distance 27
0 157 22 212 522 
Vertex 523 distance 19
0 423 469 286 523 
Vertex 524 distance 37
0 423 444 339 398 632 524 
Vertex 525 distance 18
0 157 22 525 
Vertex 526 distance 34
0 205 235 234 509 526 
Vertex 527 distance 33
0 423 444 131 392 11 29 609 497 596 527 
Vertex 528 distance 16
0 423 444 131 111 341 528 
Vertex 529 distance 39
0 423 199 529 
Vertex 530 distance 27
0 589 301 530 
Vertex 531 distance 27
0 423 444 131 627 637 382 531 
Vertex 532 distance 16
0 423 532 
Vertex 533 distance 26
0 423 444 131 197 533 
Vertex 534 distance 44
0 423 444 339 36 534 
Vertex 535 distance 27
0 423 444 71 560 583 535 
Vertex 536 distance 26
0 423 199 591 246 612 216 536 
Vertex 537 distance 26
0 423 444 339 398 632 222 537 
Vertex 538 distance 18
0 589 538 
Vertex 539 distance 27
0 423 444 131 369 371 428 539 
Vertex 540 distance 24
0 205 448 482 540 
Vertex 541 distance 38
0 423 199 591 274 571 415 541 
Vertex 542 distance 25
0 423 444 131 627 139 542 
Vertex 543 distance 37
0 423 199 61 520 543 
Vertex 544 distance 26
0 157 299 544 
Vertex 545 distance 21
0 205 448 545 
Vertex 546 distance 20
0 423 199 61 520 546 
Vertex 547 distance 28
0 423 199 360 282 578 123 547 
Vertex 548 distance 23
0 423 199 575 364 152 548 
Vertex 549 distance 36
0 423 199 591 274 571 415 82 549 
Vertex 550 distance 21
0 423 444 131 627 139 90 550 
Vertex 551 distance 21
0 423 444 131 627 637 551 
Vertex 552 distance 31
0 205 582 85 40 296 552 
Vertex 553 distance 19
0 205 582 85 95 553 
Vertex 554 distance 39
0 423 444 131 392 557 513 508 3 554 
Vertex 555 distance 35
0 423 199 575 364 152 599 437 555 
Vertex 556 distance 24
0 423 199 591 246 384 556 
Vertex 557 distance 14
0 423 444 131 392 557 
Vertex 558 distance 22
0 205 235 558 
Vertex 559 distance 40
0 423 444 131 627 637 382 531 43 559 
Vertex 560 distance 18
0 423 444 71 560 
Vertex 561 distance 30
0 205 235 367 257 494 561 
Vertex 562 distance 34
0 423 444 131 392 557 248 562 
Vertex 563 distance 30
0 423 444 131 392 11 318 352 436 563 
Vertex 564 distance 25
0 205 235 367 257 494 564 
Vertex 565 distance 53
0 423 444 131 392 11 318 352 565 
Vertex 566 distance 26
0 467 566 
Vertex 567 distance 20
0 423 444 339 398 567 
Vertex 568 distance 28
0 423 199 575 364 152 548 592 568 
Vertex 569 distance 35
0 423 444 131 392 11 29 609 497 596 527 569 
Vertex 570 distance 37
0 423 444 131 111 597 45 431 570 
Vertex 571 distance 22
0 423 199 591 274 571 
Vertex 572 distance 28
0 205 582 85 40 296 572 
Vertex 573 distance 24
0 344 214 573 
Vertex 574 distance 35
0 205 235 234 574 
Vertex 575 distance 14
0 423 199 575 
Vertex 576 distance 24
0 423 444 131 392 557 430 492 576 
Vertex 577 distance 33
0 423 199 591 246 107 53 577 
Vertex 578 distance 24
0 423 199 360 282 578 
Vertex 579 distance 27
0 423 444 131 627 637 7 579 
Vertex 580 distance 37
0 205 448 366 427 580 
Vertex 581 distance 22
0 423 444 131 369 158 581 
Vertex 582 distance 5
0 205 582 
Vertex 583 distance 23
0 423 444 71 560 583 
Vertex 584 distance 34
0 423 199 575 364 152 464 109 584 
Vertex 585 distance 27
0 423 199 61 606 585 
Vertex 586 distance 30
0 467 239 586 
Vertex 587 distance 23
0 423 444 131 627 160 587 
Vertex 588 distance 18
0 423 444 131 392 588 
Vertex 589 distance 12
0 589 
Vertex 590 distance 30
0 423 444 131 392 11 318 412 590 
Vertex 591 distance 12
0 423 199 591 
Vertex 592 distance 24
0 423 199 575 364 152 548 592 
Vertex 593 distance 31
0 344 214 573 418 593 
Vertex 594 distance 35
0 589 42 297 594 
Vertex 595 distance 25
0 423 204 595 
Vertex 596 distance 25
0 423 444 131 392 11 29 609 497 596 
Vertex 597 distance 12
0 423 444 131 111 597 
Vertex 598 distance 18
0 205 235 598 
Vertex 599 distance 24
0 423 199 575 364 152 599 
Vertex 600 distance 25
0 423 469 491 145 13 600 
Vertex 601 distance 34
0 157 385 503 601 
Vertex 602 distance 30
0 344 410 209 602 
Vertex 603 distance 26
0 344 23 154 56 122 603 
Vertex 604 distance 24
0 423 444 131 498 310 189 604 
Vertex 605 distance 28
0 423 444 131 627 637 605 
Vertex 606 distance 13
0 423 199 61 606 
Vertex 607 distance 17
0 423 199 61 607 
Vertex 608 distance 31
0 205 235 234 103 608 
Vertex 609 distance 19
0 423 444 131 392 11 29 609 
Vertex 610 distance 20
0 423 444 131 392 588 610 
Vertex 611 distance 26
0 423 444 131 369 399 611 
Vertex 612 distance 19
0 423 199 591 246 612 
Vertex 613 distance 34
0 423 199 81 362 182 62 613 
Vertex 614 distance 32
0 423 469 286 614 
Vertex 615 distance 21
0 157 22 525 615 
Vertex 616 distance 14
0 423 444 131 616 
Vertex 617 distance 25
0 423 444 131 627 139 90 550 258 617 
Vertex 618 distance 24
0 423 444 131 498 310 618 
Vertex 619 distance 32
0 423 224 41 255 619 
Vertex 620 distance 23
0 423 199 591 246 384 396 620 
Vertex 621 distance 22
0 423 199 360 282 185 621 
Vertex 622 distance 27
0 423 199 360 282 622 
Vertex 623 distance 29
0 423 178 623 
Vertex 624 distance 25
0 423 199 61 606 179 624 
Vertex 625 distance 34
0 423 199 360 625 
Vertex 626 distance 34
0 423 178 200 17 276 626 
Vertex 627 distance 7
0 423 444 131 627 
Vertex 628 distance 22
0 423 199 591 274 628 
Vertex 629 distance 31
0 423 444 131 392 557 250 629 
Vertex 630 distance 30
0 423 444 131 627 160 630 
Vertex 631 distance 19
0 205 235 367 257 631 
Vertex 632 distance 16
0 423 444 339 398 632 
Vertex 633 distance 27
0 423 444 131 627 139 298 633 
Vertex 634 distance 20
0 423 199 61 607 634 
Vertex 635 distance 26
0 423 199 360 442 27 635 
Vertex 636 distance 25
0 423 199 591 246 384 556 636 
Vertex 637 distance 18
0 423 444 131 627 637 
Vertex 638 distance 23
0 423 224 225 506 638 
Vertex 639 distance 24
0 205 448 545 496 639 
