Vertex 0 distance 0
0 0 
Vertex 1 distance 43
0 147 93 55 1 
Vertex 2 distance 32
0 209 307 300 552 521 119 384 2 
Vertex 3 distance 38
0 147 610 218 374 341 587 635 3 
Vertex 4 distance 35
0 549 195 311 4 
Vertex 5 distance 31
0 209 307 598 135 5 
Vertex 6 distance 30
0 209 307 598 604 6 
Vertex 7 distance 42
0 147 610 334 7 
Vertex 8 distance 39
0 147 8 
Vertex 9 distance 26
0 586 150 9 
Vertex 10 distance 39
0 209 307 366 394 180 10 
Vertex 11 distance 27
0 586 122 11 
Vertex 12 distance 38
0 209 307 594 79 12 
Vertex 13 distance 29
0 147 610 218 543 66 13 
Vertex 14 distance 37
0 636 465 330 342 34 14 
Vertex 15 distance 24
0 209 72 15 
Vertex 16 distance 23
0 209 114 16 
Vertex 17 distance 44
0 209 307 598 135 5 17 
Vertex 18 distance 25
0 147 610 218 543 18 
Vertex 19 distance 35
0 636 426 248 82 293 315 283 19 
Vertex 20 distance 37
0 209 307 545 332 525 261 20 
Vertex 21 distance 35
0 586 377 61 323 21 
Vertex 22 distance 38
0 147 610 218 374 341 587 364 488 22 
Vertex 23 distance 39
0 586 122 177 375 411 23 
Vertex 24 distance 33
0 209 307 545 234 346 24 
Vertex 25 distance 31
0 549 629 290 459 25 
Vertex 26 distance 47
0 586 150 26 
Vertex 27 distance 30
0 209 307 545 332 525 27 
Vertex 28 distance 35
0 209 307 598 604 28 
Vertex 29 distance 36
0 209 114 16 407 111 29 
Vertex 30 distance 37
0 549 629 290 400 361 30 
Vertex 31 distance 36
0 636 426 328 522 194 56 121 102 31 
Vertex 32 distance 25
0 147 611 32 
Vertex 33 distance 29
0 209 307 545 332 525 187 495 439 440 33 
Vertex 34 distance 29
0 636 465 330 342 34 
Vertex 35 distance 42
0 147 610 218 374 149 555 80 224 35 
Vertex 36 distance 25
0 209 307 545 36 
Vertex 37 distance 36
0 147 610 254 448 37 
Vertex 38 distance 31
0 209 307 545 332 447 176 38 
Vertex 39 distance 36
0 636 465 106 517 313 39 
Vertex 40 distance 31
0 209 307 366 493 40 
Vertex 41 distance 34
0 586 122 11 113 41 
Vertex 42 distance 29
0 636 465 106 557 420 438 42 
Vertex 43 distance 34
0 209 307 300 568 262 396 406 43 
Vertex 44 distance 32
0 209 307 366 493 44 
Vertex 45 distance 39
0 549 629 290 459 104 45 
Vertex 46 distance 46
0 209 307 545 234 46 
Vertex 47 distance 25
0 147 610 47 
Vertex 48 distance 36
0 636 465 330 342 48 
Vertex 49 distance 46
0 209 307 300 552 521 119 49 
Vertex 50 distance 30
0 209 307 545 332 379 50 
Vertex 51 distance 40
0 209 307 545 401 353 51 
Vertex 52 distance 21
0 551 52 
Vertex 53 distance 37
0 147 53 
Vertex 54 distance 40
0 209 307 545 332 525 261 20 54 
Vertex 55 distance 24
0 147 93 55 
Vertex 56 distance 31
0 636 426 328 522 194 56 
Vertex 57 distance 29
0 209 307 57 
Vertex 58 distance 42
0 636 465 106 557 507 58 
Vertex 59 distance 30
0 209 307 179 59 
Vertex 60 distance 42
0 209 307 545 36 467 60 
Vertex 61 distance 20
0 586 377 61 
Vertex 62 distance 49
0 586 122 11 617 62 
Vertex 63 distance 28
0 209 307 63 
Vertex 64 distance 45
0 209 307 594 79 422 64 
Vertex 65 distance 45
0 209 307 598 135 5 17 65 
Vertex 66 distance 26
0 147 610 218 543 66 
Vertex 67 distance 26
0 209 72 67 
Vertex 68 distance 40
0 209 307 545 36 68 
Vertex 69 distance 41
0 147 93 486 182 498 69 
Vertex 70 distance 45
0 549 629 290 400 361 30 70 
Vertex 71 distance 30
0 636 465 106 308 71 
Vertex 72 distance 23
0 209 72 
Vertex 73 distance 52
0 209 307 598 135 257 73 
Vertex 74 distance 31
0 549 629 290 299 74 
Vertex 75 distance 26
0 636 465 354 278 75 
Vertex 76 distance 33
0 147 611 32 444 534 76 
Vertex 77 distance 29
0 549 584 483 77 
Vertex 78 distance 31
0 147 610 218 374 149 555 603 213 78 
Vertex 79 distance 27
0 209 307 594 79 
Vertex 80 distance 30
0 147 610 218 374 149 555 80 
Vertex 81 distance 26
0 209 307 545 332 379 280 81 
Vertex 82 distance 20
0 636 426 248 82 
Vertex 83 distance 35
0 209 609 83 
Vertex 84 distance 40
0 209 571 325 303 84 
Vertex 85 distance 24
0 209 72 85 
Vertex 86 distance 28
0 549 584 86 
Vertex 87 distance 29
0 636 465 354 87 
Vertex 88 distance 32
0 636 465 354 87 88 
Vertex 89 distance 37
0 147 611 89 
Vertex 90 distance 29
0 209 307 545 332 525 187 495 439 518 90 
Vertex 91 distance 39
0 147 610 218 543 66 91 
Vertex 92 distance 31
0 549 584 97 92 
Vertex 93 distance 20
0 147 93 
Vertex 94 distance 26
0 209 307 366 394 94 
Vertex 95 distance 32
0 209 307 300 568 559 95 
Vertex 96 distance 23
0 586 150 96 
Vertex 97 distance 23
0 549 584 97 
Vertex 98 distance 32
0 551 410 98 
Vertex 99 distance 57
0 209 307 300 568 262 396 99 
Vertex 100 distance 36
0 209 307 598 135 257 100 
Vertex 101 distance 39
0 147 610 272 255 529 622 365 101 
Vertex 102 distance 35
0 636 426 328 522 194 56 121 102 
Vertex 103 distance 33
0 586 122 177 103 
Vertex 104 distance 28
0 549 629 290 459 104 
Vertex 105 distance 35
0 636 465 106 517 105 
Vertex 106 distance 22
0 636 465 106 
Vertex 107 distance 25
0 549 629 290 299 107 
Vertex 108 distance 31
0 586 377 186 108 
Vertex 109 distance 33
0 147 610 218 374 149 555 603 213 220 109 
Vertex 110 distance 33
0 586 377 61 323 133 110 
Vertex 111 distance 32
0 209 114 16 407 111 
Vertex 112 distance 27
0 586 377 112 
Vertex 113 distance 31
0 586 122 11 113 
Vertex 114 distance 18
0 209 114 
Vertex 115 distance 38
0 209 307 545 332 525 187 495 439 282 115 
Vertex 116 distance 38
0 636 426 248 82 293 163 245 116 
Vertex 117 distance 54
0 586 153 117 
Vertex 118 distance 33
0 209 307 545 332 525 187 495 439 271 118 
Vertex 119 distance 30
0 209 307 300 552 521 119 
Vertex 120 distance 36
0 636 465 106 557 420 438 42 615 343 120 
Vertex 121 distance 32
0 636 426 328 522 194 56 121 
Vertex 122 distance 23
0 586 122 
Vertex 123 distance 25
0 636 465 123 
Vertex 124 distance 36
0 209 307 545 332 525 451 294 124 
Vertex 125 distance 34
0 209 307 300 552 492 125 
Vertex 126 distance 35
0 586 377 126 
Vertex 127 distance 25
0 636 465 354 127 
Vertex 128 distance 34
0 209 307 300 552 492 128 
Vertex 129 distance 34
0 209 307 545 332 525 187 495 439 440 129 
Vertex 130 distance 38
0 586 130 
Vertex 131 distance 34
0 549 584 86 131 
Vertex 132 distance 52
0 147 610 272 132 
Vertex 133 distance 25
0 586 377 61 323 133 
Vertex 134 distance 32
0 147 611 32 444 134 
Vertex 135 distance 21
0 209 307 598 135 
Vertex 136 distance 34
0 147 610 218 374 149 136 
Vertex 137 distance 42
0 209 307 598 135 5 470 137 
Vertex 138 distance 43
0 586 377 61 323 583 554 324 138 
Vertex 139 distance 27
0 636 465 354 127 139 
Vertex 140 distance 37
0 209 307 300 568 172 140 
Vertex 141 distance 38
0 209 307 366 394 94 141 
Vertex 142 distance 31
0 549 629 290 459 142 
Vertex 143 distance 35
0 636 465 106 308 71 273 143 
Vertex 144 distance 30
0 147 611 144 
Vertex 145 distance 43
0 209 307 598 135 257 145 
Vertex 146 distance 29
0 298 146 
Vertex 147 distance 3
0 147 
Vertex 148 distance 32
0 209 307 598 148 
Vertex 149 distance 21
0 147 610 218 374 149 
Vertex 150 distance 15
0 586 150 
Vertex 151 distance 21
0 636 151 
Vertex 152 distance 35
0 586 377 61 152 
Vertex 153 distance 18
0 586 153 
Vertex 154 distance 29
0 209 72 15 462 154 
Vertex 155 distance 37
0 209 307 545 332 525 187 495 439 198 593 181 155 
Vertex 156 distance 32
0 209 72 206 156 
Vertex 157 distance 36
0 147 610 272 255 336 382 157 
Vertex 158 distance 30
0 551 288 589 158 
Vertex 159 distance 27
0 586 153 159 
Vertex 160 distance 28
0 147 610 218 543 160 
Vertex 161 distance 35
0 549 629 290 565 161 
Vertex 162 distance 39
0 147 610 218 543 162 
Vertex 163 distance 28
0 636 426 248 82 293 163 
Vertex 164 distance 35
0 209 307 545 332 525 187 495 439 271 544 164 
Vertex 165 distance 30
0 586 122 11 165 
Vertex 166 distance 38
0 586 150 96 166 
Vertex 167 distance 42
0 549 629 290 299 74 167 
Vertex 168 distance 33
0 209 307 366 394 168 
Vertex 169 distance 39
0 147 610 218 169 
Vertex 170 distance 37
0 209 307 366 493 44 170 
Vertex 171 distance 24
0 586 377 186 171 
Vertex 172 distance 27
0 209 307 300 568 172 
Vertex 173 distance 50
0 209 307 545 173 
Vertex 174 distance 31
0 209 307 179 174 
Vertex 175 distance 32
0 551 410 632 175 
Vertex 176 distance 25
0 209 307 545 332 447 176 
Vertex 177 distance 26
0 586 122 177 
Vertex 178 distance 33
0 586 150 96 178 
Vertex 179 distance 26
0 209 307 179 
Vertex 180 distance 27
0 209 307 366 394 180 
Vertex 181 distance 34
0 209 307 545 332 525 187 495 439 198 593 181 
Vertex 182 distance 29
0 147 93 486 182 
Vertex 183 distance 38
0 209 307 545 332 525 187 495 439 198 593 181 155 183 
Vertex 184 distance 19
0 636 426 184 
Vertex 185 distance 31
0 549 629 290 185 
Vertex 186 distance 21
0 586 377 186 
Vertex 187 distance 22
0 209 307 545 332 525 187 
Vertex 188 distance 27
0 209 72 15 188 
Vertex 189 distance 35
0 549 584 623 602 189 
Vertex 190 distance 45
0 147 610 218 387 190 
Vertex 191 distance 38
0 147 611 32 444 134 191 
Vertex 192 distance 34
0 636 426 328 522 194 192 
Vertex 193 distance 24
0 551 288 193 
Vertex 194 distance 27
0 636 426 328 522 194 
Vertex 195 distance 23
0 549 195 
Vertex 196 distance 43
0 209 307 545 332 525 196 
Vertex 197 distance 41
0 209 307 366 493 40 471 197 
Vertex 198 distance 29
0 209 307 545 332 525 187 495 439 198 
Vertex 199 distance 33
0 209 307 545 36 199 
Vertex 200 distance 31
0 549 629 290 299 200 
Vertex 201 distance 40
0 586 377 112 331 201 
Vertex 202 distance 27
0 147 610 218 374 149 202 
Vertex 203 distance 36
0 209 307 366 203 
Vertex 204 distance 37
0 586 150 96 204 
Vertex 205 distance 37
0 209 307 366 493 40 205 
Vertex 206 distance 30
0 209 72 206 
Vertex 207 distance 41
0 209 307 545 207 
Vertex 208 distance 32
0 636 465 354 278 208 
Vertex 209 distance 8
0 209 
Vertex 210 distance 51
0 147 610 218 543 66 590 210 
Vertex 211 distance 33
0 147 611 144 211 
Vertex 212 distance 30
0 147 212 
Vertex 213 distance 29
0 147 610 218 374 149 555 603 213 
Vertex 214 distance 43
0 549 629 290 299 200 214 
Vertex 215 distance 28
0 147 93 455 215 
Vertex 216 distance 34
0 147 610 218 543 66 216 
Vertex 217 distance 27
0 586 217 
Vertex 218 distance 15
0 147 610 218 
Vertex 219 distance 31
0 636 465 354 127 219 
Vertex 220 distance 32
0 147 610 218 374 149 555 603 213 220 
Vertex 221 distance 32
0 209 72 206 221 
Vertex 222 distance 38
0 636 465 330 342 567 222 
Vertex 223 distance 38
0 636 465 106 557 251 223 
Vertex 224 distance 35
0 147 610 218 374 149 555 80 224 
Vertex 225 distance 40
0 209 114 16 407 596 225 
Vertex 226 distance 25
0 209 307 598 135 226 
Vertex 227 distance 37
0 636 465 106 308 71 273 573 227 
Vertex 228 distance 32
0 586 377 186 108 228 
Vertex 229 distance 33
0 147 610 218 374 149 555 229 
Vertex 230 distance 32
0 147 610 218 543 66 13 402 230 
Vertex 231 distance 36
0 549 629 290 185 231 
Vertex 232 distance 34
0 209 72 15 462 232 
Vertex 233 distance 23
0 147 610 233 
Vertex 234 distance 24
0 209 307 545 234 
Vertex 235 distance 44
0 586 150 96 314 235 
Vertex 236 distance 39
0 147 610 272 255 527 499 236 
Vertex 237 distance 38
0 147 610 233 463 237 
Vertex 238 distance 29
0 636 426 184 238 
Vertex 239 distance 41
0 549 584 623 239 
Vertex 240 distance 42
0 209 307 545 332 525 187 495 439 271 544 164 240 
Vertex 241 distance 33
0 636 465 330 246 241 
Vertex 242 distance 31
0 209 307 598 604 625 242 
Vertex 243 distance 27
0 551 288 193 243 
Vertex 244 distance 47
0 147 611 485 585 244 
Vertex 245 distance 29
0 636 426 248 82 293 163 245 
Vertex 246 distance 29
0 636 465 330 246 
Vertex 247 distance 37
0 636 465 330 247 
Vertex 248 distance 19
0 636 426 248 
Vertex 249 distance 53
0 209 307 300 552 521 119 384 249 
Vertex 250 distance 32
0 636 465 106 557 250 
Vertex 251 distance 31
0 636 465 106 557 251 
Vertex 252 distance 34
0 636 465 330 342 567 252 
Vertex 253 distance 33
0 147 610 218 543 160 253 
Vertex 254 distance 26
0 147 610 254 
Vertex 255 distance 25
0 147 610 272 255 
Vertex 256 distance 34
0 636 426 328 522 256 
Vertex 257 distance 35
0 209 307 598 135 257 
Vertex 258 distance 31
0 209 72 15 188 258 
Vertex 259 distance 34
0 147 610 218 374 149 555 603 213 78 259 
Vertex 260 distance 39
0 209 307 598 148 260 
Vertex 261 distance 35
0 209 307 545 332 525 261 
Vertex 262 distance 28
0 209 307 300 568 262 
Vertex 263 distance 38
0 636 465 354 87 263 
Vertex 264 distance 35
0 209 307 300 568 172 264 
Vertex 265 distance 30
0 209 72 15 462 154 265 
Vertex 266 distance 36
0 586 217 266 
Vertex 267 distance 32
0 636 426 248 82 293 163 245 267 
Vertex 268 distance 34
0 209 571 268 
Vertex 269 distance 37
0 147 212 452 269 
Vertex 270 distance 33
0 549 584 623 270 
Vertex 271 distance 27
0 209 307 545 332 525 187 495 439 271 
Vertex 272 distance 24
0 147 610 272 
Vertex 273 distance 34
0 636 465 106 308 71 273 
Vertex 274 distance 37
0 636 426 184 238 274 
Vertex 275 distance 36
0 586 319 275 
Vertex 276 distance 38
0 147 610 218 543 66 276 
Vertex 277 distance 38
0 636 465 106 557 507 277 
Vertex 278 distance 25
0 636 465 354 278 
Vertex 279 distance 30
0 209 307 545 332 525 187 495 439 282 279 
Vertex 280 distance 24
0 209 307 545 332 379 280 
Vertex 281 distance 35
0 209 307 545 332 525 187 495 439 198 281 
Vertex 282 distance 27
0 209 307 545 332 525 187 495 439 282 
Vertex 283 distance 32
0 636 426 248 82 293 315 283 
Vertex 284 distance 44
0 636 465 106 284 
Vertex 285 distance 42
0 636 426 248 82 293 285 
Vertex 286 distance 37
0 636 426 248 82 293 315 286 
Vertex 287 distance 47
0 209 307 545 332 525 187 495 439 271 287 
Vertex 288 distance 19
0 551 288 
Vertex 289 distance 37
0 209 72 15 188 289 
Vertex 290 distance 18
0 549 629 290 
Vertex 291 distance 31
0 147 610 218 543 66 13 291 
Vertex 292 distance 34
0 636 465 106 308 292 
Vertex 293 distance 22
0 636 426 248 82 293 
Vertex 294 distance 33
0 209 307 545 332 525 451 294 
Vertex 295 distance 33
0 209 307 545 332 525 187 495 439 271 295 
Vertex 296 distance 41
0 209 307 545 332 379 296 
Vertex 297 distance 31
0 209 307 57 297 
Vertex 298 distance 27
0 298 
Vertex 299 distance 24
0 549 629 290 299 
Vertex 300 distance 21
0 209 307 300 
Vertex 301 distance 34
0 636 426 248 82 293 163 340 614 301 
Vertex 302 distance 37
0 636 426 248 82 302 
Vertex 303 distance 37
0 209 571 325 303 
Vertex 304 distance 31
0 147 610 304 
Vertex 305 distance 34
0 586 377 305 
Vertex 306 distance 37
0 636 426 306 
Vertex 307 distance 14
0 209 307 
Vertex 308 distance 27
0 636 465 106 308 
Vertex 309 distance 40
0 147 610 218 543 66 276 309 
Vertex 310 distance 42
0 586 122 177 375 411 310 
Vertex 311 distance 27
0 549 195 311 
Vertex 312 distance 37
0 636 151 373 562 312 
Vertex 313 distance 31
0 636 465 106 517 313 
Vertex 314 distance 36
0 586 150 96 314 
Vertex 315 distance 27
0 636 426 248 82 293 315 
Vertex 316 distance 29
0 549 584 86 316 
Vertex 317 distance 37
0 209 307 545 415 317 
Vertex 318 distance 26
0 636 318 
Vertex 319 distance 26
0 586 319 
Vertex 320 distance 32
0 147 610 218 543 66 13 291 320 
Vertex 321 distance 28
0 209 307 598 135 226 321 
Vertex 322 distance 46
0 209 307 545 332 525 187 322 
Vertex 323 distance 22
0 586 377 61 323 
Vertex 324 distance 34
0 586 377 61 323 583 554 324 
Vertex 325 distance 28
0 209 571 325 
Vertex 326 distance 30
0 636 465 354 87 326 
Vertex 327 distance 31
0 209 307 300 568 172 327 
Vertex 328 distance 24
0 636 426 328 
Vertex 329 distance 29
0 549 629 290 400 361 329 
Vertex 330 distance 20
0 636 465 330 
Vertex 331 distance 31
0 586 377 112 331 
Vertex 332 distance 17
0 209 307 545 332 
Vertex 333 distance 31
0 586 333 
Vertex 334 distance 30
0 147 610 334 
Vertex 335 distance 32
0 209 307 300 552 492 466 335 
Vertex 336 distance 27
0 147 610 272 255 336 
Vertex 337 distance 35
0 549 629 290 480 337 
Vertex 338 distance 33
0 147 610 218 543 66 338 
Vertex 339 distance 31
0 147 610 218 374 341 587 364 488 339 
Vertex 340 distance 30
0 636 426 248 82 293 163 340 
Vertex 341 distance 24
0 147 610 218 374 341 
Vertex 342 distance 25
0 636 465 330 342 
Vertex 343 distance 32
0 636 465 106 557 420 438 42 615 343 
Vertex 344 distance 34
0 586 377 344 
Vertex 345 distance 29
0 345 
Vertex 346 distance 31
0 209 307 545 234 346 
Vertex 347 distance 28
0 636 465 354 278 75 347 
Vertex 348 distance 33
0 209 307 300 568 262 396 406 348 
Vertex 349 distance 37
0 636 465 106 557 349 
Vertex 350 distance 41
0 586 122 11 617 370 350 
Vertex 351 distance 33
0 209 307 545 332 525 451 351 
Vertex 352 distance 44
0 209 307 545 332 447 176 352 
Vertex 353 distance 24
0 209 307 545 401 353 
Vertex 354 distance 20
0 636 465 354 
Vertex 355 distance 33
0 636 151 373 355 
Vertex 356 distance 28
0 636 465 106 557 356 
Vertex 357 distance 30
0 147 610 218 374 149 357 
Vertex 358 distance 42
0 209 307 300 568 358 
Vertex 359 distance 35
0 147 611 144 359 
Vertex 360 distance 27
0 209 307 545 332 525 187 360 
Vertex 361 distance 27
0 549 629 290 400 361 
Vertex 362 distance 32
0 209 307 366 394 362 
Vertex 363 distance 35
0 209 307 545 332 525 187 495 439 518 90 363 
Vertex 364 distance 27
0 147 610 218 374 341 587 364 
Vertex 365 distance 32
0 147 610 272 255 529 622 365 
Vertex 366 distance 21
0 209 307 366 
Vertex 367 distance 29
0 209 307 545 234 367 
Vertex 368 distance 26
0 636 151 368 
Vertex 369 distance 36
0 209 307 300 552 492 466 335 369 
Vertex 370 distance 32
0 586 122 11 617 370 
Vertex 371 distance 31
0 586 153 512 371 
Vertex 372 distance 39
0 147 610 218 374 149 555 372 
Vertex 373 distance 31
0 636 151 373 
Vertex 374 distance 20
0 147 610 218 374 
Vertex 375 distance 30
0 586 122 177 375 
Vertex 376 distance 35
0 209 307 545 332 525 27 376 
Vertex 377 distance 15
0 586 377 
Vertex 378 distance 36
0 147 93 55 378 
Vertex 379 distance 21
0 209 307 545 332 379 
Vertex 380 distance 22
0 147 610 218 374 149 380 
Vertex 381 distance 33
0 209 307 300 568 172 381 
Vertex 382 distance 32
0 147 610 272 255 336 382 
Vertex 383 distance 38
0 551 385 383 
Vertex 384 distance 31
0 209 307 300 552 521 119 384 
Vertex 385 distance 35
0 551 385 
Vertex 386 distance 31
0 209 307 545 332 447 386 
Vertex 387 distance 29
0 147 610 218 387 
Vertex 388 distance 30
0 209 307 545 332 525 451 388 
Vertex 389 distance 36
0 636 465 389 
Vertex 390 distance 29
0 636 318 390 
Vertex 391 distance 34
0 636 465 106 563 391 
Vertex 392 distance 38
0 586 377 344 392 
Vertex 393 distance 30
0 209 307 545 393 
Vertex 394 distance 22
0 209 307 366 394 
Vertex 395 distance 39
0 636 426 248 82 293 315 286 395 
Vertex 396 distance 31
0 209 307 300 568 262 396 
Vertex 397 distance 36
0 209 307 300 568 172 381 397 
Vertex 398 distance 32
0 209 114 16 407 398 
Vertex 399 distance 29
0 551 288 193 243 399 
Vertex 400 distance 19
0 549 629 290 400 
Vertex 401 distance 19
0 209 307 545 401 
Vertex 402 distance 31
0 147 610 218 543 66 13 402 
Vertex 403 distance 46
0 551 288 193 243 399 403 
Vertex 404 distance 34
0 586 217 404 
Vertex 405 distance 33
0 549 629 290 405 
Vertex 406 distance 32
0 209 307 300 568 262 396 406 
Vertex 407 distance 31
0 209 114 16 407 
Vertex 408 distance 32
0 586 150 96 408 
Vertex 409 distance 34
0 209 307 545 332 525 409 
Vertex 410 distance 29
0 551 410 
Vertex 411 distance 31
0 586 122 177 375 411 
Vertex 412 distance 30
0 636 426 248 82 293 412 
Vertex 413 distance 46
0 147 93 413 
Vertex 414 distance 34
0 147 93 55 414 
Vertex 415 distance 30
0 209 307 545 415 
Vertex 416 distance 33
0 551 410 98 416 
Vertex 417 distance 49
0 636 465 106 308 417 
Vertex 418 distance 36
0 636 426 184 418 
Vertex 419 distance 30
0 209 307 545 332 379 280 419 
Vertex 420 distance 27
0 636 465 106 557 420 
Vertex 421 distance 31
0 209 307 366 421 
Vertex 422 distance 30
0 209 307 594 79 422 
Vertex 423 distance 30
0 636 465 106 557 420 438 423 
Vertex 424 distance 30
0 147 610 233 424 
Vertex 425 distance 32
0 636 465 106 308 425 
Vertex 426 distance 17
0 636 426 
Vertex 427 distance 33
0 636 426 248 82 427 
Vertex 428 distance 33
0 549 629 290 459 142 428 
Vertex 429 distance 33
0 636 465 106 557 356 429 
Vertex 430 distance 36
0 636 465 354 127 430 
Vertex 431 distance 30
0 147 610 218 431 
Vertex 432 distance 36
0 209 307 598 135 5 432 
Vertex 433 distance 33
0 209 307 545 332 525 187 360 433 
Vertex 434 distance 28
0 209 307 545 332 525 434 
Vertex 435 distance 34
0 147 610 218 374 149 555 80 435 
Vertex 436 distance 33
0 209 307 545 332 525 187 436 
Vertex 437 distance 35
0 147 610 272 255 529 622 365 437 
Vertex 438 distance 28
0 636 465 106 557 420 438 
Vertex 439 distance 24
0 209 307 545 332 525 187 495 439 
Vertex 440 distance 27
0 209 307 545 332 525 187 495 439 440 
Vertex 441 distance 40
0 147 610 218 374 149 523 441 
Vertex 442 distance 43
0 549 584 623 602 442 
Vertex 443 distance 31
0 209 307 598 604 625 443 
Vertex 444 distance 26
0 147 611 32 444 
Vertex 445 distance 36
0 209 307 545 332 525 451 445 
Vertex 446 distance 36
0 551 288 193 446 
Vertex 447 distance 23
0 209 307 545 332 447 
Vertex 448 distance 34
0 147 610 254 448 
Vertex 449 distance 34
0 209 307 545 234 346 449 
Vertex 450 distance 39
0 586 150 450 
Vertex 451 distance 24
0 209 307 545 332 525 451 
Vertex 452 distance 35
0 147 212 452 
Vertex 453 distance 32
0 147 610 218 543 66 453 
Vertex 454 distance 41
0 636 426 248 82 293 163 340 614 454 
Vertex 455 distance 27
0 147 93 455 
Vertex 456 distance 36
0 636 426 248 82 293 315 283 456 
Vertex 457 distance 33
0 636 465 330 342 503 457 
Vertex 458 distance 30
0 636 426 458 
Vertex 459 distance 21
0 549 629 290 459 
Vertex 460 distance 40
0 586 122 11 113 41 460 
Vertex 461 distance 33
0 636 465 106 557 420 438 42 615 461 
Vertex 462 distance 26
0 209 72 15 462 
Vertex 463 distance 31
0 147 610 233 463 
Vertex 464 distance 37
0 209 307 300 552 521 464 
Vertex 465 distance 19
0 636 465 
Vertex 466 distance 29
0 209 307 300 552 492 466 
Vertex 467 distance 41
0 209 307 545 36 467 
Vertex 468 distance 43
0 636 426 184 468 
Vertex 469 distance 52
0 147 611 144 211 469 
Vertex 470 distance 39
0 209 307 598 135 5 470 
Vertex 471 distance 35
0 209 307 366 493 40 471 
Vertex 472 distance 29
0 549 629 290 400 361 472 
Vertex 473 distance 35
0 636 465 106 557 250 473 
Vertex 474 distance 25
0 209 307 545 332 525 187 495 439 474 
Vertex 475 distance 35
0 636 465 510 475 
Vertex 476 distance 33
0 209 307 594 476 
Vertex 477 distance 28
0 147 93 55 477 
Vertex 478 distance 27
0 209 307 366 478 
Vertex 479 distance 29
0 636 465 330 606 479 
Vertex 480 distance 30
0 549 629 290 480 
Vertex 481 distance 34
0 209 307 598 604 625 481 
Vertex 482 distance 39
0 209 307 598 135 257 100 482 
Vertex 483 distance 26
0 549 584 483 
Vertex 484 distance 34
0 209 307 545 234 346 24 484 
Vertex 485 distance 29
0 147 611 485 
Vertex 486 distance 23
0 147 93 486 
Vertex 487 distance 35
0 636 465 106 308 71 487 
Vertex 488 distance 29
0 147 610 218 374 341 587 364 488 
Vertex 489 distance 35
0 636 465 354 127 489 
Vertex 490 distance 31
0 549 629 290 400 361 329 490 
Vertex 491 distance 31
0 586 122 11 617 491 
Vertex 492 distance 28
0 209 307 300 552 492 
Vertex 493 distance 24
0 209 307 366 493 
Vertex 494 distance 34
0 209 307 545 332 525 187 495 439 518 90 494 
Vertex 495 distance 23
0 209 307 545 332 525 187 495 
Vertex 496 distance 35
0 586 377 305 496 
Vertex 497 distance 31
0 636 465 354 278 497 
Vertex 498 distance 38
0 147 93 486 182 498 
Vertex 499 distance 33
0 147 610 272 255 527 499 
Vertex 500 distance 31
0 636 465 330 246 500 
Vertex 501 distance 35
0 209 307 545 332 525 187 495 439 271 544 501 
Vertex 502 distance 25
0 209 307 366 493 502 
Vertex 503 distance 28
0 636 465 330 342 503 
Vertex 504 distance 46
0 636 426 458 504 
Vertex 505 distance 37
0 209 307 179 59 505 
Vertex 506 distance 19
0 586 377 506 
Vertex 507 distance 37
0 636 465 106 557 507 
Vertex 508 distance 32
0 636 465 106 557 420 438 423 508 
Vertex 509 distance 32
0 209 307 594 79 509 
Vertex 510 distance 27
0 636 465 510 
Vertex 511 distance 56
0 147 93 55 511 
Vertex 512 distance 28
0 586 153 512 
Vertex 513 distance 32
0 586 122 177 375 513 
Vertex 514 distance 37
0 209 307 300 568 262 396 406 514 
Vertex 515 distance 48
0 147 610 515 
Vertex 516 distance 30
0 636 426 248 82 293 163 516 
Vertex 517 distance 30
0 636 465 106 517 
Vertex 518 distance 26
0 209 307 545 332 525 187 495 439 518 
Vertex 519 distance 30
0 209 307 545 332 525 187 495 439 518 519 
Vertex 520 distance 30
0 147 610 218 374 341 587 520 
Vertex 521 distance 28
0 209 307 300 552 521 
Vertex 522 distance 26
0 636 426 328 522 
Vertex 523 distance 36
0 147 610 218 374 149 523 
Vertex 524 distance 32
0 586 122 177 524 
Vertex 525 distance 19
0 209 307 545 332 525 
Vertex 526 distance 34
0 209 307 545 332 525 451 526 
Vertex 527 distance 26
0 147 610 272 255 527 
Vertex 528 distance 37
0 147 610 218 543 66 216 528 
Vertex 529 distance 27
0 147 610 272 255 529 
Vertex 530 distance 31
0 549 584 483 530 
Vertex 531 distance 32
0 147 610 218 374 341 531 
Vertex 532 distance 30
0 209 307 57 532 
Vertex 533 distance 45
0 549 629 290 459 104 45 533 
Vertex 534 distance 32
0 147 611 32 444 534 
Vertex 535 distance 33
0 636 465 354 278 208 535 
Vertex 536 distance 43
0 147 610 272 255 529 622 365 536 
Vertex 537 distance 35
0 147 610 218 374 341 531 537 
Vertex 538 distance 29
0 551 599 538 
Vertex 539 distance 51
0 636 465 106 308 292 539 
Vertex 540 distance 37
0 147 610 218 374 149 136 540 
Vertex 541 distance 36
0 209 72 15 462 541 
Vertex 542 distance 47
0 209 72 15 542 
Vertex 543 distance 22
0 147 610 218 543 
Vertex 544 distance 30
0 209 307 545 332 525 187 495 439 271 544 
Vertex 545 distance 15
0 209 307 545 
Vertex 546 distance 32
0 549 584 483 546 
Vertex 547 distance 43
0 586 377 61 323 547 
Vertex 548 distance 43
0 549 195 311 4 548 
Vertex 549 distance 15
0 549 
Vertex 550 distance 36
0 586 150 96 408 550 
Vertex 551 distance 18
0 551 
Vertex 552 distance 26
0 209 307 300 552 
Vertex 553 distance 30
0 549 629 290 400 361 329 553 
Vertex 554 distance 33
0 586 377 61 323 583 554 
Vertex 555 distance 27
0 147 610 218 374 149 555 
Vertex 556 distance 34
0 209 609 556 
Vertex 557 distance 25
0 636 465 106 557 
Vertex 558 distance 34
0 147 93 455 215 577 558 
Vertex 559 distance 28
0 209 307 300 568 559 
Vertex 560 distance 28
0 636 426 248 82 560 
Vertex 561 distance 33
0 147 93 561 
Vertex 562 distance 32
0 636 151 373 562 
Vertex 563 distance 33
0 636 465 106 563 
Vertex 564 distance 42
0 147 610 272 255 527 499 564 
Vertex 565 distance 22
0 549 629 290 565 
Vertex 566 distance 39
0 209 307 545 332 525 187 495 439 282 566 
Vertex 567 distance 27
0 636 465 330 342 567 
Vertex 568 distance 22
0 209 307 300 568 
Vertex 569 distance 31
0 209 307 545 332 525 187 495 439 440 33 569 
Vertex 570 distance 38
0 636 465 106 557 570 
Vertex 571 distance 12
0 209 571 
Vertex 572 distance 38
0 549 572 
Vertex 573 distance 35
0 636 465 106 308 71 273 573 
Vertex 574 distance 41
0 209 307 179 59 505 574 
Vertex 575 distance 32
0 147 610 218 374 149 357 575 
Vertex 576 distance 46
0 551 576 
Vertex 577 distance 30
0 147 93 455 215 577 
Vertex 578 distance 24
0 549 629 290 578 
Vertex 579 distance 33
0 209 307 545 332 525 187 360 579 
Vertex 580 distance 34
0 636 318 390 580 
Vertex 581 distance 33
0 636 151 581 
Vertex 582 distance 40
0 551 288 589 588 582 
Vertex 583 distance 32
0 586 377 61 323 583 
Vertex 584 distance 22
0 549 584 
Vertex 585 distance 33
0 147 611 485 585 
Vertex 586 distance 13
0 586 
Vertex 587 distance 26
0 147 610 218 374 341 587 
Vertex 588 distance 28
0 551 288 589 588 
Vertex 589 distance 22
0 551 288 589 
Vertex 590 distance 30
0 147 610 218 543 66 590 
Vertex 591 distance 36
0 551 410 632 591 
Vertex 592 distance 36
0 636 465 123 592 
Vertex 593 distance 33
0 209 307 545 332 525 187 495 439 198 593 
Vertex 594 distance 25
0 209 307 594 
Vertex 595 distance 33
0 209 307 545 415 595 
Vertex 596 distance 33
0 209 114 16 407 596 
Vertex 597 distance 45
0 147 611 32 597 
Vertex 598 distance 20
0 209 307 598 
Vertex 599 distance 27
0 551 599 
Vertex 600 distance 46
0 636 465 354 127 489 600 
Vertex 601 distance 31
0 549 629 290 299 107 601 
Vertex 602 distance 34
0 549 584 623 602 
Vertex 603 distance 28
0 147 610 218 374 149 555 603 
Vertex 604 distance 28
0 209 307 598 604 
Vertex 605 distance 32
0 209 307 366 605 
Vertex 606 distance 25
0 636 465 330 606 
Vertex 607 distance 39
0 147 610 272 255 529 622 365 437 607 
Vertex 608 distance 35
0 209 307 545 332 447 386 608 
Vertex 609 distance 30
0 209 609 
Vertex 610 distance 12
0 147 610 
Vertex 611 distance 21
0 147 611 
Vertex 612 distance 40
0 209 307 300 568 172 381 397 612 
Vertex 613 distance 37
0 586 377 613 
Vertex 614 distance 32
0 636 426 248 82 293 163 340 614 
Vertex 615 distance 31
0 636 465 106 557 420 438 42 615 
Vertex 616 distance 39
0 549 584 616 
Vertex 617 distance 30
0 586 122 11 617 
Vertex 618 distance 31
0 209 307 545 332 525 187 495 439 271 544 618 
Vertex 619 distance 33
0 147 610 218 387 619 
Vertex 620 distance 41
0 209 307 545 36 620 
Vertex 621 distance 45
0 586 377 112 331 621 
Vertex 622 distance 28
0 147 610 272 255 529 622 
Vertex 623 distance 28
0 549 584 623 
Vertex 624 distance 39
0 209 307 545 332 525 187 495 439 518 624 
Vertex 625 distance 29
0 209 307 598 604 625 
Vertex 626 distance 35
0 209 307 545 332 525 187 495 439 271 544 626 
Vertex 627 distance 40
0 636 426 328 522 194 56 121 627 
Vertex 628 distance 41
0 586 377 112 331 628 
Vertex 629 distance 17
0 549 629 
Vertex 630 distance 32
0 209 307 598 630 
Vertex 631 distance 35
0 586 150 9 631 
Vertex 632 distance 30
0 551 410 632 
Vertex 633 distance 44
0 209 307 545 332 525 187 495 439 518 624 633 
Vertex 634 distance 43
0 636 465 354 127 430 634 
Vertex 635 distance 37
0 147 610 218 374 341 587 635 
Vertex 636 distance 9
0 636 
Vertex 637 distance 39
0 147 610 272 255 336 637 
Vertex 638 distance 47
0 586 122 11 113 41 460 638 
Vertex 639 distance 42
0 209 72 15 639 
