Vertex 0 distance 0
0 0 
Vertex 1 distance 12
0 254 493 266 199 232 1 
Vertex 2 distance 6
0 254 461 250 191 2 
Vertex 3 distance 14
0 51 604 3 
Vertex 4 distance 3
0 4 
Vertex 5 distance 15
0 254 461 250 191 579 468 159 5 
Vertex 6 distance 15
0 254 461 250 191 2 389 405 6 
Vertex 7 distance 10
0 254 493 266 7 
Vertex 8 distance 14
0 8 
Vertex 9 distance 12
0 254 461 508 289 9 
Vertex 10 distance 14
0 254 195 570 10 
Vertex 11 distance 9
0 254 461 508 11 
Vertex 12 distance 10
0 254 119 12 
Vertex 13 distance 10
0 254 461 250 191 402 444 13 
Vertex 14 distance 12
0 254 493 266 199 14 
Vertex 15 distance 14
0 254 461 250 191 402 106 610 299 15 
Vertex 16 distance 13
0 254 461 250 191 579 224 16 
Vertex 17 distance 16
0 254 461 250 191 181 25 517 17 
Vertex 18 distance 15
0 254 461 291 580 18 
Vertex 19 distance 13
0 254 461 250 191 402 444 312 19 
Vertex 20 distance 11
0 254 461 250 186 20 
Vertex 21 distance 12
0 254 461 250 191 2 389 168 21 
Vertex 22 distance 13
0 254 461 250 186 547 48 22 
Vertex 23 distance 15
0 254 461 250 191 2 355 248 23 
Vertex 24 distance 14
0 254 461 250 186 547 24 
Vertex 25 distance 11
0 254 461 250 191 181 25 
Vertex 26 distance 12
0 254 461 250 191 452 275 110 63 26 
Vertex 27 distance 13
0 254 119 631 419 27 
Vertex 28 distance 14
0 254 461 250 191 219 428 348 28 
Vertex 29 distance 14
0 254 461 250 191 2 355 248 633 177 29 
Vertex 30 distance 16
0 254 119 278 84 583 220 259 30 
Vertex 31 distance 13
0 254 461 250 186 481 31 
Vertex 32 distance 13
0 268 32 
Vertex 33 distance 11
0 254 461 250 191 2 389 33 
Vertex 34 distance 9
0 254 461 250 191 452 228 34 
Vertex 35 distance 14
0 4 75 285 35 
Vertex 36 distance 11
0 254 461 291 636 209 36 
Vertex 37 distance 8
0 254 461 204 37 
Vertex 38 distance 13
0 254 461 291 580 506 425 479 564 38 
Vertex 39 distance 13
0 254 119 278 84 39 
Vertex 40 distance 13
0 254 461 250 191 181 638 311 40 
Vertex 41 distance 9
0 254 461 41 
Vertex 42 distance 13
0 51 118 42 
Vertex 43 distance 11
0 254 119 278 241 112 43 
Vertex 44 distance 10
0 254 119 631 419 44 
Vertex 45 distance 13
0 254 461 250 191 303 576 45 
Vertex 46 distance 13
0 254 461 291 580 101 46 
Vertex 47 distance 12
0 254 461 250 191 219 514 251 47 
Vertex 48 distance 11
0 254 461 250 186 547 48 
Vertex 49 distance 15
0 254 461 291 636 543 541 49 
Vertex 50 distance 13
0 254 119 631 50 
Vertex 51 distance 7
0 51 
Vertex 52 distance 12
0 254 119 12 52 
Vertex 53 distance 16
0 254 461 291 580 506 425 184 53 
Vertex 54 distance 16
0 254 119 631 451 253 54 
Vertex 55 distance 17
0 254 119 631 396 453 55 
Vertex 56 distance 16
0 254 461 204 37 571 572 243 56 
Vertex 57 distance 10
0 254 461 291 57 
Vertex 58 distance 15
0 254 461 250 191 402 444 237 358 420 473 58 
Vertex 59 distance 12
0 254 461 291 636 209 59 
Vertex 60 distance 15
0 254 388 424 324 244 242 485 60 
Vertex 61 distance 14
0 254 461 250 186 481 283 61 
Vertex 62 distance 17
0 254 119 631 451 477 62 
Vertex 63 distance 11
0 254 461 250 191 452 275 110 63 
Vertex 64 distance 13
0 254 388 424 64 
Vertex 65 distance 14
0 254 461 204 235 65 
Vertex 66 distance 17
0 254 461 250 186 481 283 61 66 
Vertex 67 distance 11
0 347 67 
Vertex 68 distance 13
0 254 461 250 191 402 444 190 68 
Vertex 69 distance 12
0 254 461 204 37 69 
Vertex 70 distance 10
0 371 70 
Vertex 71 distance 17
0 254 461 250 191 219 514 251 565 71 
Vertex 72 distance 12
0 254 119 161 72 
Vertex 73 distance 13
0 254 493 266 7 73 
Vertex 74 distance 15
0 254 461 250 186 547 591 74 
Vertex 75 distance 12
0 4 75 
Vertex 76 distance 15
0 254 461 250 191 2 297 76 
Vertex 77 distance 15
0 254 119 631 451 253 448 77 
Vertex 78 distance 12
0 254 461 250 186 20 78 
Vertex 79 distance 12
0 254 119 278 158 361 79 
Vertex 80 distance 17
0 254 461 291 636 543 139 80 
Vertex 81 distance 16
0 254 493 266 7 534 81 
Vertex 82 distance 13
0 254 461 250 191 205 279 82 
Vertex 83 distance 16
0 254 461 291 57 421 83 
Vertex 84 distance 8
0 254 119 278 84 
Vertex 85 distance 13
0 254 461 250 191 205 279 85 
Vertex 86 distance 10
0 254 461 250 191 452 475 637 86 
Vertex 87 distance 12
0 254 119 278 158 87 
Vertex 88 distance 13
0 254 461 204 37 88 
Vertex 89 distance 12
0 254 461 250 191 303 462 89 
Vertex 90 distance 10
0 254 493 266 90 
Vertex 91 distance 15
0 254 461 250 191 452 475 637 91 
Vertex 92 distance 12
0 254 461 250 191 402 444 237 358 420 92 
Vertex 93 distance 15
0 254 461 250 191 452 322 240 593 395 93 
Vertex 94 distance 13
0 254 461 250 191 402 444 237 358 420 92 94 
Vertex 95 distance 10
0 254 461 291 580 506 95 
Vertex 96 distance 15
0 254 461 291 455 96 
Vertex 97 distance 16
0 254 461 250 191 2 612 601 97 
Vertex 98 distance 15
0 254 461 250 191 2 612 531 293 98 
Vertex 99 distance 17
0 254 461 250 191 452 228 34 433 503 99 
Vertex 100 distance 15
0 254 119 631 451 477 100 
Vertex 101 distance 10
0 254 461 291 580 101 
Vertex 102 distance 8
0 254 461 250 191 452 275 102 
Vertex 103 distance 14
0 254 461 250 191 2 297 103 
Vertex 104 distance 12
0 254 461 204 141 104 
Vertex 105 distance 14
0 254 461 250 191 2 389 105 
Vertex 106 distance 10
0 254 461 250 191 402 106 
Vertex 107 distance 18
0 254 461 250 191 181 638 107 
Vertex 108 distance 12
0 254 461 250 191 181 108 
Vertex 109 distance 13
0 254 461 250 191 2 355 248 633 109 
Vertex 110 distance 9
0 254 461 250 191 452 275 110 
Vertex 111 distance 12
0 51 111 
Vertex 112 distance 10
0 254 119 278 241 112 
Vertex 113 distance 12
0 254 461 250 113 
Vertex 114 distance 17
0 254 119 631 50 114 
Vertex 115 distance 12
0 371 70 115 
Vertex 116 distance 14
0 254 461 250 191 402 444 190 162 116 
Vertex 117 distance 14
0 254 119 631 419 550 117 
Vertex 118 distance 10
0 51 118 
Vertex 119 distance 5
0 254 119 
Vertex 120 distance 18
0 254 119 278 158 397 120 
Vertex 121 distance 11
0 254 461 291 121 
Vertex 122 distance 16
0 254 119 631 396 122 
Vertex 123 distance 13
0 254 461 250 191 452 123 
Vertex 124 distance 13
0 254 461 291 124 
Vertex 125 distance 17
0 254 119 631 396 125 
Vertex 126 distance 14
0 254 461 250 191 2 389 33 126 
Vertex 127 distance 11
0 254 461 250 484 127 
Vertex 128 distance 15
0 254 461 250 191 452 228 34 314 353 128 
Vertex 129 distance 15
0 254 461 291 580 506 425 184 129 
Vertex 130 distance 14
0 254 461 250 191 181 638 311 40 130 
Vertex 131 distance 15
0 254 461 250 191 452 228 34 346 131 
Vertex 132 distance 16
0 254 461 250 191 452 475 637 427 132 
Vertex 133 distance 15
0 254 461 250 191 303 499 325 133 
Vertex 134 distance 18
0 254 119 278 276 134 
Vertex 135 distance 11
0 254 461 135 
Vertex 136 distance 17
0 254 461 250 191 452 475 536 136 
Vertex 137 distance 18
0 254 461 250 484 127 245 137 
Vertex 138 distance 13
0 254 119 278 84 583 599 193 351 138 
Vertex 139 distance 10
0 254 461 291 636 543 139 
Vertex 140 distance 18
0 254 461 250 191 2 389 405 362 140 
Vertex 141 distance 11
0 254 461 204 141 
Vertex 142 distance 15
0 268 32 142 
Vertex 143 distance 13
0 254 461 250 191 452 475 536 398 173 143 
Vertex 144 distance 11
0 254 461 250 191 579 468 144 
Vertex 145 distance 18
0 254 461 250 191 452 275 110 277 366 145 
Vertex 146 distance 19
0 254 119 631 419 146 
Vertex 147 distance 13
0 254 461 250 191 205 279 147 
Vertex 148 distance 12
0 347 67 148 
Vertex 149 distance 10
0 254 119 631 396 149 
Vertex 150 distance 11
0 254 119 278 150 
Vertex 151 distance 13
0 254 461 250 191 219 151 
Vertex 152 distance 10
0 254 461 291 152 
Vertex 153 distance 16
0 254 461 250 191 205 474 153 
Vertex 154 distance 11
0 51 284 154 
Vertex 155 distance 14
0 254 461 250 191 452 322 240 222 155 
Vertex 156 distance 20
0 254 461 250 191 2 389 33 511 156 
Vertex 157 distance 12
0 254 119 278 84 583 599 157 
Vertex 158 distance 8
0 254 119 278 158 
Vertex 159 distance 12
0 254 461 250 191 579 468 159 
Vertex 160 distance 15
0 254 119 631 160 
Vertex 161 distance 10
0 254 119 161 
Vertex 162 distance 12
0 254 461 250 191 402 444 190 162 
Vertex 163 distance 19
0 254 461 250 191 452 275 269 298 621 163 
Vertex 164 distance 13
0 254 461 250 191 2 389 168 21 164 
Vertex 165 distance 11
0 254 461 250 191 303 210 510 165 
Vertex 166 distance 13
0 254 461 250 191 402 444 237 358 420 473 166 
Vertex 167 distance 12
0 371 167 
Vertex 168 distance 10
0 254 461 250 191 2 389 168 
Vertex 169 distance 15
0 254 461 250 191 181 25 517 169 
Vertex 170 distance 15
0 254 388 424 324 170 
Vertex 171 distance 12
0 254 461 250 191 452 275 110 171 
Vertex 172 distance 12
0 254 461 250 191 452 475 637 86 172 
Vertex 173 distance 12
0 254 461 250 191 452 475 536 398 173 
Vertex 174 distance 14
0 254 461 250 191 219 514 251 565 174 
Vertex 175 distance 14
0 254 461 250 191 219 514 623 470 175 
Vertex 176 distance 20
0 254 119 278 241 176 
Vertex 177 distance 13
0 254 461 250 191 2 355 248 633 177 
Vertex 178 distance 17
0 254 461 291 121 581 178 
Vertex 179 distance 17
0 254 119 631 419 179 
Vertex 180 distance 12
0 254 461 250 484 180 
Vertex 181 distance 10
0 254 461 250 191 181 
Vertex 182 distance 13
0 51 182 
Vertex 183 distance 15
0 254 493 432 258 183 
Vertex 184 distance 12
0 254 461 291 580 506 425 184 
Vertex 185 distance 15
0 254 461 250 191 452 475 536 398 173 185 
Vertex 186 distance 8
0 254 461 250 186 
Vertex 187 distance 15
0 254 461 250 191 2 389 405 187 
Vertex 188 distance 13
0 254 461 135 188 
Vertex 189 distance 16
0 254 461 250 191 402 106 610 299 15 189 
Vertex 190 distance 11
0 254 461 250 191 402 444 190 
Vertex 191 distance 4
0 254 461 250 191 
Vertex 192 distance 12
0 254 461 250 191 402 192 
Vertex 193 distance 11
0 254 119 278 84 583 599 193 
Vertex 194 distance 12
0 254 461 250 186 481 194 
Vertex 195 distance 10
0 254 195 
Vertex 196 distance 13
0 254 195 196 
Vertex 197 distance 13
0 254 461 291 636 543 139 197 
Vertex 198 distance 15
0 254 461 561 414 198 
Vertex 199 distance 10
0 254 493 266 199 
Vertex 200 distance 15
0 268 212 200 
Vertex 201 distance 13
0 254 461 250 191 219 514 623 201 
Vertex 202 distance 17
0 254 388 424 64 202 
Vertex 203 distance 13
0 254 461 250 191 452 322 203 
Vertex 204 distance 6
0 254 461 204 
Vertex 205 distance 8
0 254 461 250 191 205 
Vertex 206 distance 12
0 347 67 206 
Vertex 207 distance 13
0 254 119 631 396 207 
Vertex 208 distance 11
0 254 461 250 191 402 208 
Vertex 209 distance 8
0 254 461 291 636 209 
Vertex 210 distance 9
0 254 461 250 191 303 210 
Vertex 211 distance 19
0 254 461 250 191 452 275 110 63 26 211 
Vertex 212 distance 13
0 268 212 
Vertex 213 distance 13
0 254 461 250 484 213 
Vertex 214 distance 14
0 254 461 250 191 452 275 102 214 
Vertex 215 distance 13
0 254 461 250 215 
Vertex 216 distance 16
0 254 461 250 191 402 106 512 466 216 
Vertex 217 distance 14
0 254 461 250 191 303 462 217 
Vertex 218 distance 18
0 254 461 291 580 585 218 
Vertex 219 distance 5
0 254 461 250 191 219 
Vertex 220 distance 12
0 254 119 278 84 583 220 
Vertex 221 distance 14
0 254 493 432 221 
Vertex 222 distance 10
0 254 461 250 191 452 322 240 222 
Vertex 223 distance 12
0 254 461 250 186 481 283 223 
Vertex 224 distance 12
0 254 461 250 191 579 224 
Vertex 225 distance 12
0 254 119 278 158 225 
Vertex 226 distance 17
0 254 461 250 191 2 389 33 611 226 
Vertex 227 distance 10
0 254 119 278 241 227 
Vertex 228 distance 7
0 254 461 250 191 452 228 
Vertex 229 distance 15
0 254 493 266 199 229 
Vertex 230 distance 12
0 254 461 291 580 506 425 479 564 230 
Vertex 231 distance 9
0 254 461 250 191 231 
Vertex 232 distance 11
0 254 493 266 199 232 
Vertex 233 distance 15
0 254 461 291 57 233 
Vertex 234 distance 12
0 51 118 234 
Vertex 235 distance 12
0 254 461 204 235 
Vertex 236 distance 13
0 254 119 631 451 253 236 
Vertex 237 distance 7
0 254 461 250 191 402 444 237 
Vertex 238 distance 14
0 254 461 291 455 238 
Vertex 239 distance 13
0 254 461 508 239 
Vertex 240 distance 9
0 254 461 250 191 452 322 240 
Vertex 241 distance 9
0 254 119 278 241 
Vertex 242 distance 12
0 254 388 424 324 244 242 
Vertex 243 distance 13
0 254 461 204 37 571 572 243 
Vertex 244 distance 11
0 254 388 424 324 244 
Vertex 245 distance 14
0 254 461 250 484 127 245 
Vertex 246 distance 11
0 254 119 631 419 520 246 
Vertex 247 distance 13
0 254 461 291 580 101 247 
Vertex 248 distance 10
0 254 461 250 191 2 355 248 
Vertex 249 distance 12
0 254 119 631 419 249 
Vertex 250 distance 3
0 254 461 250 
Vertex 251 distance 11
0 254 461 250 191 219 514 251 
Vertex 252 distance 14
0 254 461 250 191 452 275 110 252 
Vertex 253 distance 11
0 254 119 631 451 253 
Vertex 254 distance 1
0 254 
Vertex 255 distance 13
0 254 461 250 191 402 444 13 255 
Vertex 256 distance 15
0 254 493 266 90 256 
Vertex 257 distance 12
0 254 461 291 636 209 36 257 
Vertex 258 distance 12
0 254 493 432 258 
Vertex 259 distance 14
0 254 119 278 84 583 220 259 
Vertex 260 distance 9
0 254 461 250 191 303 499 260 
Vertex 261 distance 12
0 254 461 250 191 303 576 261 
Vertex 262 distance 13
0 254 119 278 158 361 79 262 
Vertex 263 distance 16
0 254 461 250 191 219 514 623 201 306 263 
Vertex 264 distance 12
0 254 461 250 191 2 355 264 
Vertex 265 distance 13
0 254 461 250 191 219 514 623 265 
Vertex 266 distance 9
0 254 493 266 
Vertex 267 distance 15
0 371 70 267 
Vertex 268 distance 8
0 268 
Vertex 269 distance 11
0 254 461 250 191 452 275 269 
Vertex 270 distance 18
0 254 461 250 191 303 210 510 270 
Vertex 271 distance 14
0 254 493 271 
Vertex 272 distance 11
0 254 461 250 191 452 475 637 86 272 
Vertex 273 distance 12
0 254 119 631 360 273 
Vertex 274 distance 11
0 254 461 204 37 571 274 
Vertex 275 distance 6
0 254 461 250 191 452 275 
Vertex 276 distance 11
0 254 119 278 276 
Vertex 277 distance 10
0 254 461 250 191 452 275 110 277 
Vertex 278 distance 7
0 254 119 278 
Vertex 279 distance 10
0 254 461 250 191 205 279 
Vertex 280 distance 19
0 371 280 
Vertex 281 distance 16
0 254 461 250 191 402 444 237 358 420 473 567 281 
Vertex 282 distance 14
0 254 461 250 191 452 387 282 
Vertex 283 distance 11
0 254 461 250 186 481 283 
Vertex 284 distance 9
0 51 284 
Vertex 285 distance 13
0 4 75 285 
Vertex 286 distance 14
0 254 119 631 419 44 286 
Vertex 287 distance 15
0 51 284 154 287 
Vertex 288 distance 11
0 254 493 266 7 288 
Vertex 289 distance 11
0 254 461 508 289 
Vertex 290 distance 15
0 254 461 204 141 104 364 290 
Vertex 291 distance 3
0 254 461 291 
Vertex 292 distance 15
0 254 493 266 292 
Vertex 293 distance 13
0 254 461 250 191 2 612 531 293 
Vertex 294 distance 14
0 254 119 278 294 
Vertex 295 distance 15
0 254 461 291 580 506 602 295 
Vertex 296 distance 14
0 254 461 250 191 452 275 269 296 
Vertex 297 distance 10
0 254 461 250 191 2 297 
Vertex 298 distance 15
0 254 461 250 191 452 275 269 298 
Vertex 299 distance 12
0 254 461 250 191 402 106 610 299 
Vertex 300 distance 14
0 254 493 266 7 534 300 
Vertex 301 distance 15
0 4 301 
Vertex 302 distance 14
0 254 461 250 191 402 444 237 358 420 559 563 302 
Vertex 303 distance 6
0 254 461 250 191 303 
Vertex 304 distance 11
0 254 461 250 191 205 279 304 
Vertex 305 distance 13
0 254 461 250 191 402 444 237 358 420 305 
Vertex 306 distance 15
0 254 461 250 191 219 514 623 201 306 
Vertex 307 distance 15
0 268 487 307 
Vertex 308 distance 17
0 254 461 291 636 209 59 308 
Vertex 309 distance 23
0 254 119 631 419 520 309 
Vertex 310 distance 13
0 254 119 631 419 520 246 310 
Vertex 311 distance 12
0 254 461 250 191 181 638 311 
Vertex 312 distance 12
0 254 461 250 191 402 444 312 
Vertex 313 distance 11
0 254 461 494 313 
Vertex 314 distance 10
0 254 461 250 191 452 228 34 314 
Vertex 315 distance 13
0 254 461 250 191 2 389 315 
Vertex 316 distance 10
0 254 461 250 191 452 322 316 
Vertex 317 distance 15
0 254 119 278 276 317 
Vertex 318 distance 15
0 254 461 250 191 219 428 528 318 
Vertex 319 distance 21
0 254 461 250 191 2 389 405 319 
Vertex 320 distance 13
0 254 461 250 191 452 228 34 314 320 
Vertex 321 distance 14
0 254 461 250 191 452 475 536 398 173 143 321 
Vertex 322 distance 6
0 254 461 250 191 452 322 
Vertex 323 distance 16
0 268 32 142 323 
Vertex 324 distance 9
0 254 388 424 324 
Vertex 325 distance 14
0 254 461 250 191 303 499 325 
Vertex 326 distance 14
0 254 461 250 191 2 389 168 21 326 
Vertex 327 distance 18
0 254 119 631 419 44 286 327 
Vertex 328 distance 13
0 254 461 250 191 452 475 536 398 173 328 
Vertex 329 distance 15
0 254 119 278 158 225 329 
Vertex 330 distance 14
0 254 119 278 241 554 330 
Vertex 331 distance 14
0 51 284 331 
Vertex 332 distance 11
0 254 461 291 636 209 332 
Vertex 333 distance 15
0 254 461 250 191 452 475 637 86 272 333 
Vertex 334 distance 15
0 254 461 250 191 2 389 33 511 334 
Vertex 335 distance 16
0 254 493 266 335 
Vertex 336 distance 14
0 254 461 291 636 543 336 
Vertex 337 distance 15
0 51 604 3 337 
Vertex 338 distance 14
0 254 461 291 636 209 338 
Vertex 339 distance 11
0 254 119 631 419 44 339 
Vertex 340 distance 14
0 254 461 204 37 571 340 
Vertex 341 distance 15
0 254 461 508 289 483 341 
Vertex 342 distance 17
0 254 119 278 241 112 515 342 
Vertex 343 distance 16
0 343 
Vertex 344 distance 14
0 254 461 250 186 344 
Vertex 345 distance 17
0 371 345 
Vertex 346 distance 11
0 254 461 250 191 452 228 34 346 
Vertex 347 distance 9
0 347 
Vertex 348 distance 12
0 254 461 250 191 219 428 348 
Vertex 349 distance 17
0 254 461 250 191 579 224 349 
Vertex 350 distance 13
0 254 119 278 84 583 599 157 350 
Vertex 351 distance 12
0 254 119 278 84 583 599 193 351 
Vertex 352 distance 13
0 254 119 278 84 583 599 157 352 
Vertex 353 distance 11
0 254 461 250 191 452 228 34 314 353 
Vertex 354 distance 14
0 254 119 278 84 583 599 383 354 
Vertex 355 distance 8
0 254 461 250 191 2 355 
Vertex 356 distance 12
0 254 388 356 
Vertex 357 distance 15
0 254 461 250 191 452 475 536 398 617 408 357 
Vertex 358 distance 8
0 254 461 250 191 402 444 237 358 
Vertex 359 distance 12
0 254 461 250 191 219 359 
Vertex 360 distance 9
0 254 119 631 360 
Vertex 361 distance 11
0 254 119 278 158 361 
Vertex 362 distance 15
0 254 461 250 191 2 389 405 362 
Vertex 363 distance 13
0 254 461 291 636 543 363 
Vertex 364 distance 14
0 254 461 204 141 104 364 
Vertex 365 distance 14
0 254 461 291 465 365 
Vertex 366 distance 15
0 254 461 250 191 452 275 110 277 366 
Vertex 367 distance 17
0 254 461 291 636 543 363 538 367 
Vertex 368 distance 12
0 254 461 250 191 2 612 531 368 
Vertex 369 distance 14
0 254 461 250 191 402 444 237 358 369 
Vertex 370 distance 13
0 254 461 250 191 402 444 237 358 420 92 370 
Vertex 371 distance 6
0 371 
Vertex 372 distance 16
0 371 70 416 372 
Vertex 373 distance 13
0 254 119 278 84 583 599 157 373 
Vertex 374 distance 14
0 254 119 278 241 628 374 
Vertex 375 distance 14
0 254 461 250 191 402 444 237 358 420 92 94 375 
Vertex 376 distance 20
0 254 461 250 191 579 468 159 376 
Vertex 377 distance 14
0 254 461 250 191 402 106 610 299 377 
Vertex 378 distance 13
0 254 461 250 191 303 210 378 
Vertex 379 distance 13
0 254 388 424 324 244 379 
Vertex 380 distance 13
0 254 461 291 636 209 380 
Vertex 381 distance 12
0 254 461 291 636 381 
Vertex 382 distance 13
0 254 461 250 191 219 514 251 47 382 
Vertex 383 distance 12
0 254 119 278 84 583 599 383 
Vertex 384 distance 17
0 254 461 250 191 452 475 637 86 172 384 
Vertex 385 distance 10
0 254 461 250 484 385 
Vertex 386 distance 14
0 254 119 278 241 112 43 386 
Vertex 387 distance 11
0 254 461 250 191 452 387 
Vertex 388 distance 6
0 254 388 
Vertex 389 distance 9
0 254 461 250 191 2 389 
Vertex 390 distance 14
0 254 119 161 72 390 
Vertex 391 distance 13
0 254 461 250 191 219 514 251 391 
Vertex 392 distance 15
0 254 461 250 191 402 208 392 
Vertex 393 distance 15
0 254 461 250 191 452 475 637 86 272 393 
Vertex 394 distance 12
0 254 119 278 158 361 394 
Vertex 395 distance 13
0 254 461 250 191 452 322 240 593 395 
Vertex 396 distance 8
0 254 119 631 396 
Vertex 397 distance 11
0 254 119 278 158 397 
Vertex 398 distance 9
0 254 461 250 191 452 475 536 398 
Vertex 399 distance 10
0 254 119 631 396 399 
Vertex 400 distance 15
0 254 119 278 84 583 599 193 400 
Vertex 401 distance 15
0 51 284 401 
Vertex 402 distance 5
0 254 461 250 191 402 
Vertex 403 distance 15
0 254 461 135 403 
Vertex 404 distance 15
0 254 461 250 191 452 475 536 398 173 328 404 
Vertex 405 distance 11
0 254 461 250 191 2 389 405 
Vertex 406 distance 11
0 254 119 631 419 520 406 
Vertex 407 distance 12
0 254 461 250 191 303 210 407 
Vertex 408 distance 13
0 254 461 250 191 452 475 536 398 617 408 
Vertex 409 distance 16
0 254 461 291 409 
Vertex 410 distance 13
0 254 461 204 141 410 
Vertex 411 distance 17
0 347 67 411 
Vertex 412 distance 11
0 254 461 250 191 452 322 316 412 
Vertex 413 distance 13
0 254 461 250 191 303 210 510 165 413 
Vertex 414 distance 13
0 254 461 561 414 
Vertex 415 distance 17
0 254 461 250 191 452 228 34 433 415 
Vertex 416 distance 13
0 371 70 416 
Vertex 417 distance 18
0 254 461 250 186 547 24 417 
Vertex 418 distance 14
0 254 461 291 636 624 418 
Vertex 419 distance 8
0 254 119 631 419 
Vertex 420 distance 9
0 254 461 250 191 402 444 237 358 420 
Vertex 421 distance 12
0 254 461 291 57 421 
Vertex 422 distance 12
0 254 119 278 158 361 422 
Vertex 423 distance 11
0 254 119 278 84 583 423 
Vertex 424 distance 8
0 254 388 424 
Vertex 425 distance 9
0 254 461 291 580 506 425 
Vertex 426 distance 14
0 254 461 250 191 2 389 315 426 
Vertex 427 distance 14
0 254 461 250 191 452 475 637 427 
Vertex 428 distance 10
0 254 461 250 191 219 428 
Vertex 429 distance 15
0 254 119 278 158 429 
Vertex 430 distance 14
0 254 461 250 191 452 322 430 
Vertex 431 distance 13
0 254 461 250 191 452 322 431 
Vertex 432 distance 11
0 254 493 432 
Vertex 433 distance 11
0 254 461 250 191 452 228 34 433 
Vertex 434 distance 13
0 254 461 250 191 219 514 434 
Vertex 435 distance 12
0 254 461 250 191 402 444 237 358 420 559 435 
Vertex 436 distance 10
0 254 461 291 636 543 436 
Vertex 437 distance 17
0 254 461 291 121 581 437 
Vertex 438 distance 14
0 254 461 250 191 205 279 438 
Vertex 439 distance 13
0 254 119 278 439 
Vertex 440 distance 16
0 254 461 204 37 571 572 243 440 
Vertex 441 distance 13
0 254 461 250 191 579 535 441 
Vertex 442 distance 14
0 254 461 291 636 209 332 442 
Vertex 443 distance 14
0 254 461 250 191 402 444 237 443 
Vertex 444 distance 6
0 254 461 250 191 402 444 
Vertex 445 distance 12
0 254 461 291 57 445 
Vertex 446 distance 16
0 254 461 508 498 446 
Vertex 447 distance 14
0 254 119 278 84 583 447 
Vertex 448 distance 12
0 254 119 631 451 253 448 
Vertex 449 distance 14
0 254 461 250 191 452 475 637 86 272 449 
Vertex 450 distance 19
0 254 119 278 241 112 515 450 
Vertex 451 distance 10
0 254 119 631 451 
Vertex 452 distance 5
0 254 461 250 191 452 
Vertex 453 distance 11
0 254 119 631 396 453 
Vertex 454 distance 13
0 254 493 266 454 
Vertex 455 distance 10
0 254 461 291 455 
Vertex 456 distance 16
0 254 461 508 289 483 456 
Vertex 457 distance 14
0 254 119 631 457 
Vertex 458 distance 13
0 254 461 250 191 452 322 240 222 458 
Vertex 459 distance 11
0 254 461 250 191 452 228 459 
Vertex 460 distance 12
0 254 461 291 580 506 425 479 460 
Vertex 461 distance 2
0 254 461 
Vertex 462 distance 11
0 254 461 250 191 303 462 
Vertex 463 distance 15
0 254 461 291 636 624 418 463 
Vertex 464 distance 12
0 254 461 250 191 181 25 464 
Vertex 465 distance 9
0 254 461 291 465 
Vertex 466 distance 14
0 254 461 250 191 402 106 512 466 
Vertex 467 distance 13
0 254 461 250 191 219 428 348 467 
Vertex 468 distance 10
0 254 461 250 191 579 468 
Vertex 469 distance 17
0 254 461 250 191 181 638 311 469 
Vertex 470 distance 13
0 254 461 250 191 219 514 623 470 
Vertex 471 distance 11
0 254 461 561 471 
Vertex 472 distance 14
0 254 461 250 186 481 472 
Vertex 473 distance 11
0 254 461 250 191 402 444 237 358 420 473 
Vertex 474 distance 9
0 254 461 250 191 205 474 
Vertex 475 distance 7
0 254 461 250 191 452 475 
Vertex 476 distance 14
0 254 461 250 191 452 228 476 
Vertex 477 distance 14
0 254 119 631 451 477 
Vertex 478 distance 12
0 254 119 631 396 453 478 
Vertex 479 distance 10
0 254 461 291 580 506 425 479 
Vertex 480 distance 11
0 254 461 291 636 209 480 
Vertex 481 distance 10
0 254 461 250 186 481 
Vertex 482 distance 14
0 254 461 250 191 303 210 510 165 413 482 
Vertex 483 distance 14
0 254 461 508 289 483 
Vertex 484 distance 9
0 254 461 250 484 
Vertex 485 distance 13
0 254 388 424 324 244 242 485 
Vertex 486 distance 13
0 254 119 278 486 
Vertex 487 distance 13
0 268 487 
Vertex 488 distance 15
0 254 461 250 191 402 444 312 488 
Vertex 489 distance 16
0 254 461 291 124 489 
Vertex 490 distance 14
0 254 461 250 191 452 475 490 
Vertex 491 distance 16
0 371 70 491 
Vertex 492 distance 13
0 268 492 
Vertex 493 distance 7
0 254 493 
Vertex 494 distance 10
0 254 461 494 
Vertex 495 distance 15
0 254 461 291 580 506 495 
Vertex 496 distance 14
0 254 119 278 84 583 599 157 373 496 
Vertex 497 distance 16
0 254 461 250 191 452 322 240 222 458 497 
Vertex 498 distance 15
0 254 461 508 498 
Vertex 499 distance 7
0 254 461 250 191 303 499 
Vertex 500 distance 16
0 254 461 250 191 452 275 110 500 
Vertex 501 distance 12
0 254 461 501 
Vertex 502 distance 13
0 254 119 631 396 502 
Vertex 503 distance 12
0 254 461 250 191 452 228 34 433 503 
Vertex 504 distance 15
0 254 119 631 360 273 504 
Vertex 505 distance 18
0 268 492 505 
Vertex 506 distance 6
0 254 461 291 580 506 
Vertex 507 distance 18
0 254 461 250 191 2 355 507 
Vertex 508 distance 7
0 254 461 508 
Vertex 509 distance 16
0 268 212 200 509 
Vertex 510 distance 10
0 254 461 250 191 303 210 510 
Vertex 511 distance 13
0 254 461 250 191 2 389 33 511 
Vertex 512 distance 11
0 254 461 250 191 402 106 512 
Vertex 513 distance 14
0 254 119 278 84 583 599 157 598 513 
Vertex 514 distance 10
0 254 461 250 191 219 514 
Vertex 515 distance 11
0 254 119 278 241 112 515 
Vertex 516 distance 15
0 254 461 250 191 2 389 516 
Vertex 517 distance 14
0 254 461 250 191 181 25 517 
Vertex 518 distance 11
0 254 119 631 396 399 518 
Vertex 519 distance 11
0 254 461 250 191 402 444 237 358 420 519 
Vertex 520 distance 9
0 254 119 631 419 520 
Vertex 521 distance 15
0 254 521 
Vertex 522 distance 13
0 254 119 161 522 
Vertex 523 distance 11
0 254 461 250 186 481 523 
Vertex 524 distance 16
0 254 461 250 191 303 499 260 524 
Vertex 525 distance 13
0 254 119 278 241 587 525 
Vertex 526 distance 10
0 254 119 526 
Vertex 527 distance 13
0 254 493 266 7 534 527 
Vertex 528 distance 12
0 254 461 250 191 219 428 528 
Vertex 529 distance 16
0 254 119 278 241 112 515 529 
Vertex 530 distance 14
0 254 461 291 636 543 139 530 
Vertex 531 distance 11
0 254 461 250 191 2 612 531 
Vertex 532 distance 16
0 254 461 250 186 481 194 575 532 
Vertex 533 distance 16
0 254 461 291 580 101 603 533 
Vertex 534 distance 12
0 254 493 266 7 534 
Vertex 535 distance 10
0 254 461 250 191 579 535 
Vertex 536 distance 8
0 254 461 250 191 452 475 536 
Vertex 537 distance 16
0 254 493 266 199 14 537 
Vertex 538 distance 14
0 254 461 291 636 543 363 538 
Vertex 539 distance 15
0 254 461 250 191 452 475 536 398 173 143 321 539 
Vertex 540 distance 12
0 254 461 508 540 
Vertex 541 distance 14
0 254 461 291 636 543 541 
Vertex 542 distance 14
0 371 542 
Vertex 543 distance 7
0 254 461 291 636 543 
Vertex 544 distance 16
0 254 119 631 451 253 577 544 
Vertex 545 distance 18
0 254 461 250 186 481 472 545 
Vertex 546 distance 11
0 254 461 250 191 452 322 240 546 
Vertex 547 distance 9
0 254 461 250 186 547 
Vertex 548 distance 15
0 254 461 250 191 402 444 237 358 420 559 548 
Vertex 549 distance 13
0 254 461 291 549 
Vertex 550 distance 12
0 254 119 631 419 550 
Vertex 551 distance 15
0 254 461 250 191 402 444 551 
Vertex 552 distance 15
0 254 461 250 191 402 444 190 162 552 
Vertex 553 distance 14
0 254 461 553 
Vertex 554 distance 12
0 254 119 278 241 554 
Vertex 555 distance 15
0 254 493 271 555 
Vertex 556 distance 11
0 254 461 250 191 303 556 
Vertex 557 distance 16
0 254 119 278 158 361 79 557 
Vertex 558 distance 14
0 254 461 250 191 402 444 237 358 420 92 370 558 
Vertex 559 distance 10
0 254 461 250 191 402 444 237 358 420 559 
Vertex 560 distance 13
0 254 461 250 191 452 560 
Vertex 561 distance 10
0 254 461 561 
Vertex 562 distance 15
0 254 461 250 191 219 514 251 565 174 562 
Vertex 563 distance 11
0 254 461 250 191 402 444 237 358 420 559 563 
Vertex 564 distance 11
0 254 461 291 580 506 425 479 564 
Vertex 565 distance 13
0 254 461 250 191 219 514 251 565 
Vertex 566 distance 11
0 254 119 631 566 
Vertex 567 distance 13
0 254 461 250 191 402 444 237 358 420 473 567 
Vertex 568 distance 10
0 254 388 424 324 568 
Vertex 569 distance 13
0 254 119 278 241 554 569 
Vertex 570 distance 11
0 254 195 570 
Vertex 571 distance 9
0 254 461 204 37 571 
Vertex 572 distance 11
0 254 461 204 37 571 572 
Vertex 573 distance 16
0 254 461 250 191 452 475 637 86 272 573 
Vertex 574 distance 12
0 254 461 250 191 2 389 405 574 
Vertex 575 distance 14
0 254 461 250 186 481 194 575 
Vertex 576 distance 11
0 254 461 250 191 303 576 
Vertex 577 distance 13
0 254 119 631 451 253 577 
Vertex 578 distance 12
0 254 388 424 324 244 578 
Vertex 579 distance 8
0 254 461 250 191 579 
Vertex 580 distance 5
0 254 461 291 580 
Vertex 581 distance 12
0 254 461 291 121 581 
Vertex 582 distance 16
0 254 119 278 158 361 582 
Vertex 583 distance 9
0 254 119 278 84 583 
Vertex 584 distance 16
0 254 493 266 199 14 584 
Vertex 585 distance 10
0 254 461 291 580 585 
Vertex 586 distance 15
0 254 461 508 11 586 
Vertex 587 distance 10
0 254 119 278 241 587 
Vertex 588 distance 14
0 254 461 204 141 104 588 
Vertex 589 distance 12
0 254 461 250 191 231 589 
Vertex 590 distance 13
0 254 461 250 191 181 590 
Vertex 591 distance 13
0 254 461 250 186 547 591 
Vertex 592 distance 15
0 254 119 631 457 592 
Vertex 593 distance 12
0 254 461 250 191 452 322 240 593 
Vertex 594 distance 14
0 254 119 278 150 594 
Vertex 595 distance 12
0 254 461 250 191 452 322 240 546 595 
Vertex 596 distance 11
0 254 461 250 484 385 596 
Vertex 597 distance 19
0 254 461 250 191 579 468 144 597 
Vertex 598 distance 13
0 254 119 278 84 583 599 157 598 
Vertex 599 distance 10
0 254 119 278 84 583 599 
Vertex 600 distance 12
0 254 119 278 600 
Vertex 601 distance 12
0 254 461 250 191 2 612 601 
Vertex 602 distance 11
0 254 461 291 580 506 602 
Vertex 603 distance 12
0 254 461 291 580 101 603 
Vertex 604 distance 8
0 51 604 
Vertex 605 distance 10
0 254 493 266 605 
Vertex 606 distance 16
0 254 119 631 160 606 
Vertex 607 distance 12
0 254 461 250 607 
Vertex 608 distance 15
0 254 119 278 158 87 608 
Vertex 609 distance 12
0 254 461 250 191 231 609 
Vertex 610 distance 11
0 254 461 250 191 402 106 610 
Vertex 611 distance 12
0 254 461 250 191 2 389 33 611 
Vertex 612 distance 7
0 254 461 250 191 2 612 
Vertex 613 distance 10
0 254 461 613 
Vertex 614 distance 10
0 254 461 41 614 
Vertex 615 distance 14
0 254 461 250 186 481 283 223 615 
Vertex 616 distance 15
0 254 119 631 451 253 236 616 
Vertex 617 distance 12
0 254 461 250 191 452 475 536 398 617 
Vertex 618 distance 12
0 254 461 250 191 452 275 102 618 
Vertex 619 distance 20
0 254 388 424 324 244 242 485 619 
Vertex 620 distance 15
0 254 388 620 
Vertex 621 distance 16
0 254 461 250 191 452 275 269 298 621 
Vertex 622 distance 14
0 254 119 278 241 112 43 622 
Vertex 623 distance 12
0 254 461 250 191 219 514 623 
Vertex 624 distance 12
0 254 461 291 636 624 
Vertex 625 distance 11
0 254 388 424 324 568 625 
Vertex 626 distance 13
0 254 461 250 191 219 514 251 626 
Vertex 627 distance 13
0 254 461 250 191 452 322 627 
Vertex 628 distance 10
0 254 119 278 241 628 
Vertex 629 distance 20
0 254 195 570 632 629 
Vertex 630 distance 13
0 254 119 631 396 399 630 
Vertex 631 distance 6
0 254 119 631 
Vertex 632 distance 12
0 254 195 570 632 
Vertex 633 distance 11
0 254 461 250 191 2 355 248 633 
Vertex 634 distance 13
0 254 461 250 191 2 389 405 574 634 
Vertex 635 distance 18
0 254 461 250 191 579 468 144 635 
Vertex 636 distance 6
0 254 461 291 636 
Vertex 637 distance 8
0 254 461 250 191 452 475 637 
Vertex 638 distance 11
0 254 461 250 191 181 638 
Vertex 639 distance 14
0 254 461 250 191 402 444 237 358 420 473 166 639 
