Vertex 0 distance 0
0 0 
Vertex 1 distance 13
0 511 182 1 
Vertex 2 distance 15
0 367 485 212 639 360 99 319 2 
Vertex 3 distance 12
0 40 71 3 
Vertex 4 distance 15
0 511 378 634 363 600 578 4 
Vertex 5 distance 12
0 511 378 605 423 5 
Vertex 6 distance 13
0 511 378 634 18 138 446 6 
Vertex 7 distance 15
0 511 378 634 18 138 446 7 
Vertex 8 distance 14
0 511 378 605 423 499 123 8 
Vertex 9 distance 13
0 511 378 605 215 9 
Vertex 10 distance 17
0 367 610 43 331 623 10 
Vertex 11 distance 15
0 367 610 43 331 612 11 
Vertex 12 distance 10
0 511 378 605 12 
Vertex 13 distance 16
0 511 378 634 121 494 115 160 13 
Vertex 14 distance 16
0 511 378 634 121 14 
Vertex 15 distance 19
0 511 378 634 18 547 389 15 
Vertex 16 distance 17
0 367 175 151 328 16 
Vertex 17 distance 14
0 511 378 634 121 586 17 
Vertex 18 distance 8
0 511 378 634 18 
Vertex 19 distance 17
0 511 378 634 417 202 19 
Vertex 20 distance 9
0 511 20 
Vertex 21 distance 14
0 367 485 396 500 568 21 
Vertex 22 distance 17
0 40 581 416 597 279 22 
Vertex 23 distance 16
0 367 485 212 579 637 173 23 
Vertex 24 distance 17
0 511 378 605 12 24 
Vertex 25 distance 16
0 367 485 212 639 293 536 25 
Vertex 26 distance 13
0 511 378 634 18 138 446 37 26 
Vertex 27 distance 13
0 511 323 27 
Vertex 28 distance 15
0 367 610 43 331 612 28 
Vertex 29 distance 16
0 511 378 605 423 499 123 619 84 29 
Vertex 30 distance 15
0 511 378 634 18 138 77 30 
Vertex 31 distance 16
0 367 485 396 398 31 
Vertex 32 distance 17
0 511 378 634 18 138 446 32 
Vertex 33 distance 15
0 511 378 605 423 499 123 541 33 
Vertex 34 distance 15
0 511 378 634 121 494 115 34 
Vertex 35 distance 16
0 511 378 605 12 198 220 35 
Vertex 36 distance 12
0 367 175 151 36 
Vertex 37 distance 12
0 511 378 634 18 138 446 37 
Vertex 38 distance 14
0 511 378 634 18 314 542 38 
Vertex 39 distance 17
0 40 71 39 
Vertex 40 distance 9
0 40 
Vertex 41 distance 15
0 511 378 634 41 
Vertex 42 distance 14
0 511 378 605 423 42 
Vertex 43 distance 10
0 367 610 43 
Vertex 44 distance 11
0 511 378 634 18 138 44 
Vertex 45 distance 14
0 367 485 212 639 525 45 
Vertex 46 distance 16
0 511 378 634 363 600 578 88 371 46 
Vertex 47 distance 13
0 511 378 634 121 72 414 47 
Vertex 48 distance 12
0 556 48 
Vertex 49 distance 14
0 511 378 49 
Vertex 50 distance 14
0 511 378 634 363 600 245 50 
Vertex 51 distance 21
0 511 323 438 251 519 352 51 
Vertex 52 distance 15
0 511 583 52 
Vertex 53 distance 11
0 367 485 404 53 
Vertex 54 distance 17
0 511 440 91 127 54 
Vertex 55 distance 10
0 511 378 605 305 55 
Vertex 56 distance 14
0 511 440 355 56 
Vertex 57 distance 14
0 556 482 57 
Vertex 58 distance 14
0 40 284 58 
Vertex 59 distance 10
0 511 59 
Vertex 60 distance 15
0 367 92 60 
Vertex 61 distance 17
0 367 485 212 579 637 173 23 61 
Vertex 62 distance 16
0 40 71 62 
Vertex 63 distance 15
0 511 323 438 251 519 63 
Vertex 64 distance 18
0 511 580 221 118 64 
Vertex 65 distance 18
0 556 130 471 65 
Vertex 66 distance 14
0 511 378 605 12 66 
Vertex 67 distance 13
0 367 485 212 639 360 205 67 
Vertex 68 distance 14
0 511 378 549 68 
Vertex 69 distance 12
0 367 485 212 639 360 69 
Vertex 70 distance 16
0 511 378 634 363 600 245 192 70 
Vertex 71 distance 10
0 40 71 
Vertex 72 distance 10
0 511 378 634 121 72 
Vertex 73 distance 18
0 511 440 91 73 
Vertex 74 distance 18
0 511 378 634 18 138 44 301 312 74 
Vertex 75 distance 18
0 511 378 634 363 600 75 
Vertex 76 distance 17
0 511 378 605 463 569 76 
Vertex 77 distance 11
0 511 378 634 18 138 77 
Vertex 78 distance 18
0 367 485 98 78 
Vertex 79 distance 14
0 367 576 79 
Vertex 80 distance 15
0 511 378 634 18 80 
Vertex 81 distance 16
0 511 378 634 18 314 504 171 81 
Vertex 82 distance 14
0 511 378 605 12 198 82 
Vertex 83 distance 13
0 40 71 94 83 
Vertex 84 distance 15
0 511 378 605 423 499 123 619 84 
Vertex 85 distance 14
0 367 485 212 639 168 521 85 
Vertex 86 distance 9
0 367 86 
Vertex 87 distance 13
0 511 378 634 121 72 206 87 
Vertex 88 distance 13
0 511 378 634 363 600 578 88 
Vertex 89 distance 14
0 367 485 212 579 637 173 89 
Vertex 90 distance 16
0 511 378 634 18 138 44 287 632 90 
Vertex 91 distance 9
0 511 440 91 
Vertex 92 distance 12
0 367 92 
Vertex 93 distance 15
0 40 93 
Vertex 94 distance 12
0 40 71 94 
Vertex 95 distance 9
0 511 378 634 363 95 
Vertex 96 distance 24
0 511 378 634 18 138 77 96 
Vertex 97 distance 12
0 367 573 515 97 
Vertex 98 distance 11
0 367 485 98 
Vertex 99 distance 11
0 367 485 212 639 360 99 
Vertex 100 distance 15
0 367 485 255 100 
Vertex 101 distance 16
0 511 378 634 363 600 245 192 101 
Vertex 102 distance 17
0 367 485 212 639 293 536 102 
Vertex 103 distance 13
0 511 378 634 363 459 291 103 
Vertex 104 distance 14
0 367 485 212 258 104 
Vertex 105 distance 16
0 367 485 212 639 455 105 
Vertex 106 distance 15
0 367 485 404 53 224 106 
Vertex 107 distance 14
0 367 92 280 107 
Vertex 108 distance 14
0 40 71 364 108 
Vertex 109 distance 12
0 511 378 634 18 314 542 109 
Vertex 110 distance 14
0 511 110 
Vertex 111 distance 14
0 511 440 355 111 
Vertex 112 distance 15
0 511 378 605 423 499 123 619 112 
Vertex 113 distance 17
0 367 485 212 639 293 228 113 
Vertex 114 distance 15
0 511 378 605 423 499 123 619 574 114 
Vertex 115 distance 12
0 511 378 634 121 494 115 
Vertex 116 distance 16
0 511 378 634 298 179 116 
Vertex 117 distance 15
0 40 71 117 
Vertex 118 distance 14
0 511 580 221 118 
Vertex 119 distance 15
0 511 378 634 363 459 291 103 119 
Vertex 120 distance 14
0 40 120 
Vertex 121 distance 9
0 511 378 634 121 
Vertex 122 distance 19
0 556 482 604 122 
Vertex 123 distance 11
0 511 378 605 423 499 123 
Vertex 124 distance 15
0 40 124 
Vertex 125 distance 13
0 511 378 605 423 499 123 125 
Vertex 126 distance 12
0 511 378 634 121 72 126 
Vertex 127 distance 14
0 511 440 91 127 
Vertex 128 distance 13
0 367 485 212 639 168 128 
Vertex 129 distance 16
0 367 485 212 639 360 69 129 
Vertex 130 distance 14
0 556 130 
Vertex 131 distance 17
0 511 378 605 12 131 
Vertex 132 distance 14
0 511 378 634 363 95 145 132 
Vertex 133 distance 13
0 511 378 634 121 494 133 
Vertex 134 distance 15
0 511 378 605 12 582 134 
Vertex 135 distance 15
0 511 378 549 135 
Vertex 136 distance 17
0 367 485 212 639 168 521 85 136 
Vertex 137 distance 17
0 40 71 137 
Vertex 138 distance 9
0 511 378 634 18 138 
Vertex 139 distance 12
0 511 378 634 18 314 139 
Vertex 140 distance 13
0 511 440 91 140 
Vertex 141 distance 18
0 511 378 634 18 314 146 141 
Vertex 142 distance 15
0 556 482 57 142 
Vertex 143 distance 16
0 367 485 212 306 249 143 
Vertex 144 distance 15
0 367 485 396 398 410 232 144 
Vertex 145 distance 12
0 511 378 634 363 95 145 
Vertex 146 distance 13
0 511 378 634 18 314 146 
Vertex 147 distance 17
0 40 284 334 147 
Vertex 148 distance 14
0 511 378 634 363 600 526 493 148 
Vertex 149 distance 14
0 511 378 634 18 149 
Vertex 150 distance 17
0 511 378 605 305 150 
Vertex 151 distance 11
0 367 175 151 
Vertex 152 distance 16
0 511 378 634 18 314 542 109 152 
Vertex 153 distance 15
0 511 378 605 305 55 153 
Vertex 154 distance 16
0 40 71 3 225 529 154 
Vertex 155 distance 15
0 511 378 634 121 494 115 160 155 
Vertex 156 distance 14
0 367 485 212 639 360 99 319 156 
Vertex 157 distance 13
0 40 213 297 157 
Vertex 158 distance 15
0 40 71 364 108 158 
Vertex 159 distance 16
0 40 71 517 159 
Vertex 160 distance 13
0 511 378 634 121 494 115 160 
Vertex 161 distance 16
0 40 213 297 161 
Vertex 162 distance 15
0 511 378 605 12 162 
Vertex 163 distance 16
0 511 378 634 121 533 163 
Vertex 164 distance 15
0 511 378 634 363 600 164 
Vertex 165 distance 13
0 40 213 165 
Vertex 166 distance 14
0 511 378 605 463 358 166 
Vertex 167 distance 15
0 367 485 212 639 360 69 409 167 
Vertex 168 distance 11
0 367 485 212 639 168 
Vertex 169 distance 17
0 511 378 634 121 494 480 169 
Vertex 170 distance 16
0 367 576 170 
Vertex 171 distance 13
0 511 378 634 18 314 504 171 
Vertex 172 distance 19
0 367 485 212 639 360 69 409 172 
Vertex 173 distance 13
0 367 485 212 579 637 173 
Vertex 174 distance 15
0 511 378 605 423 174 
Vertex 175 distance 9
0 367 175 
Vertex 176 distance 16
0 511 378 634 18 547 389 176 
Vertex 177 distance 17
0 367 175 217 177 
Vertex 178 distance 17
0 511 378 605 423 499 123 178 
Vertex 179 distance 14
0 511 378 634 298 179 
Vertex 180 distance 14
0 511 378 634 18 138 44 180 
Vertex 181 distance 14
0 511 378 634 18 138 44 301 181 
Vertex 182 distance 9
0 511 182 
Vertex 183 distance 15
0 511 323 183 
Vertex 184 distance 15
0 511 378 634 363 600 526 493 184 
Vertex 185 distance 16
0 511 378 634 18 138 185 
Vertex 186 distance 17
0 511 378 634 18 138 446 7 186 
Vertex 187 distance 14
0 367 573 523 187 
Vertex 188 distance 14
0 367 188 
Vertex 189 distance 15
0 40 213 401 195 189 
Vertex 190 distance 17
0 367 485 212 639 525 190 
Vertex 191 distance 17
0 511 378 605 12 191 
Vertex 192 distance 14
0 511 378 634 363 600 245 192 
Vertex 193 distance 18
0 367 485 212 306 249 193 
Vertex 194 distance 18
0 40 71 254 194 
Vertex 195 distance 13
0 40 213 401 195 
Vertex 196 distance 16
0 511 378 605 214 419 196 
Vertex 197 distance 18
0 511 378 634 363 600 578 4 197 
Vertex 198 distance 13
0 511 378 605 12 198 
Vertex 199 distance 12
0 367 573 199 
Vertex 200 distance 17
0 40 93 200 
Vertex 201 distance 15
0 367 573 201 
Vertex 202 distance 16
0 511 378 634 417 202 
Vertex 203 distance 13
0 40 284 203 
Vertex 204 distance 17
0 511 378 605 545 204 
Vertex 205 distance 11
0 367 485 212 639 360 205 
Vertex 206 distance 12
0 511 378 634 121 72 206 
Vertex 207 distance 17
0 367 485 212 579 637 173 89 460 207 
Vertex 208 distance 17
0 511 182 1 365 208 
Vertex 209 distance 18
0 40 213 401 195 189 209 
Vertex 210 distance 17
0 511 378 634 18 138 446 37 210 
Vertex 211 distance 13
0 40 71 94 211 
Vertex 212 distance 8
0 367 485 212 
Vertex 213 distance 11
0 40 213 
Vertex 214 distance 10
0 511 378 605 214 
Vertex 215 distance 8
0 511 378 605 215 
Vertex 216 distance 14
0 511 378 605 423 499 123 619 216 
Vertex 217 distance 16
0 367 175 217 
Vertex 218 distance 15
0 511 182 407 366 218 
Vertex 219 distance 16
0 511 378 634 18 138 446 219 
Vertex 220 distance 15
0 511 378 605 12 198 220 
Vertex 221 distance 13
0 511 580 221 
Vertex 222 distance 12
0 367 485 212 639 168 222 
Vertex 223 distance 18
0 511 378 634 18 314 223 
Vertex 224 distance 14
0 367 485 404 53 224 
Vertex 225 distance 14
0 40 71 3 225 
Vertex 226 distance 20
0 367 485 212 286 382 226 
Vertex 227 distance 15
0 511 580 221 227 
Vertex 228 distance 14
0 367 485 212 639 293 228 
Vertex 229 distance 17
0 511 378 605 12 162 506 229 
Vertex 230 distance 15
0 367 175 151 230 
Vertex 231 distance 13
0 511 378 634 18 231 
Vertex 232 distance 14
0 367 485 396 398 410 232 
Vertex 233 distance 12
0 367 175 151 233 
Vertex 234 distance 14
0 556 482 234 
Vertex 235 distance 16
0 511 378 605 423 499 123 541 33 235 
Vertex 236 distance 19
0 367 485 212 639 360 69 409 167 236 
Vertex 237 distance 18
0 40 213 237 
Vertex 238 distance 16
0 511 378 634 18 238 
Vertex 239 distance 14
0 511 378 634 363 239 
Vertex 240 distance 16
0 511 440 355 111 240 
Vertex 241 distance 16
0 511 378 634 121 72 126 241 
Vertex 242 distance 12
0 367 485 212 639 360 242 
Vertex 243 distance 16
0 511 378 634 363 600 245 192 243 
Vertex 244 distance 17
0 367 188 244 
Vertex 245 distance 12
0 511 378 634 363 600 245 
Vertex 246 distance 18
0 511 378 634 18 149 341 246 
Vertex 247 distance 13
0 367 485 212 639 347 247 
Vertex 248 distance 14
0 511 378 549 356 248 
Vertex 249 distance 15
0 367 485 212 306 249 
Vertex 250 distance 17
0 511 378 605 423 499 123 8 250 
Vertex 251 distance 13
0 511 323 438 251 
Vertex 252 distance 12
0 40 71 517 252 
Vertex 253 distance 17
0 511 378 605 305 308 253 
Vertex 254 distance 12
0 40 71 254 
Vertex 255 distance 9
0 367 485 255 
Vertex 256 distance 18
0 511 378 634 363 600 164 256 
Vertex 257 distance 12
0 511 378 605 463 257 
Vertex 258 distance 13
0 367 485 212 258 
Vertex 259 distance 11
0 511 378 634 298 259 
Vertex 260 distance 13
0 367 485 212 579 637 260 
Vertex 261 distance 24
0 367 86 261 
Vertex 262 distance 17
0 511 378 634 18 138 77 425 262 
Vertex 263 distance 14
0 511 378 634 18 138 77 263 
Vertex 264 distance 13
0 367 485 404 53 264 
Vertex 265 distance 10
0 511 378 634 121 265 
Vertex 266 distance 14
0 367 573 523 266 
Vertex 267 distance 17
0 511 378 605 463 267 
Vertex 268 distance 17
0 367 453 268 
Vertex 269 distance 16
0 511 378 634 18 547 269 
Vertex 270 distance 16
0 511 378 634 121 72 126 584 270 
Vertex 271 distance 16
0 40 71 3 225 271 
Vertex 272 distance 14
0 367 485 212 639 293 272 
Vertex 273 distance 13
0 511 378 605 214 273 
Vertex 274 distance 15
0 511 378 634 363 600 593 445 274 
Vertex 275 distance 17
0 367 610 43 331 612 275 
Vertex 276 distance 16
0 367 485 212 258 613 276 
Vertex 277 distance 16
0 511 440 277 
Vertex 278 distance 16
0 511 323 438 251 519 352 278 
Vertex 279 distance 16
0 40 581 416 597 279 
Vertex 280 distance 13
0 367 92 280 
Vertex 281 distance 19
0 40 213 165 281 
Vertex 282 distance 18
0 367 485 212 639 347 282 
Vertex 283 distance 15
0 40 213 401 195 283 
Vertex 284 distance 10
0 40 284 
Vertex 285 distance 17
0 367 485 212 591 285 
Vertex 286 distance 15
0 367 485 212 286 
Vertex 287 distance 13
0 511 378 634 18 138 44 287 
Vertex 288 distance 17
0 367 485 212 639 360 205 457 288 
Vertex 289 distance 17
0 367 573 515 289 
Vertex 290 distance 15
0 367 485 212 639 360 242 290 
Vertex 291 distance 12
0 511 378 634 363 459 291 
Vertex 292 distance 18
0 40 284 430 292 
Vertex 293 distance 10
0 367 485 212 639 293 
Vertex 294 distance 13
0 367 610 294 
Vertex 295 distance 19
0 511 378 605 463 295 
Vertex 296 distance 14
0 511 378 634 18 138 446 296 
Vertex 297 distance 12
0 40 213 297 
Vertex 298 distance 10
0 511 378 634 298 
Vertex 299 distance 15
0 40 71 94 83 299 
Vertex 300 distance 16
0 511 378 634 18 314 504 394 300 
Vertex 301 distance 13
0 511 378 634 18 138 44 301 
Vertex 302 distance 14
0 511 378 634 121 72 414 47 302 
Vertex 303 distance 15
0 511 182 407 303 
Vertex 304 distance 16
0 367 175 304 
Vertex 305 distance 8
0 511 378 605 305 
Vertex 306 distance 13
0 367 485 212 306 
Vertex 307 distance 12
0 367 485 212 307 
Vertex 308 distance 11
0 511 378 605 305 308 
Vertex 309 distance 17
0 367 485 404 309 
Vertex 310 distance 16
0 511 323 438 251 519 310 
Vertex 311 distance 16
0 511 378 605 311 
Vertex 312 distance 14
0 511 378 634 18 138 44 301 312 
Vertex 313 distance 15
0 511 580 221 313 
Vertex 314 distance 10
0 511 378 634 18 314 
Vertex 315 distance 13
0 367 485 396 398 315 
Vertex 316 distance 15
0 511 182 407 366 316 
Vertex 317 distance 12
0 511 440 330 317 
Vertex 318 distance 16
0 367 485 212 258 318 
Vertex 319 distance 13
0 367 485 212 639 360 99 319 
Vertex 320 distance 19
0 511 378 605 12 24 320 
Vertex 321 distance 13
0 40 71 94 321 
Vertex 322 distance 16
0 511 378 634 363 95 322 
Vertex 323 distance 9
0 511 323 
Vertex 324 distance 14
0 511 378 634 18 138 77 425 324 
Vertex 325 distance 16
0 367 175 151 325 
Vertex 326 distance 14
0 511 378 634 121 72 414 326 
Vertex 327 distance 18
0 511 378 549 327 
Vertex 328 distance 16
0 367 175 151 328 
Vertex 329 distance 14
0 329 
Vertex 330 distance 11
0 511 440 330 
Vertex 331 distance 12
0 367 610 43 331 
Vertex 332 distance 16
0 511 378 634 363 459 291 103 332 
Vertex 333 distance 15
0 367 485 212 258 104 333 
Vertex 334 distance 12
0 40 284 334 
Vertex 335 distance 21
0 367 573 199 335 
Vertex 336 distance 17
0 329 381 336 
Vertex 337 distance 16
0 511 378 634 121 494 337 
Vertex 338 distance 17
0 367 485 404 338 
Vertex 339 distance 15
0 339 
Vertex 340 distance 15
0 367 485 255 340 
Vertex 341 distance 15
0 511 378 634 18 149 341 
Vertex 342 distance 15
0 367 485 396 398 410 232 342 
Vertex 343 distance 17
0 367 485 212 639 525 492 343 
Vertex 344 distance 14
0 511 323 438 251 344 
Vertex 345 distance 13
0 367 485 255 345 
Vertex 346 distance 16
0 511 440 91 461 346 
Vertex 347 distance 10
0 367 485 212 639 347 
Vertex 348 distance 16
0 511 378 634 298 588 348 
Vertex 349 distance 14
0 511 378 634 18 138 44 301 349 
Vertex 350 distance 15
0 367 485 212 639 525 350 
Vertex 351 distance 15
0 367 485 98 351 
Vertex 352 distance 15
0 511 323 438 251 519 352 
Vertex 353 distance 13
0 40 71 94 353 
Vertex 354 distance 15
0 511 378 605 12 198 354 
Vertex 355 distance 13
0 511 440 355 
Vertex 356 distance 13
0 511 378 549 356 
Vertex 357 distance 19
0 367 610 43 331 623 357 
Vertex 358 distance 13
0 511 378 605 463 358 
Vertex 359 distance 18
0 511 323 438 251 450 359 
Vertex 360 distance 10
0 367 485 212 639 360 
Vertex 361 distance 15
0 40 213 401 361 
Vertex 362 distance 13
0 511 440 91 461 362 
Vertex 363 distance 8
0 511 378 634 363 
Vertex 364 distance 13
0 40 71 364 
Vertex 365 distance 14
0 511 182 1 365 
Vertex 366 distance 14
0 511 182 407 366 
Vertex 367 distance 6
0 367 
Vertex 368 distance 15
0 367 610 43 368 
Vertex 369 distance 15
0 511 378 634 121 494 115 369 
Vertex 370 distance 18
0 367 175 151 370 
Vertex 371 distance 14
0 511 378 634 363 600 578 88 371 
Vertex 372 distance 13
0 367 485 404 53 372 
Vertex 373 distance 20
0 511 378 634 363 600 245 373 
Vertex 374 distance 20
0 40 71 364 449 374 
Vertex 375 distance 18
0 511 378 634 18 138 44 180 375 
Vertex 376 distance 16
0 511 378 605 423 499 123 619 216 614 376 
Vertex 377 distance 16
0 511 378 634 18 314 542 109 377 
Vertex 378 distance 5
0 511 378 
Vertex 379 distance 12
0 367 485 212 579 379 
Vertex 380 distance 18
0 511 378 634 18 138 44 301 312 380 
Vertex 381 distance 15
0 329 381 
Vertex 382 distance 16
0 367 485 212 286 382 
Vertex 383 distance 15
0 367 485 404 383 
Vertex 384 distance 14
0 367 485 404 53 264 384 
Vertex 385 distance 14
0 511 378 605 214 419 385 
Vertex 386 distance 21
0 511 378 634 298 179 116 386 
Vertex 387 distance 12
0 367 573 387 
Vertex 388 distance 17
0 511 378 634 18 138 44 287 632 388 
Vertex 389 distance 15
0 511 378 634 18 547 389 
Vertex 390 distance 17
0 329 381 390 
Vertex 391 distance 15
0 511 323 27 391 
Vertex 392 distance 18
0 511 378 634 18 138 44 287 632 90 392 
Vertex 393 distance 16
0 511 323 438 251 393 
Vertex 394 distance 15
0 511 378 634 18 314 504 394 
Vertex 395 distance 14
0 511 378 634 18 138 44 301 395 
Vertex 396 distance 11
0 367 485 396 
Vertex 397 distance 15
0 367 453 397 
Vertex 398 distance 12
0 367 485 396 398 
Vertex 399 distance 21
0 511 378 634 363 95 145 399 
Vertex 400 distance 18
0 367 485 212 639 455 594 400 
Vertex 401 distance 12
0 40 213 401 
Vertex 402 distance 11
0 511 59 402 
Vertex 403 distance 19
0 511 378 403 
Vertex 404 distance 10
0 367 485 404 
Vertex 405 distance 19
0 511 323 405 
Vertex 406 distance 16
0 367 485 212 307 406 
Vertex 407 distance 10
0 511 182 407 
Vertex 408 distance 16
0 367 485 212 639 293 536 408 
Vertex 409 distance 13
0 367 485 212 639 360 69 409 
Vertex 410 distance 13
0 367 485 396 398 410 
Vertex 411 distance 16
0 40 71 94 321 411 
Vertex 412 distance 15
0 40 284 203 412 
Vertex 413 distance 17
0 511 583 52 413 
Vertex 414 distance 12
0 511 378 634 121 72 414 
Vertex 415 distance 15
0 511 378 605 214 419 385 415 
Vertex 416 distance 13
0 40 581 416 
Vertex 417 distance 11
0 511 378 634 417 
Vertex 418 distance 16
0 511 378 634 18 138 446 37 420 418 
Vertex 419 distance 12
0 511 378 605 214 419 
Vertex 420 distance 15
0 511 378 634 18 138 446 37 420 
Vertex 421 distance 18
0 511 378 605 12 198 220 35 421 
Vertex 422 distance 19
0 511 378 634 18 138 77 425 324 422 
Vertex 423 distance 7
0 511 378 605 423 
Vertex 424 distance 14
0 511 378 634 121 586 424 
Vertex 425 distance 12
0 511 378 634 18 138 77 425 
Vertex 426 distance 22
0 367 485 212 639 293 272 426 
Vertex 427 distance 16
0 40 71 3 427 
Vertex 428 distance 17
0 367 485 212 579 637 558 428 
Vertex 429 distance 17
0 511 378 634 18 138 446 543 585 429 
Vertex 430 distance 11
0 40 284 430 
Vertex 431 distance 16
0 511 378 634 363 600 593 445 274 431 
Vertex 432 distance 14
0 367 610 432 
Vertex 433 distance 16
0 40 213 165 433 
Vertex 434 distance 14
0 511 378 605 305 55 552 434 
Vertex 435 distance 13
0 511 440 435 
Vertex 436 distance 17
0 511 440 436 
Vertex 437 distance 14
0 511 378 634 121 494 437 
Vertex 438 distance 12
0 511 323 438 
Vertex 439 distance 16
0 511 378 634 363 239 439 
Vertex 440 distance 7
0 511 440 
Vertex 441 distance 20
0 511 378 605 423 499 123 178 441 
Vertex 442 distance 15
0 511 378 634 121 533 442 
Vertex 443 distance 13
0 40 284 334 443 
Vertex 444 distance 19
0 511 378 634 18 138 44 301 312 380 444 
Vertex 445 distance 14
0 511 378 634 363 600 593 445 
Vertex 446 distance 11
0 511 378 634 18 138 446 
Vertex 447 distance 12
0 511 378 634 18 138 77 447 
Vertex 448 distance 15
0 367 485 212 639 525 45 448 
Vertex 449 distance 16
0 40 71 364 449 
Vertex 450 distance 15
0 511 323 438 251 450 
Vertex 451 distance 14
0 511 378 605 214 451 
Vertex 452 distance 16
0 511 378 634 363 600 245 192 452 
Vertex 453 distance 14
0 367 453 
Vertex 454 distance 15
0 511 378 634 363 454 
Vertex 455 distance 11
0 367 485 212 639 455 
Vertex 456 distance 17
0 511 378 634 363 459 291 103 119 456 
Vertex 457 distance 14
0 367 485 212 639 360 205 457 
Vertex 458 distance 15
0 367 485 404 53 458 
Vertex 459 distance 11
0 511 378 634 363 459 
Vertex 460 distance 15
0 367 485 212 579 637 173 89 460 
Vertex 461 distance 11
0 511 440 91 461 
Vertex 462 distance 17
0 367 573 515 462 
Vertex 463 distance 9
0 511 378 605 463 
Vertex 464 distance 17
0 511 378 634 18 138 44 180 464 
Vertex 465 distance 20
0 40 93 200 465 
Vertex 466 distance 18
0 367 485 212 639 168 222 466 
Vertex 467 distance 13
0 367 485 212 639 360 242 467 
Vertex 468 distance 14
0 511 378 605 468 
Vertex 469 distance 13
0 40 284 430 469 
Vertex 470 distance 15
0 367 485 396 500 470 
Vertex 471 distance 15
0 556 130 471 
Vertex 472 distance 19
0 367 485 212 639 168 472 
Vertex 473 distance 14
0 511 378 634 121 72 414 473 
Vertex 474 distance 15
0 511 378 605 423 499 123 619 474 
Vertex 475 distance 16
0 367 485 404 53 475 
Vertex 476 distance 16
0 511 378 634 363 600 245 476 
Vertex 477 distance 16
0 511 378 634 417 477 
Vertex 478 distance 16
0 511 378 634 363 600 578 88 371 478 
Vertex 479 distance 15
0 367 485 212 639 360 205 67 479 
Vertex 480 distance 14
0 511 378 634 121 494 480 
Vertex 481 distance 15
0 511 378 605 12 582 481 
Vertex 482 distance 12
0 556 482 
Vertex 483 distance 14
0 511 378 605 423 5 483 
Vertex 484 distance 15
0 511 378 634 363 600 245 192 484 
Vertex 485 distance 7
0 367 485 
Vertex 486 distance 20
0 367 610 486 
Vertex 487 distance 15
0 511 378 634 18 547 487 
Vertex 488 distance 20
0 367 485 212 639 293 228 507 488 
Vertex 489 distance 18
0 511 378 634 18 138 44 287 489 
Vertex 490 distance 15
0 511 378 605 12 490 
Vertex 491 distance 14
0 367 485 212 639 168 222 491 
Vertex 492 distance 15
0 367 485 212 639 525 492 
Vertex 493 distance 12
0 511 378 634 363 600 526 493 
Vertex 494 distance 11
0 511 378 634 121 494 
Vertex 495 distance 18
0 367 86 495 
Vertex 496 distance 13
0 511 378 605 423 499 123 496 
Vertex 497 distance 13
0 367 485 212 639 360 497 
Vertex 498 distance 20
0 511 378 634 18 314 504 171 498 
Vertex 499 distance 10
0 511 378 605 423 499 
Vertex 500 distance 12
0 367 485 396 500 
Vertex 501 distance 16
0 511 440 330 317 501 
Vertex 502 distance 15
0 367 485 212 639 360 205 502 
Vertex 503 distance 11
0 367 485 503 
Vertex 504 distance 11
0 511 378 634 18 314 504 
Vertex 505 distance 14
0 40 71 254 505 
Vertex 506 distance 16
0 511 378 605 12 162 506 
Vertex 507 distance 15
0 367 485 212 639 293 228 507 
Vertex 508 distance 15
0 367 576 508 
Vertex 509 distance 13
0 511 378 634 121 72 414 509 
Vertex 510 distance 16
0 40 71 364 108 158 510 
Vertex 511 distance 2
0 511 
Vertex 512 distance 19
0 511 378 605 305 512 
Vertex 513 distance 11
0 367 485 212 639 347 513 
Vertex 514 distance 11
0 511 182 514 
Vertex 515 distance 11
0 367 573 515 
Vertex 516 distance 15
0 511 580 221 516 
Vertex 517 distance 11
0 40 71 517 
Vertex 518 distance 14
0 367 175 518 
Vertex 519 distance 14
0 511 323 438 251 519 
Vertex 520 distance 16
0 511 182 407 366 520 
Vertex 521 distance 12
0 367 485 212 639 168 521 
Vertex 522 distance 20
0 511 378 634 18 314 542 38 522 
Vertex 523 distance 11
0 367 573 523 
Vertex 524 distance 15
0 511 378 549 68 524 
Vertex 525 distance 10
0 367 485 212 639 525 
Vertex 526 distance 11
0 511 378 634 363 600 526 
Vertex 527 distance 18
0 511 440 91 140 527 
Vertex 528 distance 15
0 367 485 212 639 347 247 528 
Vertex 529 distance 15
0 40 71 3 225 529 
Vertex 530 distance 14
0 511 378 605 423 499 123 530 
Vertex 531 distance 17
0 511 378 605 423 499 123 619 84 29 531 
Vertex 532 distance 16
0 367 175 518 532 
Vertex 533 distance 14
0 511 378 634 121 533 
Vertex 534 distance 15
0 511 378 634 18 314 504 534 
Vertex 535 distance 20
0 367 573 535 
Vertex 536 distance 15
0 367 485 212 639 293 536 
Vertex 537 distance 16
0 511 378 634 121 72 126 584 537 
Vertex 538 distance 17
0 511 323 27 391 538 
Vertex 539 distance 17
0 367 485 212 639 168 539 
Vertex 540 distance 14
0 511 378 605 305 55 552 540 
Vertex 541 distance 13
0 511 378 605 423 499 123 541 
Vertex 542 distance 11
0 511 378 634 18 314 542 
Vertex 543 distance 13
0 511 378 634 18 138 446 543 
Vertex 544 distance 16
0 511 378 605 423 5 483 544 
Vertex 545 distance 7
0 511 378 605 545 
Vertex 546 distance 20
0 511 59 546 
Vertex 547 distance 12
0 511 378 634 18 547 
Vertex 548 distance 16
0 511 378 634 363 600 526 493 548 
Vertex 549 distance 11
0 511 378 549 
Vertex 550 distance 15
0 511 378 605 545 550 
Vertex 551 distance 18
0 40 213 165 433 551 
Vertex 552 distance 11
0 511 378 605 305 55 552 
Vertex 553 distance 15
0 511 378 634 18 553 
Vertex 554 distance 16
0 511 378 634 18 314 504 171 554 
Vertex 555 distance 16
0 511 378 634 363 600 245 50 555 
Vertex 556 distance 11
0 556 
Vertex 557 distance 15
0 367 610 43 331 557 
Vertex 558 distance 16
0 367 485 212 579 637 558 
Vertex 559 distance 15
0 40 71 3 559 
Vertex 560 distance 13
0 511 440 91 560 
Vertex 561 distance 13
0 511 378 634 121 494 115 561 
Vertex 562 distance 13
0 511 182 562 
Vertex 563 distance 17
0 511 378 605 463 257 563 
Vertex 564 distance 18
0 367 485 212 639 360 205 67 564 
Vertex 565 distance 13
0 511 378 634 363 459 291 565 
Vertex 566 distance 15
0 511 323 566 
Vertex 567 distance 15
0 511 378 634 121 72 567 
Vertex 568 distance 13
0 367 485 396 500 568 
Vertex 569 distance 15
0 511 378 605 463 569 
Vertex 570 distance 18
0 511 378 634 18 314 139 570 
Vertex 571 distance 17
0 511 378 605 12 582 481 571 
Vertex 572 distance 15
0 511 378 634 18 314 504 587 572 
Vertex 573 distance 9
0 367 573 
Vertex 574 distance 14
0 511 378 605 423 499 123 619 574 
Vertex 575 distance 15
0 511 182 575 
Vertex 576 distance 13
0 367 576 
Vertex 577 distance 19
0 367 485 212 307 406 577 
Vertex 578 distance 12
0 511 378 634 363 600 578 
Vertex 579 distance 11
0 367 485 212 579 
Vertex 580 distance 11
0 511 580 
Vertex 581 distance 12
0 40 581 
Vertex 582 distance 13
0 511 378 605 12 582 
Vertex 583 distance 11
0 511 583 
Vertex 584 distance 14
0 511 378 634 121 72 126 584 
Vertex 585 distance 16
0 511 378 634 18 138 446 543 585 
Vertex 586 distance 12
0 511 378 634 121 586 
Vertex 587 distance 12
0 511 378 634 18 314 504 587 
Vertex 588 distance 14
0 511 378 634 298 588 
Vertex 589 distance 15
0 367 573 387 589 
Vertex 590 distance 15
0 511 378 634 18 138 77 447 590 
Vertex 591 distance 14
0 367 485 212 591 
Vertex 592 distance 23
0 367 188 592 
Vertex 593 distance 11
0 511 378 634 363 600 593 
Vertex 594 distance 15
0 367 485 212 639 455 594 
Vertex 595 distance 20
0 511 378 634 18 138 77 425 262 595 
Vertex 596 distance 16
0 511 440 91 461 362 622 596 
Vertex 597 distance 15
0 40 581 416 597 
Vertex 598 distance 20
0 511 580 221 313 598 
Vertex 599 distance 21
0 367 485 396 500 599 
Vertex 600 distance 9
0 511 378 634 363 600 
Vertex 601 distance 18
0 367 485 212 639 360 205 502 601 
Vertex 602 distance 18
0 367 485 602 
Vertex 603 distance 15
0 40 71 94 353 603 
Vertex 604 distance 16
0 556 482 604 
Vertex 605 distance 6
0 511 378 605 
Vertex 606 distance 15
0 511 378 634 18 138 446 606 
Vertex 607 distance 14
0 511 59 402 607 
Vertex 608 distance 16
0 367 485 212 639 360 205 502 608 
Vertex 609 distance 15
0 511 378 605 423 499 123 619 216 609 
Vertex 610 distance 9
0 367 610 
Vertex 611 distance 17
0 511 378 634 121 494 115 160 155 611 
Vertex 612 distance 13
0 367 610 43 331 612 
Vertex 613 distance 15
0 367 485 212 258 613 
Vertex 614 distance 15
0 511 378 605 423 499 123 619 216 614 
Vertex 615 distance 21
0 511 182 407 366 218 615 
Vertex 616 distance 14
0 40 71 254 616 
Vertex 617 distance 15
0 40 213 617 
Vertex 618 distance 15
0 511 378 605 545 618 
Vertex 619 distance 13
0 511 378 605 423 499 123 619 
Vertex 620 distance 17
0 511 378 605 12 582 481 620 
Vertex 621 distance 17
0 367 485 212 258 104 621 
Vertex 622 distance 15
0 511 440 91 461 362 622 
Vertex 623 distance 14
0 367 610 43 331 623 
Vertex 624 distance 16
0 367 485 212 639 168 521 85 624 
Vertex 625 distance 19
0 511 378 634 363 600 245 50 555 625 
Vertex 626 distance 14
0 511 378 634 363 600 526 626 
Vertex 627 distance 16
0 511 378 634 121 72 414 47 627 
Vertex 628 distance 17
0 367 485 212 639 347 628 
Vertex 629 distance 14
0 511 378 634 18 314 139 629 
Vertex 630 distance 17
0 511 630 
Vertex 631 distance 14
0 511 378 634 121 494 115 561 631 
Vertex 632 distance 15
0 511 378 634 18 138 44 287 632 
Vertex 633 distance 17
0 511 182 514 633 
Vertex 634 distance 6
0 511 378 634 
Vertex 635 distance 18
0 511 378 634 18 547 487 635 
Vertex 636 distance 17
0 367 485 212 306 249 636 
Vertex 637 distance 12
0 367 485 212 579 637 
Vertex 638 distance 17
0 367 610 638 
Vertex 639 distance 9
0 367 485 212 639 
