Vertex 0 distance 0
0 0 
Vertex 1 distance 20
0 140 77 47 390 427 1 
Vertex 2 distance 21
0 627 56 167 2 
Vertex 3 distance 17
0 140 95 3 
Vertex 4 distance 20
0 416 279 78 352 353 354 367 4 
Vertex 5 distance 14
0 416 63 5 
Vertex 6 distance 22
0 416 279 552 48 46 42 57 6 
Vertex 7 distance 18
0 416 387 7 
Vertex 8 distance 24
0 140 219 370 72 36 8 
Vertex 9 distance 19
0 140 219 553 10 9 
Vertex 10 distance 18
0 140 219 553 10 
Vertex 11 distance 18
0 140 77 97 133 506 11 
Vertex 12 distance 19
0 416 279 380 623 12 
Vertex 13 distance 16
0 416 279 552 48 314 334 13 
Vertex 14 distance 25
0 416 279 78 352 383 14 
Vertex 15 distance 19
0 416 279 78 352 383 572 264 600 15 
Vertex 16 distance 25
0 416 279 380 623 158 445 305 226 16 
Vertex 17 distance 18
0 140 219 291 356 535 597 607 17 
Vertex 18 distance 15
0 416 279 78 317 18 
Vertex 19 distance 19
0 416 279 78 352 383 572 268 183 19 
Vertex 20 distance 16
0 416 279 380 220 20 
Vertex 21 distance 23
0 416 279 552 48 314 176 21 
Vertex 22 distance 21
0 140 219 291 356 306 206 633 529 616 22 
Vertex 23 distance 20
0 23 
Vertex 24 distance 22
0 140 603 24 
Vertex 25 distance 22
0 416 279 380 623 272 339 316 540 25 
Vertex 26 distance 17
0 140 231 194 26 
Vertex 27 distance 17
0 140 43 119 27 
Vertex 28 distance 18
0 416 279 525 624 304 28 
Vertex 29 distance 20
0 140 231 194 29 
Vertex 30 distance 23
0 416 279 78 317 18 30 
Vertex 31 distance 18
0 140 43 31 
Vertex 32 distance 24
0 416 387 7 32 
Vertex 33 distance 21
0 416 63 5 33 
Vertex 34 distance 37
0 140 603 360 409 260 34 
Vertex 35 distance 21
0 140 219 370 72 164 35 
Vertex 36 distance 21
0 140 219 370 72 36 
Vertex 37 distance 20
0 416 279 78 352 383 572 268 375 37 
Vertex 38 distance 28
0 416 387 513 38 
Vertex 39 distance 20
0 416 279 380 220 39 
Vertex 40 distance 34
0 140 219 291 356 306 206 633 329 40 
Vertex 41 distance 20
0 416 279 78 556 41 
Vertex 42 distance 14
0 416 279 552 48 46 42 
Vertex 43 distance 10
0 140 43 
Vertex 44 distance 18
0 140 77 47 44 
Vertex 45 distance 19
0 416 279 552 48 315 168 45 
Vertex 46 distance 12
0 416 279 552 48 46 
Vertex 47 distance 11
0 140 77 47 
Vertex 48 distance 9
0 416 279 552 48 
Vertex 49 distance 20
0 416 387 7 615 49 
Vertex 50 distance 14
0 416 279 525 624 50 
Vertex 51 distance 16
0 416 279 78 519 435 51 
Vertex 52 distance 23
0 140 219 576 255 52 
Vertex 53 distance 20
0 140 77 97 53 
Vertex 54 distance 17
0 140 219 291 356 54 
Vertex 55 distance 19
0 416 279 78 352 618 55 
Vertex 56 distance 16
0 627 56 
Vertex 57 distance 17
0 416 279 552 48 46 42 57 
Vertex 58 distance 12
0 140 77 47 58 
Vertex 59 distance 15
0 140 219 291 356 535 59 
Vertex 60 distance 20
0 140 43 119 430 60 
Vertex 61 distance 16
0 140 219 291 102 61 
Vertex 62 distance 22
0 140 219 291 356 306 206 423 62 
Vertex 63 distance 7
0 416 63 
Vertex 64 distance 17
0 416 63 5 64 
Vertex 65 distance 18
0 416 279 78 352 383 200 65 
Vertex 66 distance 22
0 140 77 261 277 66 
Vertex 67 distance 20
0 140 219 291 356 306 206 423 67 
Vertex 68 distance 17
0 416 456 68 
Vertex 69 distance 17
0 416 279 552 48 46 69 
Vertex 70 distance 21
0 416 279 70 
Vertex 71 distance 18
0 416 279 552 433 71 
Vertex 72 distance 16
0 140 219 370 72 
Vertex 73 distance 16
0 140 95 73 
Vertex 74 distance 17
0 416 279 552 48 46 42 74 
Vertex 75 distance 19
0 140 219 291 356 306 206 633 75 
Vertex 76 distance 16
0 140 77 261 76 
Vertex 77 distance 10
0 140 77 
Vertex 78 distance 9
0 416 279 78 
Vertex 79 distance 18
0 140 219 291 356 306 206 423 262 79 
Vertex 80 distance 27
0 140 219 291 356 306 206 423 80 
Vertex 81 distance 17
0 140 219 291 102 61 81 
Vertex 82 distance 21
0 140 603 82 
Vertex 83 distance 26
0 140 83 
Vertex 84 distance 23
0 140 219 291 356 306 440 298 520 523 84 
Vertex 85 distance 18
0 140 77 97 133 85 
Vertex 86 distance 12
0 416 279 78 86 
Vertex 87 distance 20
0 416 279 78 352 383 200 87 
Vertex 88 distance 29
0 140 603 182 88 
Vertex 89 distance 18
0 416 279 525 624 304 89 
Vertex 90 distance 20
0 416 279 78 352 428 90 
Vertex 91 distance 17
0 416 279 91 
Vertex 92 distance 15
0 416 279 78 352 353 554 92 
Vertex 93 distance 24
0 140 77 97 133 506 11 93 
Vertex 94 distance 17
0 416 279 78 352 383 200 94 
Vertex 95 distance 15
0 140 95 
Vertex 96 distance 22
0 416 279 78 352 383 200 87 464 96 
Vertex 97 distance 11
0 140 77 97 
Vertex 98 distance 18
0 416 279 91 98 
Vertex 99 distance 17
0 416 279 552 48 314 99 
Vertex 100 distance 18
0 416 279 552 104 378 571 100 
Vertex 101 distance 19
0 140 219 553 108 510 101 
Vertex 102 distance 15
0 140 219 291 102 
Vertex 103 distance 17
0 416 279 78 352 383 572 103 
Vertex 104 distance 13
0 416 279 552 104 
Vertex 105 distance 18
0 140 219 105 
Vertex 106 distance 21
0 140 219 291 356 306 112 106 
Vertex 107 distance 24
0 416 279 406 402 107 
Vertex 108 distance 14
0 140 219 553 108 
Vertex 109 distance 20
0 416 279 78 213 109 
Vertex 110 distance 20
0 416 279 406 210 595 187 110 
Vertex 111 distance 22
0 416 456 68 111 
Vertex 112 distance 17
0 140 219 291 356 306 112 
Vertex 113 distance 19
0 416 279 380 560 459 113 
Vertex 114 distance 21
0 416 279 78 352 353 554 114 
Vertex 115 distance 25
0 416 279 552 104 537 253 115 
Vertex 116 distance 19
0 140 603 468 181 266 116 
Vertex 117 distance 23
0 416 279 78 352 383 482 117 
Vertex 118 distance 25
0 590 118 
Vertex 119 distance 14
0 140 43 119 
Vertex 120 distance 26
0 140 219 291 356 306 206 120 
Vertex 121 distance 18
0 140 219 291 356 306 206 340 479 121 
Vertex 122 distance 19
0 416 279 78 519 204 493 159 122 
Vertex 123 distance 20
0 140 219 291 356 306 112 123 
Vertex 124 distance 16
0 416 279 380 623 272 124 
Vertex 125 distance 26
0 416 279 395 497 125 
Vertex 126 distance 28
0 416 279 78 352 353 191 500 502 487 126 
Vertex 127 distance 20
0 416 279 91 177 127 
Vertex 128 distance 16
0 140 219 291 102 128 
Vertex 129 distance 19
0 140 219 291 356 306 206 340 421 129 
Vertex 130 distance 21
0 416 279 552 48 46 42 130 
Vertex 131 distance 19
0 416 279 552 104 537 131 
Vertex 132 distance 22
0 140 603 468 181 266 132 
Vertex 133 distance 14
0 140 77 97 133 
Vertex 134 distance 16
0 416 279 78 519 204 493 159 134 
Vertex 135 distance 26
0 140 77 47 390 427 135 
Vertex 136 distance 18
0 140 231 194 136 
Vertex 137 distance 24
0 140 77 137 
Vertex 138 distance 21
0 140 219 553 108 510 138 
Vertex 139 distance 23
0 416 456 139 
Vertex 140 distance 7
0 140 
Vertex 141 distance 23
0 416 279 380 623 12 141 
Vertex 142 distance 12
0 140 219 142 
Vertex 143 distance 23
0 140 219 291 356 306 599 346 143 
Vertex 144 distance 21
0 416 279 380 623 272 124 144 
Vertex 145 distance 24
0 140 219 291 356 535 59 145 
Vertex 146 distance 26
0 140 219 553 108 510 101 146 
Vertex 147 distance 19
0 416 279 78 352 353 191 147 
Vertex 148 distance 34
0 416 279 552 104 537 253 148 
Vertex 149 distance 26
0 416 279 380 220 20 149 
Vertex 150 distance 23
0 416 150 
Vertex 151 distance 14
0 416 279 78 519 435 151 
Vertex 152 distance 22
0 416 279 552 48 46 69 152 
Vertex 153 distance 23
0 416 279 406 210 539 153 
Vertex 154 distance 19
0 140 231 363 154 
Vertex 155 distance 24
0 140 219 291 356 306 206 423 262 79 359 155 
Vertex 156 distance 19
0 140 219 142 156 
Vertex 157 distance 18
0 416 279 380 623 382 216 157 
Vertex 158 distance 16
0 416 279 380 623 158 
Vertex 159 distance 15
0 416 279 78 519 204 493 159 
Vertex 160 distance 21
0 416 279 380 623 272 339 316 540 160 
Vertex 161 distance 21
0 416 279 91 98 161 
Vertex 162 distance 19
0 140 43 119 27 162 
Vertex 163 distance 19
0 416 279 552 48 46 243 602 611 241 163 
Vertex 164 distance 19
0 140 219 370 72 164 
Vertex 165 distance 19
0 416 279 552 48 314 334 165 
Vertex 166 distance 18
0 140 219 291 356 306 112 166 
Vertex 167 distance 17
0 627 56 167 
Vertex 168 distance 16
0 416 279 552 48 315 168 
Vertex 169 distance 25
0 140 77 47 44 169 
Vertex 170 distance 14
0 140 603 170 
Vertex 171 distance 18
0 416 279 525 624 304 218 171 
Vertex 172 distance 21
0 416 279 78 352 428 90 172 
Vertex 173 distance 20
0 416 279 78 352 383 572 264 600 15 173 
Vertex 174 distance 23
0 140 219 291 356 306 440 298 520 523 174 
Vertex 175 distance 19
0 416 279 78 519 204 493 159 134 175 
Vertex 176 distance 17
0 416 279 552 48 314 176 
Vertex 177 distance 19
0 416 279 91 177 
Vertex 178 distance 17
0 140 603 468 181 178 
Vertex 179 distance 22
0 416 279 525 624 179 
Vertex 180 distance 22
0 416 279 380 623 180 
Vertex 181 distance 15
0 140 603 468 181 
Vertex 182 distance 17
0 140 603 182 
Vertex 183 distance 16
0 416 279 78 352 383 572 268 183 
Vertex 184 distance 22
0 140 77 47 58 184 
Vertex 185 distance 15
0 416 279 552 104 185 
Vertex 186 distance 17
0 416 279 380 623 272 186 
Vertex 187 distance 16
0 416 279 406 210 595 187 
Vertex 188 distance 22
0 416 279 78 352 353 354 367 188 
Vertex 189 distance 17
0 140 219 291 356 535 189 
Vertex 190 distance 22
0 416 279 78 352 383 200 87 190 
Vertex 191 distance 14
0 416 279 78 352 353 191 
Vertex 192 distance 18
0 140 219 291 356 306 206 633 286 192 
Vertex 193 distance 18
0 140 77 47 348 193 
Vertex 194 distance 15
0 140 231 194 
Vertex 195 distance 26
0 140 219 370 72 582 195 
Vertex 196 distance 20
0 416 279 78 352 618 196 
Vertex 197 distance 17
0 416 279 380 623 382 197 
Vertex 198 distance 27
0 416 279 380 623 272 339 316 540 198 
Vertex 199 distance 23
0 140 603 468 181 199 
Vertex 200 distance 15
0 416 279 78 352 383 200 
Vertex 201 distance 23
0 416 279 78 352 353 554 92 485 201 
Vertex 202 distance 21
0 416 279 78 352 383 572 268 274 202 
Vertex 203 distance 23
0 416 279 91 98 161 203 
Vertex 204 distance 12
0 416 279 78 519 204 
Vertex 205 distance 17
0 416 279 552 48 315 168 205 
Vertex 206 distance 13
0 140 219 291 356 306 206 
Vertex 207 distance 23
0 416 279 91 98 161 207 
Vertex 208 distance 16
0 140 219 553 208 
Vertex 209 distance 22
0 416 279 552 357 585 209 
Vertex 210 distance 11
0 416 279 406 210 
Vertex 211 distance 18
0 416 279 78 519 204 493 159 211 
Vertex 212 distance 25
0 416 279 406 402 404 212 
Vertex 213 distance 16
0 416 279 78 213 
Vertex 214 distance 19
0 416 279 525 624 304 218 171 214 
Vertex 215 distance 21
0 416 279 552 48 315 168 45 215 
Vertex 216 distance 17
0 416 279 380 623 382 216 
Vertex 217 distance 17
0 140 231 194 330 217 
Vertex 218 distance 17
0 416 279 525 624 304 218 
Vertex 219 distance 8
0 140 219 
Vertex 220 distance 14
0 416 279 380 220 
Vertex 221 distance 17
0 416 279 552 104 221 
Vertex 222 distance 27
0 416 279 552 48 46 450 222 
Vertex 223 distance 16
0 416 279 78 352 383 200 223 
Vertex 224 distance 15
0 416 456 475 224 
Vertex 225 distance 19
0 627 225 
Vertex 226 distance 24
0 416 279 380 623 158 445 305 226 
Vertex 227 distance 19
0 140 95 3 336 227 
Vertex 228 distance 22
0 140 43 31 228 
Vertex 229 distance 19
0 416 279 78 352 383 572 103 229 
Vertex 230 distance 19
0 140 219 291 356 306 206 633 329 230 
Vertex 231 distance 13
0 140 231 
Vertex 232 distance 20
0 140 43 119 581 232 
Vertex 233 distance 20
0 140 219 291 356 306 233 
Vertex 234 distance 22
0 416 387 558 234 
Vertex 235 distance 22
0 416 279 552 48 235 
Vertex 236 distance 22
0 416 279 525 624 50 381 530 236 
Vertex 237 distance 19
0 140 603 360 409 237 
Vertex 238 distance 22
0 140 219 291 356 535 189 238 
Vertex 239 distance 19
0 140 43 119 430 239 
Vertex 240 distance 19
0 140 77 97 133 506 386 240 
Vertex 241 distance 18
0 416 279 552 48 46 243 602 611 241 
Vertex 242 distance 19
0 416 279 552 48 377 242 
Vertex 243 distance 14
0 416 279 552 48 46 243 
Vertex 244 distance 20
0 416 279 78 352 428 244 
Vertex 245 distance 17
0 416 279 406 210 595 245 
Vertex 246 distance 19
0 140 219 291 509 577 246 
Vertex 247 distance 21
0 416 279 78 519 204 493 159 397 247 
Vertex 248 distance 20
0 416 387 513 248 
Vertex 249 distance 22
0 140 603 468 181 249 
Vertex 250 distance 20
0 140 77 97 256 263 250 
Vertex 251 distance 18
0 140 219 291 251 
Vertex 252 distance 17
0 140 77 261 76 252 
Vertex 253 distance 18
0 416 279 552 104 537 253 
Vertex 254 distance 21
0 140 219 291 356 306 112 254 
Vertex 255 distance 20
0 140 219 576 255 
Vertex 256 distance 14
0 140 77 97 256 
Vertex 257 distance 19
0 416 279 380 623 272 124 257 
Vertex 258 distance 16
0 140 77 97 256 258 
Vertex 259 distance 21
0 140 219 291 356 306 206 423 262 259 
Vertex 260 distance 20
0 140 603 360 409 260 
Vertex 261 distance 13
0 140 77 261 
Vertex 262 distance 16
0 140 219 291 356 306 206 423 262 
Vertex 263 distance 15
0 140 77 97 256 263 
Vertex 264 distance 15
0 416 279 78 352 383 572 264 
Vertex 265 distance 23
0 416 279 380 623 272 339 316 540 265 
Vertex 266 distance 17
0 140 603 468 181 266 
Vertex 267 distance 18
0 416 279 380 623 272 339 267 
Vertex 268 distance 14
0 416 279 78 352 383 572 268 
Vertex 269 distance 20
0 416 279 78 352 383 572 268 183 19 269 
Vertex 270 distance 22
0 140 77 261 270 
Vertex 271 distance 17
0 416 279 271 
Vertex 272 distance 13
0 416 279 380 623 272 
Vertex 273 distance 19
0 416 387 513 273 
Vertex 274 distance 15
0 416 279 78 352 383 572 268 274 
Vertex 275 distance 20
0 140 219 291 356 535 59 628 275 
Vertex 276 distance 21
0 140 219 291 356 306 112 166 276 
Vertex 277 distance 20
0 140 77 261 277 
Vertex 278 distance 23
0 140 603 468 181 249 278 
Vertex 279 distance 6
0 416 279 
Vertex 280 distance 20
0 416 279 78 352 353 554 443 280 
Vertex 281 distance 19
0 416 279 78 86 501 343 281 
Vertex 282 distance 20
0 140 219 291 102 128 282 
Vertex 283 distance 22
0 140 219 291 356 306 440 298 520 629 283 
Vertex 284 distance 18
0 416 387 608 284 
Vertex 285 distance 30
0 140 219 291 356 306 206 633 286 587 285 
Vertex 286 distance 16
0 140 219 291 356 306 206 633 286 
Vertex 287 distance 17
0 140 219 291 356 306 206 633 286 287 
Vertex 288 distance 15
0 416 387 288 
Vertex 289 distance 20
0 140 77 97 133 636 289 
Vertex 290 distance 20
0 416 279 552 48 377 451 290 
Vertex 291 distance 9
0 140 219 291 
Vertex 292 distance 18
0 140 219 291 102 61 81 292 
Vertex 293 distance 16
0 416 63 293 
Vertex 294 distance 23
0 140 95 392 294 
Vertex 295 distance 23
0 416 279 525 624 50 381 530 236 295 
Vertex 296 distance 24
0 140 219 291 356 306 206 423 67 296 
Vertex 297 distance 18
0 416 279 380 623 297 
Vertex 298 distance 17
0 140 219 291 356 306 440 298 
Vertex 299 distance 16
0 416 279 78 352 383 572 268 299 
Vertex 300 distance 19
0 416 279 78 352 383 200 65 300 
Vertex 301 distance 18
0 140 219 370 72 301 
Vertex 302 distance 21
0 140 219 370 72 302 
Vertex 303 distance 18
0 140 77 261 303 
Vertex 304 distance 15
0 416 279 525 624 304 
Vertex 305 distance 22
0 416 279 380 623 158 445 305 
Vertex 306 distance 12
0 140 219 291 356 306 
Vertex 307 distance 15
0 416 279 552 48 46 307 
Vertex 308 distance 18
0 140 219 291 356 306 206 340 479 308 
Vertex 309 distance 19
0 416 279 380 623 158 309 
Vertex 310 distance 19
0 140 95 3 561 310 
Vertex 311 distance 22
0 416 279 552 357 585 311 
Vertex 312 distance 23
0 140 231 363 312 
Vertex 313 distance 27
0 416 279 525 624 304 508 331 313 
Vertex 314 distance 11
0 416 279 552 48 314 
Vertex 315 distance 14
0 416 279 552 48 315 
Vertex 316 distance 16
0 416 279 380 623 272 339 316 
Vertex 317 distance 14
0 416 279 78 317 
Vertex 318 distance 19
0 140 318 
Vertex 319 distance 29
0 416 279 380 560 459 619 319 
Vertex 320 distance 20
0 416 279 78 352 618 320 
Vertex 321 distance 24
0 416 279 380 623 382 197 321 
Vertex 322 distance 17
0 416 279 406 210 544 322 
Vertex 323 distance 21
0 416 63 5 323 
Vertex 324 distance 19
0 416 279 380 623 382 324 
Vertex 325 distance 24
0 416 279 552 48 46 243 325 
Vertex 326 distance 22
0 416 279 78 352 383 572 268 274 326 
Vertex 327 distance 21
0 416 279 78 352 383 572 268 375 327 
Vertex 328 distance 18
0 416 279 552 48 46 450 328 
Vertex 329 distance 18
0 140 219 291 356 306 206 633 329 
Vertex 330 distance 16
0 140 231 194 330 
Vertex 331 distance 19
0 416 279 525 624 304 508 331 
Vertex 332 distance 17
0 416 279 552 48 314 334 13 332 
Vertex 333 distance 19
0 140 219 291 102 61 81 292 333 
Vertex 334 distance 12
0 416 279 552 48 314 334 
Vertex 335 distance 21
0 140 219 291 356 535 597 607 17 396 335 
Vertex 336 distance 18
0 140 95 3 336 
Vertex 337 distance 17
0 416 279 380 623 337 
Vertex 338 distance 18
0 416 279 78 519 204 338 
Vertex 339 distance 14
0 416 279 380 623 272 339 
Vertex 340 distance 14
0 140 219 291 356 306 206 340 
Vertex 341 distance 30
0 140 219 576 542 341 
Vertex 342 distance 23
0 140 77 47 348 368 342 
Vertex 343 distance 18
0 416 279 78 86 501 343 
Vertex 344 distance 29
0 416 279 552 48 46 243 480 344 
Vertex 345 distance 16
0 140 603 345 
Vertex 346 distance 19
0 140 219 291 356 306 599 346 
Vertex 347 distance 17
0 416 279 78 519 204 347 
Vertex 348 distance 12
0 140 77 47 348 
Vertex 349 distance 17
0 140 77 47 348 349 
Vertex 350 distance 17
0 140 43 119 504 350 
Vertex 351 distance 24
0 416 279 552 104 378 571 100 351 
Vertex 352 distance 10
0 416 279 78 352 
Vertex 353 distance 11
0 416 279 78 352 353 
Vertex 354 distance 17
0 416 279 78 352 353 354 
Vertex 355 distance 25
0 140 219 291 355 
Vertex 356 distance 10
0 140 219 291 356 
Vertex 357 distance 17
0 416 279 552 357 
Vertex 358 distance 16
0 140 77 261 358 
Vertex 359 distance 21
0 140 219 291 356 306 206 423 262 79 359 
Vertex 360 distance 17
0 140 603 360 
Vertex 361 distance 19
0 627 56 167 361 
Vertex 362 distance 21
0 416 279 91 98 362 
Vertex 363 distance 15
0 140 231 363 
Vertex 364 distance 22
0 416 387 608 284 364 
Vertex 365 distance 17
0 140 219 291 356 306 440 365 
Vertex 366 distance 20
0 140 95 3 366 
Vertex 367 distance 18
0 416 279 78 352 353 354 367 
Vertex 368 distance 20
0 140 77 47 348 368 
Vertex 369 distance 15
0 416 279 406 210 544 369 
Vertex 370 distance 9
0 140 219 370 
Vertex 371 distance 17
0 140 231 194 330 371 
Vertex 372 distance 19
0 416 279 380 623 272 339 372 
Vertex 373 distance 13
0 416 279 78 373 
Vertex 374 distance 19
0 140 219 291 356 306 206 633 374 
Vertex 375 distance 16
0 416 279 78 352 383 572 268 375 
Vertex 376 distance 17
0 416 279 78 352 383 200 223 376 
Vertex 377 distance 14
0 416 279 552 48 377 
Vertex 378 distance 16
0 416 279 552 104 378 
Vertex 379 distance 18
0 140 219 291 356 535 59 628 379 
Vertex 380 distance 10
0 416 279 380 
Vertex 381 distance 16
0 416 279 525 624 50 381 
Vertex 382 distance 16
0 416 279 380 623 382 
Vertex 383 distance 11
0 416 279 78 352 383 
Vertex 384 distance 20
0 416 279 78 352 428 384 
Vertex 385 distance 25
0 140 219 291 356 535 597 607 17 396 335 385 
Vertex 386 distance 17
0 140 77 97 133 506 386 
Vertex 387 distance 11
0 416 387 
Vertex 388 distance 20
0 140 77 97 133 388 
Vertex 389 distance 19
0 140 95 399 389 
Vertex 390 distance 14
0 140 77 47 390 
Vertex 391 distance 23
0 140 77 47 390 522 391 
Vertex 392 distance 21
0 140 95 392 
Vertex 393 distance 23
0 416 456 475 393 
Vertex 394 distance 26
0 140 603 468 181 266 400 394 
Vertex 395 distance 10
0 416 279 395 
Vertex 396 distance 19
0 140 219 291 356 535 597 607 17 396 
Vertex 397 distance 18
0 416 279 78 519 204 493 159 397 
Vertex 398 distance 15
0 416 279 78 352 383 572 398 
Vertex 399 distance 16
0 140 95 399 
Vertex 400 distance 18
0 140 603 468 181 266 400 
Vertex 401 distance 22
0 416 279 78 352 618 401 
Vertex 402 distance 14
0 416 279 406 402 
Vertex 403 distance 21
0 140 43 119 430 403 
Vertex 404 distance 15
0 416 279 406 402 404 
Vertex 405 distance 21
0 140 77 97 256 263 405 
Vertex 406 distance 9
0 416 279 406 
Vertex 407 distance 22
0 140 43 119 504 350 407 
Vertex 408 distance 22
0 416 279 525 624 304 28 408 
Vertex 409 distance 18
0 140 603 360 409 
Vertex 410 distance 19
0 416 279 78 352 428 410 
Vertex 411 distance 17
0 416 456 475 411 
Vertex 412 distance 18
0 416 387 412 
Vertex 413 distance 17
0 416 279 406 210 413 
Vertex 414 distance 16
0 416 279 78 352 353 554 414 
Vertex 415 distance 19
0 416 279 78 352 548 415 
Vertex 416 distance 5
0 416 
Vertex 417 distance 22
0 416 279 552 48 46 42 541 417 
Vertex 418 distance 10
0 416 279 525 418 
Vertex 419 distance 21
0 140 219 291 419 
Vertex 420 distance 21
0 140 77 97 133 506 11 420 
Vertex 421 distance 16
0 140 219 291 356 306 206 340 421 
Vertex 422 distance 18
0 140 231 194 422 
Vertex 423 distance 15
0 140 219 291 356 306 206 423 
Vertex 424 distance 19
0 140 219 291 102 424 
Vertex 425 distance 24
0 416 279 552 425 
Vertex 426 distance 21
0 416 279 78 352 383 572 268 274 426 
Vertex 427 distance 16
0 140 77 47 390 427 
Vertex 428 distance 16
0 416 279 78 352 428 
Vertex 429 distance 18
0 416 279 78 519 204 493 596 429 
Vertex 430 distance 17
0 140 43 119 430 
Vertex 431 distance 26
0 416 279 525 624 50 381 530 431 
Vertex 432 distance 16
0 140 77 47 58 432 
Vertex 433 distance 15
0 416 279 552 433 
Vertex 434 distance 23
0 416 279 78 352 383 572 268 274 426 434 
Vertex 435 distance 13
0 416 279 78 519 435 
Vertex 436 distance 22
0 416 279 525 624 304 218 436 
Vertex 437 distance 16
0 140 77 47 348 437 
Vertex 438 distance 17
0 416 279 380 623 272 124 438 
Vertex 439 distance 25
0 416 456 439 
Vertex 440 distance 16
0 140 219 291 356 306 440 
Vertex 441 distance 19
0 140 219 291 356 306 206 340 479 308 441 
Vertex 442 distance 17
0 416 279 525 418 442 
Vertex 443 distance 17
0 416 279 78 352 353 554 443 
Vertex 444 distance 16
0 140 219 291 356 535 444 
Vertex 445 distance 21
0 416 279 380 623 158 445 
Vertex 446 distance 19
0 140 219 291 356 535 446 
Vertex 447 distance 20
0 140 219 291 356 306 206 633 374 447 
Vertex 448 distance 23
0 140 231 194 29 448 
Vertex 449 distance 21
0 416 279 552 48 46 243 602 449 
Vertex 450 distance 15
0 416 279 552 48 46 450 
Vertex 451 distance 18
0 416 279 552 48 377 451 
Vertex 452 distance 18
0 416 279 78 352 383 572 452 
Vertex 453 distance 16
0 140 219 291 356 306 206 633 453 
Vertex 454 distance 20
0 416 279 525 454 
Vertex 455 distance 13
0 416 279 78 352 353 455 
Vertex 456 distance 13
0 416 456 
Vertex 457 distance 21
0 140 77 97 133 506 11 457 
Vertex 458 distance 18
0 140 603 468 458 
Vertex 459 distance 16
0 416 279 380 560 459 
Vertex 460 distance 19
0 416 279 78 373 460 
Vertex 461 distance 21
0 416 279 78 519 435 151 515 461 
Vertex 462 distance 17
0 416 279 552 48 46 462 
Vertex 463 distance 21
0 140 219 291 356 306 206 340 557 463 
Vertex 464 distance 21
0 416 279 78 352 383 200 87 464 
Vertex 465 distance 19
0 416 279 78 352 383 572 398 465 
Vertex 466 distance 19
0 416 279 406 402 404 466 
Vertex 467 distance 24
0 140 219 291 356 535 567 575 467 
Vertex 468 distance 14
0 140 603 468 
Vertex 469 distance 20
0 140 77 47 44 469 
Vertex 470 distance 21
0 416 279 525 470 
Vertex 471 distance 21
0 416 279 552 104 185 505 471 
Vertex 472 distance 18
0 416 279 78 519 435 51 472 
Vertex 473 distance 20
0 140 77 473 
Vertex 474 distance 21
0 140 77 97 133 388 474 
Vertex 475 distance 14
0 416 456 475 
Vertex 476 distance 22
0 416 279 78 352 428 90 476 
Vertex 477 distance 20
0 416 279 78 352 548 477 
Vertex 478 distance 23
0 140 231 194 136 478 
Vertex 479 distance 16
0 140 219 291 356 306 206 340 479 
Vertex 480 distance 18
0 416 279 552 48 46 243 480 
Vertex 481 distance 18
0 140 219 370 481 
Vertex 482 distance 18
0 416 279 78 352 383 482 
Vertex 483 distance 18
0 140 483 
Vertex 484 distance 19
0 140 219 105 484 
Vertex 485 distance 17
0 416 279 78 352 353 554 92 485 
Vertex 486 distance 22
0 140 77 47 390 486 
Vertex 487 distance 18
0 416 279 78 352 353 191 500 502 487 
Vertex 488 distance 23
0 140 219 291 356 306 440 298 488 
Vertex 489 distance 20
0 416 279 552 48 314 334 165 489 
Vertex 490 distance 20
0 140 77 261 303 490 
Vertex 491 distance 20
0 416 279 552 104 537 253 637 491 
Vertex 492 distance 25
0 416 279 78 352 353 191 500 492 
Vertex 493 distance 13
0 416 279 78 519 204 493 
Vertex 494 distance 20
0 140 77 47 494 
Vertex 495 distance 19
0 416 279 78 352 353 455 495 
Vertex 496 distance 21
0 416 279 525 624 304 218 171 214 496 
Vertex 497 distance 17
0 416 279 395 497 
Vertex 498 distance 21
0 416 279 552 48 46 462 498 
Vertex 499 distance 21
0 416 279 78 519 204 639 499 
Vertex 500 distance 16
0 416 279 78 352 353 191 500 
Vertex 501 distance 15
0 416 279 78 86 501 
Vertex 502 distance 17
0 416 279 78 352 353 191 500 502 
Vertex 503 distance 23
0 140 219 291 356 535 189 503 
Vertex 504 distance 16
0 140 43 119 504 
Vertex 505 distance 20
0 416 279 552 104 185 505 
Vertex 506 distance 15
0 140 77 97 133 506 
Vertex 507 distance 18
0 416 456 475 507 
Vertex 508 distance 17
0 416 279 525 624 304 508 
Vertex 509 distance 14
0 140 219 291 509 
Vertex 510 distance 18
0 140 219 553 108 510 
Vertex 511 distance 14
0 416 279 78 373 511 
Vertex 512 distance 23
0 416 279 552 48 314 99 512 
Vertex 513 distance 13
0 416 387 513 
Vertex 514 distance 19
0 140 231 194 136 514 
Vertex 515 distance 20
0 416 279 78 519 435 151 515 
Vertex 516 distance 20
0 140 231 363 154 516 
Vertex 517 distance 21
0 140 77 97 256 258 517 
Vertex 518 distance 20
0 140 77 97 256 518 
Vertex 519 distance 10
0 416 279 78 519 
Vertex 520 distance 19
0 140 219 291 356 306 440 298 520 
Vertex 521 distance 19
0 416 279 78 519 204 521 
Vertex 522 distance 17
0 140 77 47 390 522 
Vertex 523 distance 22
0 140 219 291 356 306 440 298 520 523 
Vertex 524 distance 22
0 416 279 525 624 50 381 550 524 
Vertex 525 distance 9
0 416 279 525 
Vertex 526 distance 22
0 416 279 552 48 314 176 526 
Vertex 527 distance 21
0 416 279 78 86 501 527 
Vertex 528 distance 15
0 140 219 553 528 
Vertex 529 distance 16
0 140 219 291 356 306 206 633 529 
Vertex 530 distance 20
0 416 279 525 624 50 381 530 
Vertex 531 distance 16
0 416 279 78 519 531 
Vertex 532 distance 20
0 416 279 78 519 204 338 532 
Vertex 533 distance 17
0 140 219 370 72 533 
Vertex 534 distance 23
0 140 219 291 356 306 206 423 534 
Vertex 535 distance 13
0 140 219 291 356 535 
Vertex 536 distance 23
0 140 219 291 102 128 282 536 
Vertex 537 distance 14
0 416 279 552 104 537 
Vertex 538 distance 23
0 416 279 552 48 315 538 
Vertex 539 distance 15
0 416 279 406 210 539 
Vertex 540 distance 17
0 416 279 380 623 272 339 316 540 
Vertex 541 distance 19
0 416 279 552 48 46 42 541 
Vertex 542 distance 22
0 140 219 576 542 
Vertex 543 distance 21
0 416 279 78 519 204 493 159 635 543 
Vertex 544 distance 14
0 416 279 406 210 544 
Vertex 545 distance 23
0 416 279 78 352 618 545 
Vertex 546 distance 18
0 140 219 291 356 306 206 340 546 
Vertex 547 distance 21
0 416 279 406 210 547 
Vertex 548 distance 18
0 416 279 78 352 548 
Vertex 549 distance 25
0 416 279 78 352 618 401 549 
Vertex 550 distance 21
0 416 279 525 624 50 381 550 
Vertex 551 distance 24
0 416 279 380 623 272 124 257 551 
Vertex 552 distance 7
0 416 279 552 
Vertex 553 distance 13
0 140 219 553 
Vertex 554 distance 13
0 416 279 78 352 353 554 
Vertex 555 distance 25
0 416 279 552 48 314 555 
Vertex 556 distance 16
0 416 279 78 556 
Vertex 557 distance 19
0 140 219 291 356 306 206 340 557 
Vertex 558 distance 15
0 416 387 558 
Vertex 559 distance 23
0 416 279 78 519 204 493 159 580 594 559 
Vertex 560 distance 14
0 416 279 380 560 
Vertex 561 distance 18
0 140 95 3 561 
Vertex 562 distance 16
0 140 219 291 356 562 
Vertex 563 distance 22
0 416 279 552 48 314 334 165 563 
Vertex 564 distance 23
0 140 219 291 356 306 206 633 374 447 564 
Vertex 565 distance 21
0 416 456 475 565 
Vertex 566 distance 16
0 140 219 291 356 306 206 566 
Vertex 567 distance 18
0 140 219 291 356 535 567 
Vertex 568 distance 16
0 140 219 291 509 568 
Vertex 569 distance 21
0 140 219 291 356 306 206 633 286 587 569 
Vertex 570 distance 24
0 416 279 78 519 204 493 159 134 570 
Vertex 571 distance 17
0 416 279 552 104 378 571 
Vertex 572 distance 13
0 416 279 78 352 383 572 
Vertex 573 distance 25
0 416 279 552 48 46 243 602 611 241 573 
Vertex 574 distance 22
0 416 279 78 352 428 574 
Vertex 575 distance 20
0 140 219 291 356 535 567 575 
Vertex 576 distance 16
0 140 219 576 
Vertex 577 distance 17
0 140 219 291 509 577 
Vertex 578 distance 21
0 140 603 360 409 237 578 
Vertex 579 distance 23
0 140 603 468 579 
Vertex 580 distance 19
0 416 279 78 519 204 493 159 580 
Vertex 581 distance 18
0 140 43 119 581 
Vertex 582 distance 18
0 140 219 370 72 582 
Vertex 583 distance 23
0 416 279 552 48 46 450 583 
Vertex 584 distance 22
0 416 279 380 623 272 124 438 584 
Vertex 585 distance 20
0 416 279 552 357 585 
Vertex 586 distance 27
0 416 279 78 519 204 493 159 397 247 586 
Vertex 587 distance 17
0 140 219 291 356 306 206 633 286 587 
Vertex 588 distance 34
0 140 603 468 588 
Vertex 589 distance 23
0 416 279 78 373 511 589 
Vertex 590 distance 20
0 590 
Vertex 591 distance 18
0 416 279 78 519 435 151 591 
Vertex 592 distance 21
0 416 279 380 623 272 592 
Vertex 593 distance 18
0 416 279 271 593 
Vertex 594 distance 20
0 416 279 78 519 204 493 159 580 594 
Vertex 595 distance 13
0 416 279 406 210 595 
Vertex 596 distance 16
0 416 279 78 519 204 493 596 
Vertex 597 distance 16
0 140 219 291 356 535 597 
Vertex 598 distance 22
0 416 279 78 352 383 200 223 598 
Vertex 599 distance 17
0 140 219 291 356 306 599 
Vertex 600 distance 18
0 416 279 78 352 383 572 264 600 
Vertex 601 distance 24
0 416 279 380 623 272 339 316 540 160 601 
Vertex 602 distance 15
0 416 279 552 48 46 243 602 
Vertex 603 distance 13
0 140 603 
Vertex 604 distance 18
0 416 279 525 604 
Vertex 605 distance 20
0 416 279 78 352 383 482 605 
Vertex 606 distance 18
0 140 219 291 509 568 606 
Vertex 607 distance 17
0 140 219 291 356 535 597 607 
Vertex 608 distance 12
0 416 387 608 
Vertex 609 distance 20
0 140 77 47 348 437 609 
Vertex 610 distance 23
0 416 279 78 519 204 347 610 
Vertex 611 distance 16
0 416 279 552 48 46 243 602 611 
Vertex 612 distance 16
0 140 219 291 102 612 
Vertex 613 distance 22
0 416 279 525 418 613 
Vertex 614 distance 18
0 416 387 513 614 
Vertex 615 distance 19
0 416 387 7 615 
Vertex 616 distance 17
0 140 219 291 356 306 206 633 529 616 
Vertex 617 distance 20
0 416 279 78 352 353 191 500 502 487 617 
Vertex 618 distance 11
0 416 279 78 352 618 
Vertex 619 distance 17
0 416 279 380 560 459 619 
Vertex 620 distance 22
0 140 219 370 72 582 620 
Vertex 621 distance 17
0 416 456 475 224 621 
Vertex 622 distance 27
0 140 95 399 622 
Vertex 623 distance 12
0 416 279 380 623 
Vertex 624 distance 12
0 416 279 525 624 
Vertex 625 distance 19
0 140 603 625 
Vertex 626 distance 19
0 140 219 291 509 568 626 
Vertex 627 distance 15
0 627 
Vertex 628 distance 16
0 140 219 291 356 535 59 628 
Vertex 629 distance 21
0 140 219 291 356 306 440 298 520 629 
Vertex 630 distance 23
0 140 219 553 108 510 630 
Vertex 631 distance 21
0 416 279 552 48 314 631 
Vertex 632 distance 17
0 140 77 97 256 258 632 
Vertex 633 distance 15
0 140 219 291 356 306 206 633 
Vertex 634 distance 20
0 416 279 380 623 272 634 
Vertex 635 distance 17
0 416 279 78 519 204 493 159 635 
Vertex 636 distance 18
0 140 77 97 133 636 
Vertex 637 distance 19
0 416 279 552 104 537 253 637 
Vertex 638 distance 19
0 416 279 78 519 435 151 638 
Vertex 639 distance 20
0 416 279 78 519 204 639 
