Vertex 0 distance 0
0 0 
Vertex 1 distance 27
0 121 541 602 291 406 199 544 223 1 
Vertex 2 distance 22
0 121 541 602 41 2 
Vertex 3 distance 14
0 530 122 55 425 3 
Vertex 4 distance 17
0 530 122 55 425 3 4 
Vertex 5 distance 18
0 530 122 55 425 579 5 
Vertex 6 distance 30
0 121 541 602 291 406 280 20 566 151 452 516 6 
Vertex 7 distance 25
0 121 453 476 420 528 7 
Vertex 8 distance 32
0 121 541 432 309 400 8 
Vertex 9 distance 31
0 121 541 602 41 384 97 9 
Vertex 10 distance 25
0 121 541 602 41 108 174 460 235 10 
Vertex 11 distance 44
0 121 541 335 11 
Vertex 12 distance 25
0 121 453 476 420 439 603 12 
Vertex 13 distance 25
0 121 541 335 578 262 13 
Vertex 14 distance 20
0 121 453 84 14 
Vertex 15 distance 30
0 121 541 432 220 577 15 
Vertex 16 distance 37
0 530 479 442 253 16 
Vertex 17 distance 24
0 530 615 17 
Vertex 18 distance 28
0 121 453 476 420 439 76 18 
Vertex 19 distance 29
0 121 541 602 291 175 19 
Vertex 20 distance 20
0 121 541 602 291 406 280 20 
Vertex 21 distance 30
0 530 122 55 425 35 21 
Vertex 22 distance 30
0 121 541 602 291 406 199 22 
Vertex 23 distance 32
0 530 427 183 23 
Vertex 24 distance 31
0 121 453 476 420 528 42 136 24 
Vertex 25 distance 14
0 121 541 432 25 
Vertex 26 distance 33
0 121 541 602 291 406 199 544 497 26 
Vertex 27 distance 37
0 121 541 602 291 60 80 27 
Vertex 28 distance 36
0 121 541 602 291 406 280 20 566 28 
Vertex 29 distance 16
0 121 524 29 
Vertex 30 distance 34
0 530 122 490 451 30 
Vertex 31 distance 42
0 121 541 335 578 262 448 31 
Vertex 32 distance 25
0 530 122 490 601 464 32 
Vertex 33 distance 27
0 121 541 602 41 108 174 327 33 
Vertex 34 distance 33
0 121 453 446 434 34 
Vertex 35 distance 20
0 530 122 55 425 35 
Vertex 36 distance 24
0 121 541 602 41 108 174 460 235 36 
Vertex 37 distance 16
0 37 
Vertex 38 distance 19
0 121 541 432 220 38 
Vertex 39 distance 31
0 121 453 446 434 39 
Vertex 40 distance 32
0 121 541 602 291 406 199 544 223 40 
Vertex 41 distance 9
0 121 541 602 41 
Vertex 42 distance 24
0 121 453 476 420 528 42 
Vertex 43 distance 21
0 121 453 476 622 331 43 
Vertex 44 distance 37
0 530 122 490 451 430 496 609 44 
Vertex 45 distance 36
0 530 615 564 358 436 45 
Vertex 46 distance 26
0 530 181 389 387 46 
Vertex 47 distance 23
0 530 122 596 47 
Vertex 48 distance 33
0 530 122 490 601 403 48 
Vertex 49 distance 18
0 121 541 602 291 406 280 93 49 
Vertex 50 distance 30
0 530 122 490 632 556 161 50 
Vertex 51 distance 16
0 530 615 65 51 
Vertex 52 distance 32
0 121 541 602 41 504 52 
Vertex 53 distance 28
0 121 453 476 420 53 
Vertex 54 distance 30
0 530 122 596 445 54 
Vertex 55 distance 8
0 530 122 55 
Vertex 56 distance 22
0 121 541 432 25 99 59 232 114 56 
Vertex 57 distance 26
0 121 541 335 193 57 
Vertex 58 distance 40
0 121 541 432 25 99 59 213 521 58 
Vertex 59 distance 16
0 121 541 432 25 99 59 
Vertex 60 distance 26
0 121 541 602 291 60 
Vertex 61 distance 20
0 121 541 602 291 406 199 61 
Vertex 62 distance 40
0 121 541 602 291 406 120 334 75 211 371 231 62 
Vertex 63 distance 25
0 121 541 432 25 99 572 63 
Vertex 64 distance 30
0 121 541 602 41 2 242 336 64 
Vertex 65 distance 12
0 530 615 65 
Vertex 66 distance 11
0 121 541 602 66 
Vertex 67 distance 21
0 530 122 55 425 579 5 67 
Vertex 68 distance 28
0 121 541 602 41 108 68 
Vertex 69 distance 14
0 121 541 432 220 132 69 
Vertex 70 distance 24
0 121 541 602 291 397 437 70 
Vertex 71 distance 32
0 121 541 602 291 406 342 157 71 
Vertex 72 distance 22
0 530 122 490 451 430 72 
Vertex 73 distance 26
0 530 122 55 597 485 73 
Vertex 74 distance 31
0 530 122 596 47 346 74 
Vertex 75 distance 17
0 121 541 602 291 406 120 334 75 
Vertex 76 distance 26
0 121 453 476 420 439 76 
Vertex 77 distance 35
0 121 541 602 291 406 120 334 75 211 388 131 77 
Vertex 78 distance 26
0 121 541 432 257 78 
Vertex 79 distance 17
0 121 541 432 220 413 79 
Vertex 80 distance 36
0 121 541 602 291 60 80 
Vertex 81 distance 26
0 530 122 490 451 430 72 81 
Vertex 82 distance 7
0 82 
Vertex 83 distance 30
0 530 181 389 565 83 
Vertex 84 distance 18
0 121 453 84 
Vertex 85 distance 33
0 121 541 602 291 406 280 20 85 
Vertex 86 distance 21
0 37 421 86 
Vertex 87 distance 20
0 121 541 335 578 262 87 
Vertex 88 distance 29
0 121 541 602 291 397 437 222 124 594 197 88 
Vertex 89 distance 29
0 121 541 602 291 406 280 20 566 151 89 
Vertex 90 distance 31
0 530 122 380 90 
Vertex 91 distance 33
0 121 541 602 291 406 120 334 75 211 624 261 91 
Vertex 92 distance 31
0 121 541 432 25 99 59 213 521 92 
Vertex 93 distance 17
0 121 541 602 291 406 280 93 
Vertex 94 distance 26
0 530 122 55 425 579 5 94 
Vertex 95 distance 22
0 121 541 432 220 413 79 468 95 
Vertex 96 distance 30
0 121 541 602 41 96 
Vertex 97 distance 27
0 121 541 602 41 384 97 
Vertex 98 distance 27
0 121 541 432 220 38 300 98 
Vertex 99 distance 15
0 121 541 432 25 99 
Vertex 100 distance 34
0 121 541 432 25 99 59 213 521 100 
Vertex 101 distance 32
0 121 541 602 66 352 338 101 
Vertex 102 distance 28
0 530 122 55 425 579 5 102 
Vertex 103 distance 34
0 121 524 234 293 103 
Vertex 104 distance 31
0 121 541 335 193 104 
Vertex 105 distance 14
0 121 541 602 139 105 
Vertex 106 distance 32
0 530 122 55 425 579 5 94 106 
Vertex 107 distance 26
0 121 541 602 291 406 149 107 
Vertex 108 distance 13
0 121 541 602 41 108 
Vertex 109 distance 29
0 121 541 602 291 315 224 369 109 
Vertex 110 distance 29
0 530 122 110 
Vertex 111 distance 30
0 37 206 111 
Vertex 112 distance 24
0 121 541 602 41 108 174 460 235 112 
Vertex 113 distance 28
0 121 541 335 629 113 
Vertex 114 distance 20
0 121 541 432 25 99 59 232 114 
Vertex 115 distance 21
0 530 427 115 
Vertex 116 distance 25
0 121 541 602 41 108 174 460 116 
Vertex 117 distance 19
0 121 453 476 117 
Vertex 118 distance 24
0 530 615 65 51 118 
Vertex 119 distance 17
0 530 122 490 451 119 
Vertex 120 distance 10
0 121 541 602 291 406 120 
Vertex 121 distance 2
0 121 
Vertex 122 distance 5
0 530 122 
Vertex 123 distance 20
0 121 541 335 578 262 123 
Vertex 124 distance 21
0 121 541 602 291 397 437 222 124 
Vertex 125 distance 22
0 530 427 115 125 
Vertex 126 distance 24
0 121 541 602 139 105 126 
Vertex 127 distance 24
0 121 541 432 25 99 59 232 127 
Vertex 128 distance 28
0 121 541 432 25 99 572 63 128 
Vertex 129 distance 27
0 530 122 380 129 
Vertex 130 distance 26
0 121 453 476 117 376 130 
Vertex 131 distance 28
0 121 541 602 291 406 120 334 75 211 388 131 
Vertex 132 distance 13
0 121 541 432 220 132 
Vertex 133 distance 45
0 121 541 602 291 406 280 617 510 133 
Vertex 134 distance 33
0 530 122 490 451 119 616 134 
Vertex 135 distance 29
0 121 541 602 291 406 120 334 75 211 371 574 135 
Vertex 136 distance 25
0 121 453 476 420 528 42 136 
Vertex 137 distance 27
0 530 615 483 137 
Vertex 138 distance 20
0 121 541 335 578 262 448 138 
Vertex 139 distance 12
0 121 541 602 139 
Vertex 140 distance 33
0 37 206 111 140 
Vertex 141 distance 22
0 121 541 602 535 141 
Vertex 142 distance 24
0 121 541 602 139 142 
Vertex 143 distance 36
0 530 479 152 143 
Vertex 144 distance 24
0 530 122 55 425 144 
Vertex 145 distance 26
0 121 541 432 220 132 69 364 145 
Vertex 146 distance 26
0 121 541 602 41 108 174 386 146 
Vertex 147 distance 37
0 121 524 523 147 
Vertex 148 distance 43
0 530 181 389 387 46 148 
Vertex 149 distance 22
0 121 541 602 291 406 149 
Vertex 150 distance 22
0 121 541 432 220 413 79 468 416 150 
Vertex 151 distance 23
0 121 541 602 291 406 280 20 566 151 
Vertex 152 distance 29
0 530 479 152 
Vertex 153 distance 23
0 121 541 602 291 406 120 153 
Vertex 154 distance 32
0 269 154 
Vertex 155 distance 33
0 121 541 602 291 397 437 514 155 
Vertex 156 distance 27
0 530 122 596 586 319 156 
Vertex 157 distance 24
0 121 541 602 291 406 342 157 
Vertex 158 distance 34
0 37 206 111 140 158 
Vertex 159 distance 30
0 121 541 432 25 99 572 63 159 
Vertex 160 distance 28
0 121 541 432 25 99 59 232 114 160 
Vertex 161 distance 27
0 530 122 490 632 556 161 
Vertex 162 distance 27
0 530 122 490 632 162 
Vertex 163 distance 35
0 530 427 115 163 
Vertex 164 distance 29
0 121 453 476 420 439 608 164 
Vertex 165 distance 36
0 121 541 602 291 406 280 20 566 248 411 410 165 
Vertex 166 distance 31
0 121 524 523 166 
Vertex 167 distance 37
0 121 541 432 220 513 281 167 
Vertex 168 distance 23
0 121 453 84 168 
Vertex 169 distance 25
0 269 169 
Vertex 170 distance 21
0 121 541 602 41 108 170 
Vertex 171 distance 26
0 121 541 432 220 132 69 364 171 
Vertex 172 distance 32
0 121 541 602 41 504 172 
Vertex 173 distance 18
0 173 
Vertex 174 distance 17
0 121 541 602 41 108 174 
Vertex 175 distance 18
0 121 541 602 291 175 
Vertex 176 distance 30
0 121 541 335 578 561 176 
Vertex 177 distance 28
0 121 541 602 291 406 120 334 177 
Vertex 178 distance 29
0 121 541 602 66 352 338 511 348 178 
Vertex 179 distance 28
0 121 541 602 291 406 120 334 75 211 371 179 
Vertex 180 distance 30
0 121 541 602 291 406 199 61 180 
Vertex 181 distance 11
0 530 181 
Vertex 182 distance 33
0 182 
Vertex 183 distance 23
0 530 427 183 
Vertex 184 distance 22
0 121 541 602 291 406 517 184 
Vertex 185 distance 53
0 121 541 602 291 406 199 544 223 1 185 
Vertex 186 distance 32
0 121 541 602 291 406 280 20 566 151 186 
Vertex 187 distance 29
0 121 541 602 291 406 280 20 566 187 
Vertex 188 distance 34
0 530 181 389 387 46 357 188 
Vertex 189 distance 25
0 121 541 432 25 368 189 
Vertex 190 distance 30
0 121 541 432 25 368 190 
Vertex 191 distance 27
0 121 453 476 227 191 
Vertex 192 distance 35
0 121 541 602 291 406 120 334 177 192 
Vertex 193 distance 24
0 121 541 335 193 
Vertex 194 distance 33
0 530 122 55 425 579 5 534 194 
Vertex 195 distance 27
0 82 195 
Vertex 196 distance 33
0 121 541 432 220 413 196 
Vertex 197 distance 26
0 121 541 602 291 397 437 222 124 594 197 
Vertex 198 distance 25
0 530 122 490 632 395 198 
Vertex 199 distance 11
0 121 541 602 291 406 199 
Vertex 200 distance 28
0 121 541 602 291 406 120 334 75 211 278 200 
Vertex 201 distance 27
0 530 122 490 451 430 72 201 
Vertex 202 distance 22
0 530 427 115 202 
Vertex 203 distance 29
0 530 203 
Vertex 204 distance 32
0 530 122 596 241 204 
Vertex 205 distance 28
0 121 541 432 220 132 69 364 171 205 
Vertex 206 distance 23
0 37 206 
Vertex 207 distance 27
0 121 541 602 291 397 437 222 124 594 197 207 
Vertex 208 distance 24
0 121 453 476 420 439 603 208 
Vertex 209 distance 37
0 269 209 
Vertex 210 distance 30
0 121 541 602 291 406 120 334 75 211 388 131 210 
Vertex 211 distance 19
0 121 541 602 291 406 120 334 75 211 
Vertex 212 distance 34
0 121 453 476 622 212 
Vertex 213 distance 22
0 121 541 432 25 99 59 213 
Vertex 214 distance 26
0 121 541 602 66 214 
Vertex 215 distance 27
0 530 122 55 425 579 5 67 215 
Vertex 216 distance 28
0 121 453 476 420 528 42 216 
Vertex 217 distance 24
0 530 181 389 387 217 
Vertex 218 distance 30
0 121 541 602 291 218 
Vertex 219 distance 34
0 37 206 219 
Vertex 220 distance 12
0 121 541 432 220 
Vertex 221 distance 34
0 121 541 602 291 406 221 
Vertex 222 distance 20
0 121 541 602 291 397 437 222 
Vertex 223 distance 26
0 121 541 602 291 406 199 544 223 
Vertex 224 distance 21
0 121 541 602 291 315 224 
Vertex 225 distance 33
0 121 541 602 382 225 
Vertex 226 distance 30
0 530 122 55 425 579 5 226 
Vertex 227 distance 23
0 121 453 476 227 
Vertex 228 distance 35
0 121 541 432 25 368 189 228 
Vertex 229 distance 19
0 530 615 507 229 
Vertex 230 distance 23
0 121 541 602 291 175 474 230 
Vertex 231 distance 24
0 121 541 602 291 406 120 334 75 211 371 231 
Vertex 232 distance 19
0 121 541 432 25 99 59 232 
Vertex 233 distance 31
0 121 541 602 41 108 174 460 116 233 
Vertex 234 distance 26
0 121 524 234 
Vertex 235 distance 23
0 121 541 602 41 108 174 460 235 
Vertex 236 distance 28
0 121 541 432 220 132 236 
Vertex 237 distance 31
0 530 615 65 237 
Vertex 238 distance 30
0 121 541 602 66 352 338 591 238 
Vertex 239 distance 26
0 121 541 602 291 406 199 61 239 
Vertex 240 distance 27
0 121 453 476 240 
Vertex 241 distance 23
0 530 122 596 241 
Vertex 242 distance 23
0 121 541 602 41 2 242 
Vertex 243 distance 20
0 121 541 602 535 243 
Vertex 244 distance 29
0 121 541 602 291 406 120 334 177 244 
Vertex 245 distance 37
0 530 122 55 597 264 245 
Vertex 246 distance 32
0 121 541 602 291 406 342 157 246 
Vertex 247 distance 29
0 121 541 432 220 38 300 98 247 
Vertex 248 distance 23
0 121 541 602 291 406 280 20 566 248 
Vertex 249 distance 18
0 121 541 335 249 
Vertex 250 distance 37
0 121 541 602 41 504 320 250 
Vertex 251 distance 30
0 530 122 55 425 579 5 102 251 
Vertex 252 distance 23
0 530 122 490 601 252 
Vertex 253 distance 30
0 530 479 442 253 
Vertex 254 distance 42
0 530 615 65 51 367 254 
Vertex 255 distance 31
0 530 615 564 358 436 255 
Vertex 256 distance 25
0 121 541 602 41 108 174 469 256 
Vertex 257 distance 21
0 121 541 432 257 
Vertex 258 distance 27
0 121 541 432 220 413 79 468 416 150 258 
Vertex 259 distance 26
0 121 541 432 220 494 637 259 
Vertex 260 distance 25
0 121 541 602 291 315 224 369 260 
Vertex 261 distance 26
0 121 541 602 291 406 120 334 75 211 624 261 
Vertex 262 distance 18
0 121 541 335 578 262 
Vertex 263 distance 41
0 121 541 602 291 406 342 263 
Vertex 264 distance 29
0 530 122 55 597 264 
Vertex 265 distance 27
0 121 541 602 291 60 265 
Vertex 266 distance 29
0 121 541 602 291 406 120 153 266 
Vertex 267 distance 33
0 121 541 432 309 400 8 267 
Vertex 268 distance 24
0 121 541 602 41 108 268 
Vertex 269 distance 20
0 269 
Vertex 270 distance 28
0 530 122 490 632 318 270 
Vertex 271 distance 21
0 37 421 271 
Vertex 272 distance 38
0 121 541 602 66 381 378 359 443 272 
Vertex 273 distance 30
0 121 541 432 220 413 79 468 488 273 
Vertex 274 distance 29
0 530 615 564 358 274 
Vertex 275 distance 25
0 530 427 115 125 275 
Vertex 276 distance 39
0 530 615 564 358 274 621 276 
Vertex 277 distance 39
0 121 541 432 220 413 79 468 416 150 258 277 
Vertex 278 distance 24
0 121 541 602 291 406 120 334 75 211 278 
Vertex 279 distance 28
0 37 421 279 
Vertex 280 distance 15
0 121 541 602 291 406 280 
Vertex 281 distance 25
0 121 541 432 220 513 281 
Vertex 282 distance 35
0 121 541 602 291 406 199 544 282 
Vertex 283 distance 33
0 530 122 596 47 346 74 283 
Vertex 284 distance 26
0 121 541 602 139 142 284 
Vertex 285 distance 35
0 121 541 602 41 108 174 460 116 233 375 285 
Vertex 286 distance 27
0 530 122 490 632 556 286 
Vertex 287 distance 30
0 121 541 602 291 406 199 544 223 1 287 
Vertex 288 distance 29
0 121 541 602 139 288 
Vertex 289 distance 30
0 121 541 432 25 99 59 232 114 289 
Vertex 290 distance 43
0 530 122 490 451 430 496 609 44 290 
Vertex 291 distance 7
0 121 541 602 291 
Vertex 292 distance 26
0 121 541 602 291 406 120 334 75 211 388 292 
Vertex 293 distance 27
0 121 524 234 293 
Vertex 294 distance 31
0 121 541 432 220 38 300 294 
Vertex 295 distance 37
0 121 541 602 41 384 97 455 295 
Vertex 296 distance 23
0 121 541 602 291 397 417 296 
Vertex 297 distance 31
0 530 466 297 
Vertex 298 distance 16
0 121 541 602 291 397 298 
Vertex 299 distance 27
0 37 421 86 361 299 
Vertex 300 distance 26
0 121 541 432 220 38 300 
Vertex 301 distance 36
0 121 453 476 420 301 
Vertex 302 distance 25
0 121 541 602 41 108 174 460 235 112 302 
Vertex 303 distance 34
0 121 541 602 291 406 120 303 
Vertex 304 distance 43
0 121 453 476 622 531 304 
Vertex 305 distance 38
0 530 427 115 501 305 
Vertex 306 distance 41
0 121 541 602 291 406 120 334 75 211 278 306 
Vertex 307 distance 33
0 530 122 55 425 3 4 307 
Vertex 308 distance 26
0 121 541 602 66 352 338 511 308 
Vertex 309 distance 26
0 121 541 432 309 
Vertex 310 distance 28
0 121 541 602 41 108 174 460 116 310 
Vertex 311 distance 27
0 121 524 523 311 
Vertex 312 distance 30
0 530 122 490 601 403 312 
Vertex 313 distance 26
0 121 541 432 220 313 
Vertex 314 distance 40
0 530 466 297 314 
Vertex 315 distance 12
0 121 541 602 291 315 
Vertex 316 distance 34
0 121 541 316 
Vertex 317 distance 29
0 530 122 490 451 119 321 345 317 
Vertex 318 distance 21
0 530 122 490 632 318 
Vertex 319 distance 25
0 530 122 596 586 319 
Vertex 320 distance 36
0 121 541 602 41 504 320 
Vertex 321 distance 24
0 530 122 490 451 119 321 
Vertex 322 distance 27
0 530 122 322 
Vertex 323 distance 38
0 121 524 323 
Vertex 324 distance 24
0 121 541 432 25 324 
Vertex 325 distance 23
0 37 421 424 325 
Vertex 326 distance 29
0 530 181 389 326 
Vertex 327 distance 19
0 121 541 602 41 108 174 327 
Vertex 328 distance 20
0 121 541 602 291 406 120 328 
Vertex 329 distance 30
0 530 615 564 358 436 329 
Vertex 330 distance 34
0 530 122 596 330 
Vertex 331 distance 20
0 121 453 476 622 331 
Vertex 332 distance 23
0 121 453 84 14 332 
Vertex 333 distance 29
0 37 421 86 508 333 
Vertex 334 distance 15
0 121 541 602 291 406 120 334 
Vertex 335 distance 9
0 121 541 335 
Vertex 336 distance 26
0 121 541 602 41 2 242 336 
Vertex 337 distance 25
0 530 122 490 632 337 
Vertex 338 distance 20
0 121 541 602 66 352 338 
Vertex 339 distance 33
0 121 541 602 41 96 339 
Vertex 340 distance 31
0 121 541 602 291 406 280 20 566 151 610 340 
Vertex 341 distance 29
0 530 479 341 
Vertex 342 distance 18
0 121 541 602 291 406 342 
Vertex 343 distance 20
0 530 122 490 632 343 
Vertex 344 distance 32
0 121 453 476 420 528 42 136 24 344 
Vertex 345 distance 28
0 530 122 490 451 119 321 345 
Vertex 346 distance 25
0 530 122 596 47 346 
Vertex 347 distance 34
0 530 122 490 451 430 72 81 347 
Vertex 348 distance 28
0 121 541 602 66 352 338 511 348 
Vertex 349 distance 34
0 121 541 432 309 349 
Vertex 350 distance 32
0 121 541 432 220 413 350 
Vertex 351 distance 23
0 530 122 55 597 351 
Vertex 352 distance 18
0 121 541 602 66 352 
Vertex 353 distance 31
0 530 615 564 358 436 538 353 
Vertex 354 distance 34
0 121 453 476 420 528 42 136 24 354 
Vertex 355 distance 24
0 121 541 602 139 105 355 
Vertex 356 distance 20
0 121 453 476 420 528 356 
Vertex 357 distance 30
0 530 181 389 387 46 357 
Vertex 358 distance 22
0 530 615 564 358 
Vertex 359 distance 26
0 121 541 602 66 381 378 359 
Vertex 360 distance 32
0 121 541 602 41 108 174 460 116 233 360 
Vertex 361 distance 23
0 37 421 86 361 
Vertex 362 distance 32
0 121 541 602 291 406 280 20 566 151 610 340 362 
Vertex 363 distance 29
0 121 541 602 139 418 363 
Vertex 364 distance 21
0 121 541 432 220 132 69 364 
Vertex 365 distance 29
0 121 541 602 41 108 174 386 146 365 
Vertex 366 distance 21
0 121 453 476 366 
Vertex 367 distance 23
0 530 615 65 51 367 
Vertex 368 distance 18
0 121 541 432 25 368 
Vertex 369 distance 23
0 121 541 602 291 315 224 369 
Vertex 370 distance 40
0 121 541 335 578 262 123 457 370 
Vertex 371 distance 23
0 121 541 602 291 406 120 334 75 211 371 
Vertex 372 distance 32
0 121 541 602 66 352 338 511 308 372 
Vertex 373 distance 36
0 530 122 490 373 
Vertex 374 distance 34
0 530 615 507 502 473 461 374 
Vertex 375 distance 33
0 121 541 602 41 108 174 460 116 233 375 
Vertex 376 distance 24
0 121 453 476 117 376 
Vertex 377 distance 30
0 121 541 602 535 377 
Vertex 378 distance 21
0 121 541 602 66 381 378 
Vertex 379 distance 40
0 530 122 490 632 556 161 50 379 
Vertex 380 distance 21
0 530 122 380 
Vertex 381 distance 18
0 121 541 602 66 381 
Vertex 382 distance 23
0 121 541 602 382 
Vertex 383 distance 31
0 121 541 602 291 315 383 
Vertex 384 distance 20
0 121 541 602 41 384 
Vertex 385 distance 28
0 121 541 602 291 406 120 334 75 211 388 292 385 
Vertex 386 distance 18
0 121 541 602 41 108 174 386 
Vertex 387 distance 23
0 530 181 389 387 
Vertex 388 distance 20
0 121 541 602 291 406 120 334 75 211 388 
Vertex 389 distance 15
0 530 181 389 
Vertex 390 distance 18
0 530 122 55 597 390 
Vertex 391 distance 17
0 530 122 490 451 391 
Vertex 392 distance 25
0 121 541 602 291 406 199 544 392 
Vertex 393 distance 29
0 121 541 602 291 315 515 567 393 
Vertex 394 distance 29
0 530 122 490 632 318 394 
Vertex 395 distance 23
0 530 122 490 632 395 
Vertex 396 distance 38
0 530 122 55 425 35 396 
Vertex 397 distance 14
0 121 541 602 291 397 
Vertex 398 distance 36
0 121 541 602 139 595 398 
Vertex 399 distance 33
0 121 524 234 293 399 
Vertex 400 distance 28
0 121 541 432 309 400 
Vertex 401 distance 29
0 121 541 602 535 243 401 
Vertex 402 distance 34
0 121 541 602 291 406 120 153 402 
Vertex 403 distance 24
0 530 122 490 601 403 
Vertex 404 distance 31
0 121 541 602 291 397 437 70 404 
Vertex 405 distance 44
0 121 453 476 622 331 405 
Vertex 406 distance 8
0 121 541 602 291 406 
Vertex 407 distance 32
0 121 541 602 291 406 280 93 49 407 
Vertex 408 distance 31
0 121 541 432 25 99 59 232 114 408 
Vertex 409 distance 30
0 471 409 
Vertex 410 distance 27
0 121 541 602 291 406 280 20 566 248 411 410 
Vertex 411 distance 25
0 121 541 602 291 406 280 20 566 248 411 
Vertex 412 distance 39
0 121 541 602 41 108 174 460 235 112 302 412 
Vertex 413 distance 13
0 121 541 432 220 413 
Vertex 414 distance 20
0 121 453 476 117 414 
Vertex 415 distance 24
0 121 541 602 41 108 174 386 447 415 
Vertex 416 distance 21
0 121 541 432 220 413 79 468 416 
Vertex 417 distance 16
0 121 541 602 291 397 417 
Vertex 418 distance 25
0 121 541 602 139 418 
Vertex 419 distance 34
0 530 615 17 419 
Vertex 420 distance 14
0 121 453 476 420 
Vertex 421 distance 17
0 37 421 
Vertex 422 distance 31
0 121 541 602 41 2 242 422 
Vertex 423 distance 34
0 121 541 432 220 413 79 468 416 625 639 423 
Vertex 424 distance 19
0 37 421 424 
Vertex 425 distance 12
0 530 122 55 425 
Vertex 426 distance 31
0 530 122 380 129 426 
Vertex 427 distance 14
0 530 427 
Vertex 428 distance 23
0 121 541 335 578 262 448 428 
Vertex 429 distance 32
0 121 453 476 117 376 130 429 
Vertex 430 distance 16
0 530 122 490 451 430 
Vertex 431 distance 23
0 530 615 507 502 431 
Vertex 432 distance 6
0 121 541 432 
Vertex 433 distance 31
0 121 541 432 257 78 433 
Vertex 434 distance 26
0 121 453 446 434 
Vertex 435 distance 30
0 530 122 490 451 430 435 
Vertex 436 distance 24
0 530 615 564 358 436 
Vertex 437 distance 17
0 121 541 602 291 397 437 
Vertex 438 distance 33
0 530 122 633 438 
Vertex 439 distance 20
0 121 453 476 420 439 
Vertex 440 distance 29
0 121 541 602 291 406 120 334 75 440 
Vertex 441 distance 43
0 530 122 490 601 441 
Vertex 442 distance 28
0 530 479 442 
Vertex 443 distance 32
0 121 541 602 66 381 378 359 443 
Vertex 444 distance 29
0 37 421 271 444 
Vertex 445 distance 25
0 530 122 596 445 
Vertex 446 distance 24
0 121 453 446 
Vertex 447 distance 21
0 121 541 602 41 108 174 386 447 
Vertex 448 distance 19
0 121 541 335 578 262 448 
Vertex 449 distance 25
0 530 615 65 51 367 449 
Vertex 450 distance 34
0 121 453 476 420 439 450 
Vertex 451 distance 15
0 530 122 490 451 
Vertex 452 distance 28
0 121 541 602 291 406 280 20 566 151 452 
Vertex 453 distance 11
0 121 453 
Vertex 454 distance 38
0 530 122 55 425 144 454 
Vertex 455 distance 29
0 121 541 602 41 384 97 455 
Vertex 456 distance 24
0 530 122 596 586 456 
Vertex 457 distance 31
0 121 541 335 578 262 123 457 
Vertex 458 distance 33
0 121 453 476 117 414 459 458 
Vertex 459 distance 21
0 121 453 476 117 414 459 
Vertex 460 distance 21
0 121 541 602 41 108 174 460 
Vertex 461 distance 29
0 530 615 507 502 473 461 
Vertex 462 distance 29
0 173 462 
Vertex 463 distance 27
0 121 541 602 66 463 
Vertex 464 distance 23
0 530 122 490 601 464 
Vertex 465 distance 26
0 121 541 602 291 406 280 20 566 151 465 
Vertex 466 distance 23
0 530 466 
Vertex 467 distance 27
0 121 541 467 
Vertex 468 distance 19
0 121 541 432 220 413 79 468 
Vertex 469 distance 20
0 121 541 602 41 108 174 469 
Vertex 470 distance 34
0 121 541 602 291 315 224 470 
Vertex 471 distance 23
0 471 
Vertex 472 distance 30
0 121 541 432 257 78 472 
Vertex 473 distance 24
0 530 615 507 502 473 
Vertex 474 distance 21
0 121 541 602 291 175 474 
Vertex 475 distance 27
0 121 541 335 578 262 448 428 475 
Vertex 476 distance 12
0 121 453 476 
Vertex 477 distance 28
0 121 453 446 434 477 
Vertex 478 distance 27
0 121 541 432 220 413 79 468 488 478 
Vertex 479 distance 25
0 530 479 
Vertex 480 distance 34
0 121 541 602 291 397 437 70 404 480 
Vertex 481 distance 26
0 121 541 602 291 397 437 481 
Vertex 482 distance 31
0 121 541 602 291 406 120 334 75 211 624 261 482 
Vertex 483 distance 25
0 530 615 483 
Vertex 484 distance 28
0 530 122 490 601 403 484 
Vertex 485 distance 25
0 530 122 55 597 485 
Vertex 486 distance 21
0 121 541 602 291 315 515 486 
Vertex 487 distance 35
0 121 541 602 139 595 487 
Vertex 488 distance 26
0 121 541 432 220 413 79 468 488 
Vertex 489 distance 29
0 121 541 602 291 406 120 334 75 211 624 261 489 
Vertex 490 distance 13
0 530 122 490 
Vertex 491 distance 36
0 121 541 602 291 397 437 222 124 594 197 88 491 
Vertex 492 distance 35
0 121 453 476 420 439 492 
Vertex 493 distance 32
0 121 541 602 291 397 417 519 493 
Vertex 494 distance 22
0 121 541 432 220 494 
Vertex 495 distance 29
0 121 541 602 291 406 120 334 75 211 624 261 495 
Vertex 496 distance 32
0 530 122 490 451 430 496 
Vertex 497 distance 21
0 121 541 602 291 406 199 544 497 
Vertex 498 distance 38
0 121 541 335 578 262 448 498 
Vertex 499 distance 28
0 530 122 596 499 
Vertex 500 distance 32
0 530 615 507 229 500 
Vertex 501 distance 28
0 530 427 115 501 
Vertex 502 distance 19
0 530 615 507 502 
Vertex 503 distance 14
0 530 615 65 503 
Vertex 504 distance 26
0 121 541 602 41 504 
Vertex 505 distance 31
0 530 122 571 505 
Vertex 506 distance 30
0 121 541 335 249 506 
Vertex 507 distance 15
0 530 615 507 
Vertex 508 distance 28
0 37 421 86 508 
Vertex 509 distance 27
0 121 524 29 509 
Vertex 510 distance 37
0 121 541 602 291 406 280 617 510 
Vertex 511 distance 25
0 121 541 602 66 352 338 511 
Vertex 512 distance 35
0 121 453 84 14 512 
Vertex 513 distance 24
0 121 541 432 220 513 
Vertex 514 distance 22
0 121 541 602 291 397 437 514 
Vertex 515 distance 20
0 121 541 602 291 315 515 
Vertex 516 distance 29
0 121 541 602 291 406 280 20 566 151 452 516 
Vertex 517 distance 18
0 121 541 602 291 406 517 
Vertex 518 distance 47
0 121 541 602 291 406 280 20 566 151 518 
Vertex 519 distance 31
0 121 541 602 291 397 417 519 
Vertex 520 distance 29
0 121 541 335 193 57 520 
Vertex 521 distance 25
0 121 541 432 25 99 59 213 521 
Vertex 522 distance 29
0 121 541 335 578 262 522 
Vertex 523 distance 26
0 121 524 523 
Vertex 524 distance 12
0 121 524 
Vertex 525 distance 33
0 121 541 432 220 132 69 364 525 
Vertex 526 distance 26
0 121 541 335 249 526 
Vertex 527 distance 25
0 121 453 476 117 414 459 527 
Vertex 528 distance 16
0 121 453 476 420 528 
Vertex 529 distance 35
0 530 122 55 597 485 529 
Vertex 530 distance 2
0 530 
Vertex 531 distance 20
0 121 453 476 622 531 
Vertex 532 distance 29
0 530 122 596 445 532 
Vertex 533 distance 31
0 121 541 602 291 406 120 334 177 244 533 
Vertex 534 distance 22
0 530 122 55 425 579 5 534 
Vertex 535 distance 17
0 121 541 602 535 
Vertex 536 distance 28
0 121 524 536 
Vertex 537 distance 33
0 121 541 602 291 315 224 369 260 537 
Vertex 538 distance 26
0 530 615 564 358 436 538 
Vertex 539 distance 29
0 121 541 432 220 413 79 547 539 
Vertex 540 distance 23
0 37 421 540 
Vertex 541 distance 3
0 121 541 
Vertex 542 distance 35
0 121 541 432 220 413 79 547 542 
Vertex 543 distance 20
0 121 541 602 66 543 
Vertex 544 distance 19
0 121 541 602 291 406 199 544 
Vertex 545 distance 34
0 121 541 602 382 545 
Vertex 546 distance 30
0 121 541 602 291 406 120 334 75 211 624 261 546 
Vertex 547 distance 22
0 121 541 432 220 413 79 547 
Vertex 548 distance 34
0 121 541 602 291 397 437 514 548 
Vertex 549 distance 35
0 530 122 490 451 430 72 549 
Vertex 550 distance 27
0 121 541 602 382 550 
Vertex 551 distance 40
0 121 541 432 551 
Vertex 552 distance 21
0 530 427 552 
Vertex 553 distance 34
0 121 541 432 220 577 553 
Vertex 554 distance 35
0 530 615 507 229 554 
Vertex 555 distance 28
0 121 541 602 291 397 437 222 124 594 555 
Vertex 556 distance 20
0 530 122 490 632 556 
Vertex 557 distance 28
0 121 453 476 622 331 43 557 
Vertex 558 distance 26
0 121 541 602 291 406 120 334 75 211 624 558 
Vertex 559 distance 36
0 121 541 335 629 559 
Vertex 560 distance 33
0 530 615 483 560 
Vertex 561 distance 28
0 121 541 335 578 561 
Vertex 562 distance 33
0 530 122 596 47 593 562 
Vertex 563 distance 35
0 121 541 602 291 406 120 334 75 211 388 292 563 
Vertex 564 distance 18
0 530 615 564 
Vertex 565 distance 29
0 530 181 389 565 
Vertex 566 distance 21
0 121 541 602 291 406 280 20 566 
Vertex 567 distance 25
0 121 541 602 291 315 515 567 
Vertex 568 distance 23
0 82 568 
Vertex 569 distance 30
0 121 541 432 25 569 
Vertex 570 distance 36
0 121 541 335 570 
Vertex 571 distance 25
0 530 122 571 
Vertex 572 distance 22
0 121 541 432 25 99 572 
Vertex 573 distance 43
0 121 541 602 291 397 417 519 493 573 
Vertex 574 distance 25
0 121 541 602 291 406 120 334 75 211 371 574 
Vertex 575 distance 31
0 530 615 65 575 
Vertex 576 distance 34
0 121 541 432 220 413 79 468 416 150 258 576 
Vertex 577 distance 25
0 121 541 432 220 577 
Vertex 578 distance 17
0 121 541 335 578 
Vertex 579 distance 17
0 530 122 55 425 579 
Vertex 580 distance 29
0 121 453 446 580 
Vertex 581 distance 30
0 121 541 432 309 581 
Vertex 582 distance 37
0 121 541 335 578 262 87 582 
Vertex 583 distance 27
0 121 541 335 583 
Vertex 584 distance 34
0 530 181 389 387 217 584 
Vertex 585 distance 24
0 121 541 602 41 2 242 585 
Vertex 586 distance 17
0 530 122 596 586 
Vertex 587 distance 19
0 530 587 
Vertex 588 distance 27
0 530 615 564 358 436 538 588 
Vertex 589 distance 24
0 37 589 
Vertex 590 distance 30
0 530 122 490 601 464 32 590 
Vertex 591 distance 24
0 121 541 602 66 352 338 591 
Vertex 592 distance 23
0 121 541 602 41 108 174 386 447 592 
Vertex 593 distance 26
0 530 122 596 47 593 
Vertex 594 distance 25
0 121 541 602 291 397 437 222 124 594 
Vertex 595 distance 28
0 121 541 602 139 595 
Vertex 596 distance 16
0 530 122 596 
Vertex 597 distance 15
0 530 122 55 597 
Vertex 598 distance 31
0 121 541 335 578 262 448 428 475 598 
Vertex 599 distance 35
0 121 453 84 599 
Vertex 600 distance 33
0 121 541 602 66 352 338 591 600 
Vertex 601 distance 20
0 530 122 490 601 
Vertex 602 distance 5
0 121 541 602 
Vertex 603 distance 21
0 121 453 476 420 439 603 
Vertex 604 distance 28
0 121 541 432 220 413 79 468 488 604 
Vertex 605 distance 29
0 121 541 602 291 406 120 334 75 211 388 131 605 
Vertex 606 distance 35
0 530 122 55 425 579 606 
Vertex 607 distance 39
0 530 122 55 425 579 5 94 607 
Vertex 608 distance 25
0 121 453 476 420 439 608 
Vertex 609 distance 34
0 530 122 490 451 430 496 609 
Vertex 610 distance 26
0 121 541 602 291 406 280 20 566 151 610 
Vertex 611 distance 36
0 121 541 602 291 315 224 369 611 
Vertex 612 distance 37
0 121 541 602 291 406 280 20 566 248 411 410 612 
Vertex 613 distance 38
0 121 541 432 25 99 572 63 613 
Vertex 614 distance 27
0 121 541 335 578 262 448 428 614 
Vertex 615 distance 10
0 530 615 
Vertex 616 distance 29
0 530 122 490 451 119 616 
Vertex 617 distance 36
0 121 541 602 291 406 280 617 
Vertex 618 distance 31
0 121 541 602 66 543 618 
Vertex 619 distance 36
0 530 587 619 
Vertex 620 distance 28
0 121 541 602 291 406 199 61 239 620 
Vertex 621 distance 37
0 530 615 564 358 274 621 
Vertex 622 distance 17
0 121 453 476 622 
Vertex 623 distance 36
0 121 541 335 623 
Vertex 624 distance 24
0 121 541 602 291 406 120 334 75 211 624 
Vertex 625 distance 27
0 121 541 432 220 413 79 468 416 625 
Vertex 626 distance 36
0 121 541 602 41 108 626 
Vertex 627 distance 26
0 121 541 602 41 108 174 627 
Vertex 628 distance 34
0 530 122 55 425 579 5 67 628 
Vertex 629 distance 26
0 121 541 335 629 
Vertex 630 distance 33
0 37 421 86 508 630 
Vertex 631 distance 30
0 121 524 29 631 
Vertex 632 distance 15
0 530 122 490 632 
Vertex 633 distance 30
0 530 122 633 
Vertex 634 distance 32
0 530 122 55 425 579 634 
Vertex 635 distance 37
0 530 615 507 502 473 461 374 635 
Vertex 636 distance 32
0 121 541 602 291 406 280 20 566 248 411 410 636 
Vertex 637 distance 25
0 121 541 432 220 494 637 
Vertex 638 distance 39
0 121 541 432 25 99 572 638 
Vertex 639 distance 31
0 121 541 432 220 413 79 468 416 625 639 
