Vertex 0 distance 0
0 0 
Vertex 1 distance 38
0 193 155 360 21 607 386 1 
Vertex 2 distance 23
0 193 211 10 2 
Vertex 3 distance 37
0 193 211 459 544 415 277 3 
Vertex 4 distance 36
0 193 155 360 21 4 
Vertex 5 distance 41
0 193 211 459 146 160 5 
Vertex 6 distance 45
0 193 211 489 274 6 
Vertex 7 distance 29
0 193 84 7 
Vertex 8 distance 25
0 90 284 8 
Vertex 9 distance 43
0 193 155 209 184 231 9 
Vertex 10 distance 21
0 193 211 10 
Vertex 11 distance 36
0 193 211 489 195 105 95 11 
Vertex 12 distance 36
0 193 211 10 2 569 12 
Vertex 13 distance 37
0 238 511 13 
Vertex 14 distance 30
0 90 297 14 
Vertex 15 distance 37
0 193 211 459 544 415 277 583 15 
Vertex 16 distance 32
0 193 64 116 16 
Vertex 17 distance 41
0 193 211 459 392 512 17 
Vertex 18 distance 34
0 88 18 
Vertex 19 distance 32
0 90 297 97 19 
Vertex 20 distance 33
0 90 578 20 
Vertex 21 distance 22
0 193 155 360 21 
Vertex 22 distance 38
0 90 54 367 241 203 286 22 
Vertex 23 distance 25
0 238 23 
Vertex 24 distance 38
0 193 211 74 24 
Vertex 25 distance 42
0 193 211 522 375 328 25 
Vertex 26 distance 44
0 193 155 360 21 145 293 167 26 
Vertex 27 distance 37
0 90 578 342 27 
Vertex 28 distance 35
0 90 54 504 38 28 
Vertex 29 distance 42
0 193 211 459 544 225 531 134 29 
Vertex 30 distance 37
0 193 211 489 195 105 497 30 
Vertex 31 distance 55
0 193 64 639 31 
Vertex 32 distance 41
0 193 155 500 276 82 32 
Vertex 33 distance 40
0 90 578 20 33 
Vertex 34 distance 40
0 193 211 459 544 415 277 34 
Vertex 35 distance 44
0 193 155 500 158 35 
Vertex 36 distance 35
0 193 211 489 195 105 497 36 
Vertex 37 distance 36
0 193 155 500 276 82 37 
Vertex 38 distance 30
0 90 54 504 38 
Vertex 39 distance 41
0 193 378 545 605 39 
Vertex 40 distance 34
0 90 54 504 38 40 
Vertex 41 distance 18
0 193 41 
Vertex 42 distance 39
0 193 211 459 361 42 
Vertex 43 distance 35
0 193 211 489 195 105 497 43 
Vertex 44 distance 30
0 193 155 500 158 335 524 44 
Vertex 45 distance 50
0 193 211 10 206 196 45 
Vertex 46 distance 36
0 193 155 360 21 145 125 46 
Vertex 47 distance 37
0 193 211 124 589 47 
Vertex 48 distance 34
0 193 211 459 544 415 280 48 
Vertex 49 distance 33
0 193 211 489 195 49 
Vertex 50 distance 48
0 193 211 518 204 599 71 50 
Vertex 51 distance 51
0 193 155 209 445 495 51 
Vertex 52 distance 42
0 193 84 52 
Vertex 53 distance 31
0 193 211 10 2 141 536 53 
Vertex 54 distance 22
0 90 54 
Vertex 55 distance 35
0 193 155 500 158 313 114 55 
Vertex 56 distance 40
0 193 64 249 56 
Vertex 57 distance 48
0 193 211 522 612 57 
Vertex 58 distance 49
0 193 155 209 445 495 316 58 
Vertex 59 distance 35
0 193 211 10 2 366 59 
Vertex 60 distance 35
0 193 211 459 146 60 
Vertex 61 distance 31
0 90 297 97 468 79 61 
Vertex 62 distance 42
0 193 211 459 361 42 62 
Vertex 63 distance 29
0 193 64 116 63 
Vertex 64 distance 23
0 193 64 
Vertex 65 distance 37
0 193 211 489 195 533 451 330 65 
Vertex 66 distance 38
0 193 211 459 392 66 
Vertex 67 distance 40
0 193 211 124 67 
Vertex 68 distance 28
0 193 211 10 2 141 68 
Vertex 69 distance 52
0 193 211 459 544 225 181 69 
Vertex 70 distance 37
0 193 211 459 544 415 280 632 70 
Vertex 71 distance 40
0 193 211 518 204 599 71 
Vertex 72 distance 33
0 90 284 8 72 
Vertex 73 distance 29
0 73 
Vertex 74 distance 26
0 193 211 74 
Vertex 75 distance 41
0 193 211 459 361 42 600 75 
Vertex 76 distance 36
0 90 297 97 468 79 76 
Vertex 77 distance 26
0 238 23 77 
Vertex 78 distance 43
0 193 211 522 191 78 
Vertex 79 distance 30
0 90 297 97 468 79 
Vertex 80 distance 39
0 193 211 522 490 517 80 
Vertex 81 distance 48
0 193 41 420 81 
Vertex 82 distance 35
0 193 155 500 276 82 
Vertex 83 distance 39
0 193 64 639 137 537 83 
Vertex 84 distance 17
0 193 84 
Vertex 85 distance 49
0 193 211 518 598 85 
Vertex 86 distance 29
0 193 211 459 146 86 
Vertex 87 distance 45
0 193 155 209 263 150 215 87 
Vertex 88 distance 30
0 88 
Vertex 89 distance 44
0 193 211 459 392 426 89 
Vertex 90 distance 10
0 90 
Vertex 91 distance 42
0 193 282 91 
Vertex 92 distance 48
0 193 64 639 137 344 169 198 92 
Vertex 93 distance 42
0 193 211 10 206 358 402 154 207 93 
Vertex 94 distance 40
0 193 211 459 544 415 277 583 15 94 
Vertex 95 distance 29
0 193 211 489 195 105 95 
Vertex 96 distance 35
0 193 155 209 445 341 96 
Vertex 97 distance 22
0 90 297 97 
Vertex 98 distance 33
0 90 297 14 98 
Vertex 99 distance 28
0 90 297 99 
Vertex 100 distance 42
0 90 284 622 409 357 100 
Vertex 101 distance 55
0 73 350 119 101 
Vertex 102 distance 34
0 193 155 209 445 341 102 
Vertex 103 distance 44
0 193 211 10 206 358 103 
Vertex 104 distance 35
0 193 64 639 137 344 104 
Vertex 105 distance 27
0 193 211 489 195 105 
Vertex 106 distance 44
0 193 64 639 137 537 106 
Vertex 107 distance 44
0 193 211 124 107 
Vertex 108 distance 38
0 193 378 299 108 
Vertex 109 distance 42
0 193 211 459 392 426 109 
Vertex 110 distance 36
0 193 211 459 544 225 531 110 
Vertex 111 distance 39
0 238 511 513 470 111 
Vertex 112 distance 38
0 193 211 459 544 415 277 126 553 112 
Vertex 113 distance 33
0 90 297 97 468 113 
Vertex 114 distance 31
0 193 155 500 158 313 114 
Vertex 115 distance 37
0 193 155 209 445 495 398 115 
Vertex 116 distance 25
0 193 64 116 
Vertex 117 distance 47
0 90 284 532 579 595 117 
Vertex 118 distance 38
0 90 297 97 19 118 
Vertex 119 distance 33
0 73 350 119 
Vertex 120 distance 34
0 193 378 120 
Vertex 121 distance 39
0 193 155 360 176 121 
Vertex 122 distance 46
0 193 155 500 276 82 37 122 
Vertex 123 distance 31
0 193 211 10 123 
Vertex 124 distance 25
0 193 211 124 
Vertex 125 distance 34
0 193 155 360 21 145 125 
Vertex 126 distance 32
0 193 211 459 544 415 277 126 
Vertex 127 distance 42
0 193 211 10 2 141 127 
Vertex 128 distance 54
0 73 364 128 
Vertex 129 distance 40
0 193 211 10 2 366 59 129 
Vertex 130 distance 44
0 90 54 504 38 177 130 
Vertex 131 distance 40
0 90 54 367 250 528 131 
Vertex 132 distance 52
0 238 511 13 132 
Vertex 133 distance 40
0 193 155 500 276 82 133 
Vertex 134 distance 40
0 193 211 459 544 225 531 134 
Vertex 135 distance 46
0 90 54 367 241 203 135 
Vertex 136 distance 46
0 193 155 209 263 150 215 87 136 
Vertex 137 distance 26
0 193 64 639 137 
Vertex 138 distance 39
0 193 155 209 450 239 138 
Vertex 139 distance 36
0 90 54 367 241 203 286 139 
Vertex 140 distance 32
0 73 140 
Vertex 141 distance 24
0 193 211 10 2 141 
Vertex 142 distance 37
0 193 211 10 206 142 
Vertex 143 distance 36
0 193 211 489 195 143 
Vertex 144 distance 44
0 193 211 459 544 415 280 144 
Vertex 145 distance 25
0 193 155 360 21 145 
Vertex 146 distance 28
0 193 211 459 146 
Vertex 147 distance 30
0 193 211 459 544 415 147 
Vertex 148 distance 44
0 193 211 459 392 512 17 148 
Vertex 149 distance 44
0 193 211 438 363 290 306 157 149 
Vertex 150 distance 33
0 193 155 209 263 150 
Vertex 151 distance 46
0 193 155 500 456 453 151 
Vertex 152 distance 32
0 193 211 10 152 
Vertex 153 distance 42
0 193 64 639 226 153 
Vertex 154 distance 37
0 193 211 10 206 358 402 154 
Vertex 155 distance 12
0 193 155 
Vertex 156 distance 40
0 193 211 459 146 86 156 
Vertex 157 distance 41
0 193 211 438 363 290 306 157 
Vertex 158 distance 24
0 193 155 500 158 
Vertex 159 distance 38
0 193 211 489 195 159 
Vertex 160 distance 37
0 193 211 459 146 160 
Vertex 161 distance 39
0 193 211 489 195 533 451 330 161 
Vertex 162 distance 38
0 193 211 459 544 415 280 632 70 162 
Vertex 163 distance 43
0 193 211 459 361 42 600 240 163 
Vertex 164 distance 45
0 90 54 367 241 203 286 540 164 
Vertex 165 distance 50
0 193 282 165 
Vertex 166 distance 40
0 193 155 209 445 341 166 
Vertex 167 distance 37
0 193 155 360 21 145 293 167 
Vertex 168 distance 45
0 193 211 10 2 141 68 221 168 
Vertex 169 distance 32
0 193 64 639 137 344 169 
Vertex 170 distance 39
0 193 155 209 450 170 
Vertex 171 distance 42
0 193 155 360 176 171 
Vertex 172 distance 36
0 73 350 172 
Vertex 173 distance 46
0 193 84 52 173 
Vertex 174 distance 46
0 193 155 209 445 495 398 314 431 174 
Vertex 175 distance 43
0 193 211 74 175 
Vertex 176 distance 29
0 193 155 360 176 
Vertex 177 distance 38
0 90 54 504 38 177 
Vertex 178 distance 35
0 193 211 438 178 
Vertex 179 distance 64
0 193 211 10 2 141 536 53 488 629 179 
Vertex 180 distance 41
0 73 391 180 
Vertex 181 distance 34
0 193 211 459 544 225 181 
Vertex 182 distance 35
0 193 155 500 456 182 
Vertex 183 distance 44
0 193 155 209 184 231 406 485 183 
Vertex 184 distance 32
0 193 155 209 184 
Vertex 185 distance 38
0 193 155 209 263 150 215 185 
Vertex 186 distance 37
0 193 186 
Vertex 187 distance 42
0 193 211 459 544 415 277 126 553 259 457 187 
Vertex 188 distance 39
0 193 188 
Vertex 189 distance 47
0 193 155 209 263 150 215 189 
Vertex 190 distance 39
0 193 155 500 158 313 114 236 190 
Vertex 191 distance 39
0 193 211 522 191 
Vertex 192 distance 35
0 193 211 74 192 
Vertex 193 distance 6
0 193 
Vertex 194 distance 50
0 193 211 438 400 194 
Vertex 195 distance 26
0 193 211 489 195 
Vertex 196 distance 38
0 193 211 10 206 196 
Vertex 197 distance 39
0 193 155 360 21 145 125 46 303 197 
Vertex 198 distance 43
0 193 64 639 137 344 169 198 
Vertex 199 distance 42
0 193 211 459 146 60 199 
Vertex 200 distance 39
0 193 211 438 363 200 
Vertex 201 distance 34
0 90 297 97 201 
Vertex 202 distance 42
0 193 155 360 21 145 293 275 202 
Vertex 203 distance 29
0 90 54 367 241 203 
Vertex 204 distance 36
0 193 211 518 204 
Vertex 205 distance 42
0 238 511 513 470 292 205 
Vertex 206 distance 25
0 193 211 10 206 
Vertex 207 distance 40
0 193 211 10 206 358 402 154 207 
Vertex 208 distance 28
0 193 155 209 445 208 
Vertex 209 distance 23
0 193 155 209 
Vertex 210 distance 31
0 193 211 10 2 141 68 210 
Vertex 211 distance 18
0 193 211 
Vertex 212 distance 38
0 193 155 360 21 145 312 212 
Vertex 213 distance 47
0 193 155 209 445 341 166 213 
Vertex 214 distance 61
0 193 211 489 195 533 451 296 214 
Vertex 215 distance 37
0 193 155 209 263 150 215 
Vertex 216 distance 44
0 90 578 627 216 
Vertex 217 distance 27
0 90 284 8 217 
Vertex 218 distance 38
0 193 211 124 589 218 
Vertex 219 distance 44
0 193 211 459 392 66 219 
Vertex 220 distance 38
0 193 211 489 274 220 
Vertex 221 distance 40
0 193 211 10 2 141 68 221 
Vertex 222 distance 40
0 90 54 504 507 222 
Vertex 223 distance 37
0 193 211 459 544 225 531 110 223 
Vertex 224 distance 33
0 193 211 489 195 105 95 224 
Vertex 225 distance 31
0 193 211 459 544 225 
Vertex 226 distance 29
0 193 64 639 226 
Vertex 227 distance 40
0 193 211 459 146 86 227 
Vertex 228 distance 34
0 193 155 209 327 403 228 
Vertex 229 distance 32
0 193 155 209 445 495 229 
Vertex 230 distance 45
0 193 211 459 544 415 280 632 70 230 
Vertex 231 distance 35
0 193 155 209 184 231 
Vertex 232 distance 42
0 193 211 10 206 358 351 232 
Vertex 233 distance 40
0 90 297 97 468 480 543 582 233 
Vertex 234 distance 43
0 238 23 441 234 
Vertex 235 distance 37
0 193 155 235 
Vertex 236 distance 38
0 193 155 500 158 313 114 236 
Vertex 237 distance 45
0 193 211 10 206 358 402 567 237 
Vertex 238 distance 24
0 238 
Vertex 239 distance 28
0 193 155 209 450 239 
Vertex 240 distance 42
0 193 211 459 361 42 600 240 
Vertex 241 distance 27
0 90 54 367 241 
Vertex 242 distance 42
0 193 211 489 195 533 451 330 161 242 
Vertex 243 distance 40
0 193 211 10 152 243 
Vertex 244 distance 40
0 193 211 459 544 415 280 244 
Vertex 245 distance 33
0 193 211 459 544 415 147 245 
Vertex 246 distance 37
0 193 64 639 226 246 
Vertex 247 distance 51
0 193 155 209 184 440 287 247 
Vertex 248 distance 31
0 90 297 97 468 79 248 
Vertex 249 distance 38
0 193 64 249 
Vertex 250 distance 30
0 90 54 367 250 
Vertex 251 distance 50
0 193 211 459 146 86 251 
Vertex 252 distance 41
0 238 511 13 345 252 
Vertex 253 distance 41
0 193 211 489 195 143 253 
Vertex 254 distance 45
0 193 155 209 445 495 398 314 431 254 
Vertex 255 distance 32
0 238 255 
Vertex 256 distance 34
0 193 211 438 256 
Vertex 257 distance 31
0 193 211 257 
Vertex 258 distance 38
0 193 155 360 176 258 
Vertex 259 distance 39
0 193 211 459 544 415 277 126 553 259 
Vertex 260 distance 35
0 193 211 260 
Vertex 261 distance 40
0 193 64 639 226 432 261 
Vertex 262 distance 45
0 193 211 459 361 262 
Vertex 263 distance 28
0 193 155 209 263 
Vertex 264 distance 40
0 90 297 97 631 264 
Vertex 265 distance 34
0 193 211 489 195 49 265 
Vertex 266 distance 34
0 73 140 266 
Vertex 267 distance 28
0 238 511 267 
Vertex 268 distance 40
0 193 211 10 449 630 555 268 
Vertex 269 distance 48
0 90 284 622 409 357 269 
Vertex 270 distance 30
0 270 
Vertex 271 distance 40
0 193 211 10 123 271 
Vertex 272 distance 44
0 238 511 272 
Vertex 273 distance 42
0 90 54 504 38 273 
Vertex 274 distance 34
0 193 211 489 274 
Vertex 275 distance 32
0 193 155 360 21 145 293 275 
Vertex 276 distance 33
0 193 155 500 276 
Vertex 277 distance 27
0 193 211 459 544 415 277 
Vertex 278 distance 40
0 238 23 441 278 
Vertex 279 distance 41
0 90 54 504 38 40 520 279 
Vertex 280 distance 28
0 193 211 459 544 415 280 
Vertex 281 distance 36
0 193 211 10 449 630 555 281 
Vertex 282 distance 31
0 193 282 
Vertex 283 distance 37
0 90 297 97 468 283 
Vertex 284 distance 19
0 90 284 
Vertex 285 distance 48
0 238 511 513 470 292 205 285 
Vertex 286 distance 30
0 90 54 367 241 203 286 
Vertex 287 distance 40
0 193 155 209 184 440 287 
Vertex 288 distance 54
0 193 211 459 544 415 280 632 70 606 288 
Vertex 289 distance 48
0 193 155 360 21 452 289 
Vertex 290 distance 30
0 193 211 438 363 290 
Vertex 291 distance 44
0 193 64 639 226 432 261 291 
Vertex 292 distance 35
0 238 511 513 470 292 
Vertex 293 distance 26
0 193 155 360 21 145 293 
Vertex 294 distance 35
0 193 155 500 158 294 
Vertex 295 distance 43
0 193 211 257 295 
Vertex 296 distance 37
0 193 211 489 195 533 451 296 
Vertex 297 distance 19
0 90 297 
Vertex 298 distance 34
0 193 211 522 375 328 298 
Vertex 299 distance 36
0 193 378 299 
Vertex 300 distance 36
0 193 211 518 598 300 
Vertex 301 distance 48
0 73 350 119 525 301 
Vertex 302 distance 53
0 193 211 10 2 141 68 505 302 
Vertex 303 distance 38
0 193 155 360 21 145 125 46 303 
Vertex 304 distance 39
0 193 211 10 206 142 304 
Vertex 305 distance 43
0 193 282 387 305 
Vertex 306 distance 33
0 193 211 438 363 290 306 
Vertex 307 distance 43
0 90 297 97 631 264 307 
Vertex 308 distance 34
0 193 211 459 544 382 308 
Vertex 309 distance 37
0 193 155 209 445 341 609 309 
Vertex 310 distance 51
0 193 211 489 195 49 310 
Vertex 311 distance 41
0 193 211 459 146 86 156 311 
Vertex 312 distance 35
0 193 155 360 21 145 312 
Vertex 313 distance 26
0 193 155 500 158 313 
Vertex 314 distance 35
0 193 155 209 445 495 398 314 
Vertex 315 distance 48
0 193 155 360 21 145 125 46 315 
Vertex 316 distance 32
0 193 155 209 445 495 316 
Vertex 317 distance 49
0 238 511 272 566 317 
Vertex 318 distance 36
0 193 155 500 318 
Vertex 319 distance 41
0 90 578 627 319 
Vertex 320 distance 46
0 193 211 489 195 49 265 422 320 
Vertex 321 distance 41
0 193 211 489 195 533 451 330 321 
Vertex 322 distance 51
0 193 155 209 327 403 228 519 322 
Vertex 323 distance 35
0 193 155 500 158 313 114 564 323 
Vertex 324 distance 35
0 193 155 209 324 
Vertex 325 distance 55
0 193 64 639 137 344 169 198 92 325 
Vertex 326 distance 35
0 193 211 459 544 415 277 126 553 326 
Vertex 327 distance 25
0 193 155 209 327 
Vertex 328 distance 33
0 193 211 522 375 328 
Vertex 329 distance 49
0 193 64 639 226 153 329 
Vertex 330 distance 36
0 193 211 489 195 533 451 330 
Vertex 331 distance 42
0 193 211 459 544 415 280 632 70 331 
Vertex 332 distance 38
0 238 511 513 496 332 
Vertex 333 distance 45
0 193 155 209 445 208 412 333 
Vertex 334 distance 57
0 193 155 209 263 337 334 
Vertex 335 distance 25
0 193 155 500 158 335 
Vertex 336 distance 42
0 193 155 500 158 335 524 44 338 336 
Vertex 337 distance 36
0 193 155 209 263 337 
Vertex 338 distance 36
0 193 155 500 158 335 524 44 338 
Vertex 339 distance 31
0 193 211 459 339 
Vertex 340 distance 38
0 193 211 10 206 358 402 443 340 
Vertex 341 distance 28
0 193 155 209 445 341 
Vertex 342 distance 36
0 90 578 342 
Vertex 343 distance 34
0 193 211 257 343 
Vertex 344 distance 28
0 193 64 639 137 344 
Vertex 345 distance 38
0 238 511 13 345 
Vertex 346 distance 34
0 90 54 504 346 
Vertex 347 distance 35
0 193 211 459 544 382 347 
Vertex 348 distance 35
0 193 155 209 450 239 348 
Vertex 349 distance 46
0 193 211 10 2 569 349 
Vertex 350 distance 31
0 73 350 
Vertex 351 distance 30
0 193 211 10 206 358 351 
Vertex 352 distance 48
0 193 211 10 152 352 
Vertex 353 distance 52
0 193 211 601 585 353 
Vertex 354 distance 43
0 193 211 522 375 328 298 354 
Vertex 355 distance 27
0 193 211 10 355 
Vertex 356 distance 48
0 73 364 356 
Vertex 357 distance 41
0 90 284 622 409 357 
Vertex 358 distance 27
0 193 211 10 206 358 
Vertex 359 distance 39
0 90 54 367 241 203 286 22 359 
Vertex 360 distance 19
0 193 155 360 
Vertex 361 distance 35
0 193 211 459 361 
Vertex 362 distance 53
0 193 64 639 137 344 169 198 362 
Vertex 363 distance 27
0 193 211 438 363 
Vertex 364 distance 40
0 73 364 
Vertex 365 distance 41
0 193 64 639 226 432 509 365 
Vertex 366 distance 26
0 193 211 10 2 366 
Vertex 367 distance 26
0 90 54 367 
Vertex 368 distance 35
0 193 211 459 368 
Vertex 369 distance 34
0 193 64 639 137 369 
Vertex 370 distance 45
0 193 155 209 445 560 370 
Vertex 371 distance 39
0 193 155 209 263 371 
Vertex 372 distance 38
0 90 284 8 372 
Vertex 373 distance 46
0 193 211 518 598 300 373 
Vertex 374 distance 45
0 193 211 10 2 141 68 210 374 
Vertex 375 distance 32
0 193 211 522 375 
Vertex 376 distance 41
0 193 378 545 376 
Vertex 377 distance 36
0 193 155 209 184 377 
Vertex 378 distance 24
0 193 378 
Vertex 379 distance 42
0 193 211 10 355 379 
Vertex 380 distance 35
0 193 211 10 2 141 380 
Vertex 381 distance 42
0 193 211 489 195 49 381 
Vertex 382 distance 28
0 193 211 459 544 382 
Vertex 383 distance 39
0 193 155 360 21 145 293 383 
Vertex 384 distance 34
0 193 211 438 363 384 
Vertex 385 distance 39
0 193 155 209 450 239 348 385 
Vertex 386 distance 35
0 193 155 360 21 607 386 
Vertex 387 distance 41
0 193 282 387 
Vertex 388 distance 47
0 193 155 209 324 538 388 
Vertex 389 distance 38
0 193 155 209 445 495 316 389 
Vertex 390 distance 51
0 193 155 209 184 440 287 390 
Vertex 391 distance 30
0 73 391 
Vertex 392 distance 30
0 193 211 459 392 
Vertex 393 distance 46
0 193 211 459 544 415 280 632 70 393 
Vertex 394 distance 37
0 90 284 8 217 394 
Vertex 395 distance 42
0 193 211 459 544 395 
Vertex 396 distance 48
0 193 211 518 598 546 487 396 
Vertex 397 distance 35
0 90 297 14 397 
Vertex 398 distance 32
0 193 155 209 445 495 398 
Vertex 399 distance 47
0 238 23 441 278 399 
Vertex 400 distance 40
0 193 211 438 400 
Vertex 401 distance 40
0 73 350 119 401 
Vertex 402 distance 34
0 193 211 10 206 358 402 
Vertex 403 distance 33
0 193 155 209 327 403 
Vertex 404 distance 58
0 193 155 209 450 239 348 404 
Vertex 405 distance 37
0 193 211 601 405 
Vertex 406 distance 38
0 193 155 209 184 231 406 
Vertex 407 distance 48
0 193 211 489 195 105 95 224 407 
Vertex 408 distance 39
0 193 155 360 21 145 125 46 408 
Vertex 409 distance 39
0 90 284 622 409 
Vertex 410 distance 46
0 193 155 209 445 495 229 410 
Vertex 411 distance 34
0 193 155 360 21 145 293 275 411 
Vertex 412 distance 35
0 193 155 209 445 208 412 
Vertex 413 distance 33
0 73 350 413 
Vertex 414 distance 35
0 193 211 489 195 105 95 414 
Vertex 415 distance 26
0 193 211 459 544 415 
Vertex 416 distance 38
0 193 155 360 21 145 293 167 416 
Vertex 417 distance 47
0 90 297 417 
Vertex 418 distance 42
0 193 211 489 195 533 451 330 418 
Vertex 419 distance 49
0 90 284 8 217 419 
Vertex 420 distance 41
0 193 41 420 
Vertex 421 distance 45
0 90 297 97 19 421 
Vertex 422 distance 38
0 193 211 489 195 49 265 422 
Vertex 423 distance 38
0 193 211 10 206 358 402 154 423 
Vertex 424 distance 51
0 193 211 459 361 42 600 424 
Vertex 425 distance 42
0 90 284 622 409 425 
Vertex 426 distance 35
0 193 211 459 392 426 
Vertex 427 distance 55
0 193 155 209 263 150 215 427 
Vertex 428 distance 39
0 88 428 
Vertex 429 distance 38
0 193 155 500 158 294 429 
Vertex 430 distance 49
0 193 155 500 158 335 524 44 616 430 
Vertex 431 distance 40
0 193 155 209 445 495 398 314 431 
Vertex 432 distance 33
0 193 64 639 226 432 
Vertex 433 distance 48
0 193 211 459 146 86 227 433 
Vertex 434 distance 39
0 238 511 434 
Vertex 435 distance 38
0 193 211 459 544 415 277 126 435 
Vertex 436 distance 41
0 73 391 436 
Vertex 437 distance 52
0 90 284 8 217 394 437 
Vertex 438 distance 25
0 193 211 438 
Vertex 439 distance 48
0 193 211 459 544 415 277 3 439 
Vertex 440 distance 35
0 193 155 209 184 440 
Vertex 441 distance 33
0 238 23 441 
Vertex 442 distance 29
0 90 297 97 442 
Vertex 443 distance 37
0 193 211 10 206 358 402 443 
Vertex 444 distance 37
0 90 578 342 444 
Vertex 445 distance 26
0 193 155 209 445 
Vertex 446 distance 55
0 193 155 500 158 335 618 446 
Vertex 447 distance 49
0 193 155 500 158 335 524 447 
Vertex 448 distance 41
0 193 155 360 21 145 293 275 448 
Vertex 449 distance 30
0 193 211 10 449 
Vertex 450 distance 24
0 193 155 209 450 
Vertex 451 distance 32
0 193 211 489 195 533 451 
Vertex 452 distance 35
0 193 155 360 21 452 
Vertex 453 distance 37
0 193 155 500 456 453 
Vertex 454 distance 37
0 90 284 532 454 
Vertex 455 distance 41
0 88 18 455 
Vertex 456 distance 22
0 193 155 500 456 
Vertex 457 distance 40
0 193 211 459 544 415 277 126 553 259 457 
Vertex 458 distance 38
0 238 23 441 577 458 
Vertex 459 distance 20
0 193 211 459 
Vertex 460 distance 49
0 193 211 459 544 415 277 126 460 
Vertex 461 distance 38
0 193 211 489 195 105 95 11 461 
Vertex 462 distance 38
0 193 211 489 195 105 497 36 462 
Vertex 463 distance 51
0 90 284 8 217 419 463 
Vertex 464 distance 41
0 73 350 119 525 464 
Vertex 465 distance 38
0 193 211 459 544 382 465 
Vertex 466 distance 46
0 193 211 10 449 630 466 
Vertex 467 distance 50
0 193 64 639 137 493 467 
Vertex 468 distance 29
0 90 297 97 468 
Vertex 469 distance 43
0 90 54 504 38 40 469 
Vertex 470 distance 33
0 238 511 513 470 
Vertex 471 distance 42
0 90 578 342 27 471 
Vertex 472 distance 43
0 193 64 639 137 493 472 
Vertex 473 distance 44
0 193 211 10 2 569 636 473 
Vertex 474 distance 26
0 193 155 500 456 474 
Vertex 475 distance 36
0 193 211 459 146 60 475 
Vertex 476 distance 40
0 193 155 476 
Vertex 477 distance 39
0 90 54 367 250 528 477 
Vertex 478 distance 37
0 90 54 367 241 478 
Vertex 479 distance 33
0 193 211 124 479 
Vertex 480 distance 30
0 90 297 97 468 480 
Vertex 481 distance 39
0 193 155 209 445 495 398 314 481 
Vertex 482 distance 31
0 90 297 482 
Vertex 483 distance 82
0 193 211 518 598 300 373 483 
Vertex 484 distance 40
0 193 211 10 2 141 68 484 
Vertex 485 distance 39
0 193 155 209 184 231 406 485 
Vertex 486 distance 37
0 238 511 513 470 292 486 
Vertex 487 distance 43
0 193 211 518 598 546 487 
Vertex 488 distance 35
0 193 211 10 2 141 536 53 488 
Vertex 489 distance 21
0 193 211 489 
Vertex 490 distance 35
0 193 211 522 490 
Vertex 491 distance 46
0 90 54 504 491 
Vertex 492 distance 41
0 193 211 459 492 
Vertex 493 distance 39
0 193 64 639 137 493 
Vertex 494 distance 33
0 193 155 209 445 495 229 494 
Vertex 495 distance 31
0 193 155 209 445 495 
Vertex 496 distance 37
0 238 511 513 496 
Vertex 497 distance 33
0 193 211 489 195 105 497 
Vertex 498 distance 39
0 193 211 459 544 382 308 498 
Vertex 499 distance 50
0 193 155 360 176 171 499 
Vertex 500 distance 18
0 193 155 500 
Vertex 501 distance 41
0 193 211 10 206 358 402 443 501 
Vertex 502 distance 32
0 193 155 500 158 502 
Vertex 503 distance 36
0 193 211 10 449 630 555 503 
Vertex 504 distance 26
0 90 54 504 
Vertex 505 distance 32
0 193 211 10 2 141 68 505 
Vertex 506 distance 46
0 193 64 116 16 506 
Vertex 507 distance 36
0 90 54 504 507 
Vertex 508 distance 38
0 193 211 522 490 517 508 
Vertex 509 distance 36
0 193 64 639 226 432 509 
Vertex 510 distance 35
0 90 578 20 510 
Vertex 511 distance 25
0 238 511 
Vertex 512 distance 35
0 193 211 459 392 512 
Vertex 513 distance 28
0 238 511 513 
Vertex 514 distance 34
0 193 211 459 544 415 277 514 
Vertex 515 distance 39
0 193 211 459 392 515 
Vertex 516 distance 41
0 193 211 459 544 516 
Vertex 517 distance 37
0 193 211 522 490 517 
Vertex 518 distance 20
0 193 211 518 
Vertex 519 distance 38
0 193 155 209 327 403 228 519 
Vertex 520 distance 37
0 90 54 504 38 40 520 
Vertex 521 distance 38
0 193 211 10 449 630 555 521 
Vertex 522 distance 29
0 193 211 522 
Vertex 523 distance 41
0 193 155 500 158 313 114 564 523 
Vertex 524 distance 28
0 193 155 500 158 335 524 
Vertex 525 distance 35
0 73 350 119 525 
Vertex 526 distance 39
0 193 155 526 
Vertex 527 distance 38
0 90 284 8 217 527 
Vertex 528 distance 38
0 90 54 367 250 528 
Vertex 529 distance 39
0 193 211 74 529 
Vertex 530 distance 34
0 73 530 
Vertex 531 distance 35
0 193 211 459 544 225 531 
Vertex 532 distance 30
0 90 284 532 
Vertex 533 distance 29
0 193 211 489 195 533 
Vertex 534 distance 38
0 193 155 500 158 534 
Vertex 535 distance 37
0 193 155 500 456 474 535 
Vertex 536 distance 28
0 193 211 10 2 141 536 
Vertex 537 distance 28
0 193 64 639 137 537 
Vertex 538 distance 44
0 193 155 209 324 538 
Vertex 539 distance 61
0 193 155 360 21 607 539 
Vertex 540 distance 42
0 90 54 367 241 203 286 540 
Vertex 541 distance 33
0 193 155 500 541 
Vertex 542 distance 37
0 193 155 209 263 150 620 542 
Vertex 543 distance 32
0 90 297 97 468 480 543 
Vertex 544 distance 24
0 193 211 459 544 
Vertex 545 distance 31
0 193 378 545 
Vertex 546 distance 39
0 193 211 518 598 546 
Vertex 547 distance 40
0 193 155 500 158 313 547 
Vertex 548 distance 40
0 90 297 97 468 79 548 
Vertex 549 distance 46
0 193 211 459 549 
Vertex 550 distance 39
0 193 211 438 256 550 
Vertex 551 distance 42
0 238 511 513 470 551 
Vertex 552 distance 37
0 90 54 367 250 552 
Vertex 553 distance 34
0 193 211 459 544 415 277 126 553 
Vertex 554 distance 38
0 238 511 513 470 292 554 
Vertex 555 distance 35
0 193 211 10 449 630 555 
Vertex 556 distance 42
0 270 556 
Vertex 557 distance 33
0 193 64 116 16 557 
Vertex 558 distance 45
0 193 211 260 558 
Vertex 559 distance 38
0 193 155 360 21 607 559 
Vertex 560 distance 39
0 193 155 209 445 560 
Vertex 561 distance 50
0 193 211 489 195 105 95 11 461 561 
Vertex 562 distance 37
0 90 578 562 
Vertex 563 distance 44
0 193 155 209 445 560 563 
Vertex 564 distance 32
0 193 155 500 158 313 114 564 
Vertex 565 distance 52
0 193 64 639 226 432 261 291 565 
Vertex 566 distance 45
0 238 511 272 566 
Vertex 567 distance 44
0 193 211 10 206 358 402 567 
Vertex 568 distance 43
0 193 155 360 176 568 
Vertex 569 distance 30
0 193 211 10 2 569 
Vertex 570 distance 37
0 193 211 518 204 570 
Vertex 571 distance 46
0 90 54 367 250 552 571 
Vertex 572 distance 43
0 193 211 438 363 290 306 572 
Vertex 573 distance 46
0 90 54 504 346 573 
Vertex 574 distance 43
0 193 155 209 445 495 316 574 
Vertex 575 distance 52
0 193 155 360 21 145 125 46 408 575 
Vertex 576 distance 38
0 90 284 576 
Vertex 577 distance 36
0 238 23 441 577 
Vertex 578 distance 22
0 90 578 
Vertex 579 distance 39
0 90 284 532 579 
Vertex 580 distance 39
0 193 211 489 195 159 580 
Vertex 581 distance 41
0 193 155 500 158 335 524 44 338 581 
Vertex 582 distance 34
0 90 297 97 468 480 543 582 
Vertex 583 distance 36
0 193 211 459 544 415 277 583 
Vertex 584 distance 36
0 193 155 500 158 335 524 584 
Vertex 585 distance 30
0 193 211 601 585 
Vertex 586 distance 51
0 193 64 639 137 537 106 586 
Vertex 587 distance 33
0 193 211 459 587 
Vertex 588 distance 42
0 193 211 257 343 588 
Vertex 589 distance 35
0 193 211 124 589 
Vertex 590 distance 46
0 193 155 360 21 145 590 
Vertex 591 distance 33
0 90 297 99 591 
Vertex 592 distance 39
0 193 211 459 544 415 277 583 15 592 
Vertex 593 distance 40
0 238 511 13 345 593 
Vertex 594 distance 43
0 193 155 209 445 341 594 
Vertex 595 distance 40
0 90 284 532 579 595 
Vertex 596 distance 34
0 90 297 97 631 596 
Vertex 597 distance 47
0 193 155 360 21 607 559 597 
Vertex 598 distance 23
0 193 211 518 598 
Vertex 599 distance 39
0 193 211 518 204 599 
Vertex 600 distance 40
0 193 211 459 361 42 600 
Vertex 601 distance 29
0 193 211 601 
Vertex 602 distance 40
0 193 155 360 21 145 293 167 602 
Vertex 603 distance 35
0 193 155 360 21 145 125 603 
Vertex 604 distance 39
0 193 155 209 445 208 604 
Vertex 605 distance 40
0 193 378 545 605 
Vertex 606 distance 40
0 193 211 459 544 415 280 632 70 606 
Vertex 607 distance 28
0 193 155 360 21 607 
Vertex 608 distance 35
0 193 211 10 355 608 
Vertex 609 distance 36
0 193 155 209 445 341 609 
Vertex 610 distance 40
0 193 211 438 256 610 
Vertex 611 distance 34
0 193 211 10 2 141 611 
Vertex 612 distance 37
0 193 211 522 612 
Vertex 613 distance 38
0 90 54 504 507 613 
Vertex 614 distance 51
0 193 211 10 206 358 402 154 207 93 614 
Vertex 615 distance 36
0 193 378 615 
Vertex 616 distance 45
0 193 155 500 158 335 524 44 616 
Vertex 617 distance 41
0 193 211 489 195 105 497 43 617 
Vertex 618 distance 45
0 193 155 500 158 335 618 
Vertex 619 distance 45
0 193 155 209 445 495 316 625 619 
Vertex 620 distance 35
0 193 155 209 263 150 620 
Vertex 621 distance 42
0 193 211 459 544 516 621 
Vertex 622 distance 33
0 90 284 622 
Vertex 623 distance 44
0 90 578 562 623 
Vertex 624 distance 35
0 90 54 624 
Vertex 625 distance 35
0 193 155 209 445 495 316 625 
Vertex 626 distance 36
0 193 155 209 445 495 398 626 
Vertex 627 distance 25
0 90 578 627 
Vertex 628 distance 41
0 193 155 500 158 335 628 
Vertex 629 distance 40
0 193 211 10 2 141 536 53 488 629 
Vertex 630 distance 33
0 193 211 10 449 630 
Vertex 631 distance 28
0 90 297 97 631 
Vertex 632 distance 35
0 193 211 459 544 415 280 632 
Vertex 633 distance 41
0 90 284 8 217 527 633 
Vertex 634 distance 41
0 193 211 459 361 42 600 634 
Vertex 635 distance 44
0 90 297 482 635 
Vertex 636 distance 38
0 193 211 10 2 569 636 
Vertex 637 distance 58
0 90 284 8 72 637 
Vertex 638 distance 41
0 90 297 638 
Vertex 639 distance 24
0 193 64 639 
