Vertex 0 distance 0
0 0 
Vertex 1 distance 15
0 343 589 358 202 1 
Vertex 2 distance 21
0 343 32 87 10 453 215 2 
Vertex 3 distance 22
0 343 589 203 542 14 3 
Vertex 4 distance 21
0 343 589 626 385 4 
Vertex 5 distance 18
0 343 589 358 113 608 489 167 5 
Vertex 6 distance 21
0 343 589 358 348 114 366 544 591 571 281 364 6 
Vertex 7 distance 29
0 343 100 529 258 612 470 606 7 
Vertex 8 distance 20
0 343 589 28 505 568 288 8 
Vertex 9 distance 20
0 343 589 626 402 311 250 296 515 9 
Vertex 10 distance 10
0 343 32 87 10 
Vertex 11 distance 22
0 343 589 626 11 
Vertex 12 distance 20
0 343 589 28 505 568 288 12 
Vertex 13 distance 20
0 343 589 358 113 13 
Vertex 14 distance 19
0 343 589 203 542 14 
Vertex 15 distance 24
0 128 473 18 15 
Vertex 16 distance 17
0 343 589 626 402 373 16 
Vertex 17 distance 26
0 343 589 604 521 355 17 
Vertex 18 distance 15
0 128 473 18 
Vertex 19 distance 18
0 343 100 529 258 612 104 201 19 
Vertex 20 distance 19
0 343 589 358 348 114 450 161 280 20 
Vertex 21 distance 12
0 343 589 358 348 114 366 21 
Vertex 22 distance 13
0 343 291 22 
Vertex 23 distance 22
0 343 589 358 348 114 366 23 
Vertex 24 distance 16
0 343 32 87 152 24 
Vertex 25 distance 15
0 251 25 
Vertex 26 distance 19
0 343 32 577 618 26 
Vertex 27 distance 20
0 343 589 28 505 568 288 315 27 
Vertex 28 distance 6
0 343 589 28 
Vertex 29 distance 14
0 343 589 102 133 29 
Vertex 30 distance 21
0 128 622 350 30 
Vertex 31 distance 21
0 128 325 506 31 
Vertex 32 distance 5
0 343 32 
Vertex 33 distance 21
0 343 100 274 94 33 
Vertex 34 distance 18
0 155 592 34 
Vertex 35 distance 17
0 343 32 87 152 449 35 
Vertex 36 distance 22
0 343 100 529 258 612 387 497 249 379 36 
Vertex 37 distance 21
0 343 32 87 469 459 37 
Vertex 38 distance 22
0 343 32 87 152 180 160 395 38 
Vertex 39 distance 18
0 343 100 529 182 513 39 
Vertex 40 distance 18
0 343 32 87 152 130 40 
Vertex 41 distance 12
0 343 589 626 402 41 
Vertex 42 distance 19
0 343 589 626 402 376 83 360 42 
Vertex 43 distance 19
0 128 615 43 
Vertex 44 distance 19
0 343 589 626 402 376 540 44 
Vertex 45 distance 15
0 343 32 87 152 180 160 45 
Vertex 46 distance 17
0 128 325 46 
Vertex 47 distance 16
0 343 589 626 402 376 178 47 
Vertex 48 distance 23
0 343 32 87 469 459 425 282 539 48 
Vertex 49 distance 17
0 343 100 529 258 612 387 497 49 
Vertex 50 distance 17
0 343 589 626 402 376 455 583 50 
Vertex 51 distance 20
0 343 589 358 202 415 523 443 51 
Vertex 52 distance 14
0 343 589 626 402 376 344 52 
Vertex 53 distance 16
0 251 314 53 
Vertex 54 distance 14
0 343 589 358 348 114 637 54 
Vertex 55 distance 21
0 343 589 626 402 376 344 52 55 
Vertex 56 distance 18
0 128 615 56 
Vertex 57 distance 21
0 343 589 358 113 608 489 167 57 
Vertex 58 distance 22
0 343 100 176 500 58 
Vertex 59 distance 25
0 155 599 442 197 59 
Vertex 60 distance 19
0 343 32 87 10 60 
Vertex 61 distance 22
0 128 615 43 61 
Vertex 62 distance 16
0 343 32 87 62 
Vertex 63 distance 17
0 155 599 63 
Vertex 64 distance 16
0 343 32 87 469 459 64 
Vertex 65 distance 23
0 343 589 626 402 311 250 88 65 
Vertex 66 distance 16
0 155 592 66 
Vertex 67 distance 16
0 343 589 626 402 376 178 309 67 
Vertex 68 distance 21
0 343 100 176 244 68 
Vertex 69 distance 18
0 343 100 529 258 612 387 497 69 
Vertex 70 distance 18
0 343 589 626 402 41 70 
Vertex 71 distance 18
0 343 589 358 348 114 366 204 71 
Vertex 72 distance 21
0 343 589 626 402 311 250 88 72 
Vertex 73 distance 22
0 343 32 577 149 279 447 73 
Vertex 74 distance 21
0 343 589 358 348 114 450 161 280 74 
Vertex 75 distance 26
0 343 589 358 348 114 366 204 163 461 561 75 
Vertex 76 distance 16
0 343 589 358 348 114 637 76 
Vertex 77 distance 21
0 343 100 86 462 77 
Vertex 78 distance 21
0 343 100 529 182 513 239 78 
Vertex 79 distance 17
0 343 32 87 10 111 117 79 
Vertex 80 distance 19
0 343 589 626 402 41 80 
Vertex 81 distance 28
0 343 100 270 218 81 
Vertex 82 distance 23
0 343 589 604 194 302 547 417 375 82 
Vertex 83 distance 15
0 343 589 626 402 376 83 
Vertex 84 distance 19
0 155 592 34 84 
Vertex 85 distance 21
0 343 589 358 113 608 489 167 5 85 
Vertex 86 distance 17
0 343 100 86 
Vertex 87 distance 7
0 343 32 87 
Vertex 88 distance 17
0 343 589 626 402 311 250 88 
Vertex 89 distance 13
0 343 32 577 89 
Vertex 90 distance 19
0 343 589 626 402 311 593 90 
Vertex 91 distance 21
0 343 32 87 10 111 117 91 
Vertex 92 distance 20
0 343 589 358 348 92 
Vertex 93 distance 21
0 343 100 529 258 612 387 497 249 93 
Vertex 94 distance 16
0 343 100 274 94 
Vertex 95 distance 19
0 343 32 382 95 
Vertex 96 distance 17
0 343 589 358 380 96 
Vertex 97 distance 19
0 343 589 626 402 376 631 174 227 97 
Vertex 98 distance 20
0 343 589 358 98 
Vertex 99 distance 23
0 343 32 87 10 111 117 538 99 
Vertex 100 distance 6
0 343 100 
Vertex 101 distance 25
0 343 589 358 202 474 205 286 101 
Vertex 102 distance 7
0 343 589 102 
Vertex 103 distance 18
0 343 100 529 258 612 387 497 320 103 
Vertex 104 distance 15
0 343 100 529 258 612 104 
Vertex 105 distance 14
0 343 589 358 348 114 105 
Vertex 106 distance 23
0 343 589 604 194 302 547 106 
Vertex 107 distance 21
0 343 32 87 10 111 117 576 107 
Vertex 108 distance 17
0 343 32 240 108 
Vertex 109 distance 16
0 251 25 109 
Vertex 110 distance 29
0 343 589 604 194 110 
Vertex 111 distance 14
0 343 32 87 10 111 
Vertex 112 distance 19
0 343 589 626 402 311 250 438 541 112 
Vertex 113 distance 12
0 343 589 358 113 
Vertex 114 distance 9
0 343 589 358 348 114 
Vertex 115 distance 18
0 343 589 626 402 376 540 115 
Vertex 116 distance 14
0 343 589 626 402 376 631 116 
Vertex 117 distance 15
0 343 32 87 10 111 117 
Vertex 118 distance 20
0 343 291 530 422 118 
Vertex 119 distance 21
0 343 589 604 194 302 547 417 375 475 119 
Vertex 120 distance 19
0 343 32 577 149 423 192 120 
Vertex 121 distance 19
0 343 589 358 113 608 489 167 121 
Vertex 122 distance 19
0 343 589 626 402 373 16 154 122 
Vertex 123 distance 21
0 343 589 358 348 114 366 21 546 123 
Vertex 124 distance 17
0 343 100 274 124 
Vertex 125 distance 19
0 343 589 626 402 295 125 
Vertex 126 distance 20
0 343 32 382 126 
Vertex 127 distance 13
0 343 32 87 127 
Vertex 128 distance 11
0 128 
Vertex 129 distance 15
0 343 100 129 
Vertex 130 distance 14
0 343 32 87 152 130 
Vertex 131 distance 19
0 343 100 529 258 612 104 201 131 
Vertex 132 distance 19
0 343 589 358 202 415 132 
Vertex 133 distance 12
0 343 589 102 133 
Vertex 134 distance 19
0 343 100 176 232 134 
Vertex 135 distance 22
0 343 589 626 402 376 178 135 
Vertex 136 distance 16
0 343 32 577 149 279 136 
Vertex 137 distance 17
0 343 291 530 422 403 137 
Vertex 138 distance 19
0 343 100 529 258 612 104 201 138 
Vertex 139 distance 20
0 343 589 626 402 41 141 139 
Vertex 140 distance 25
0 343 589 626 402 376 631 116 277 140 
Vertex 141 distance 17
0 343 589 626 402 41 141 
Vertex 142 distance 20
0 343 589 626 402 376 455 583 508 142 
Vertex 143 distance 15
0 343 589 626 402 373 435 143 
Vertex 144 distance 18
0 343 589 102 133 217 171 144 
Vertex 145 distance 21
0 343 589 102 133 217 145 
Vertex 146 distance 22
0 343 589 358 348 114 450 161 280 146 
Vertex 147 distance 17
0 343 589 358 348 147 
Vertex 148 distance 21
0 343 589 626 402 376 344 365 148 
Vertex 149 distance 13
0 343 32 577 149 
Vertex 150 distance 19
0 128 325 46 588 150 
Vertex 151 distance 19
0 343 589 604 194 329 151 
Vertex 152 distance 10
0 343 32 87 152 
Vertex 153 distance 18
0 343 32 87 10 111 153 
Vertex 154 distance 18
0 343 589 626 402 373 16 154 
Vertex 155 distance 6
0 155 
Vertex 156 distance 22
0 343 589 626 402 376 83 360 42 156 
Vertex 157 distance 20
0 343 32 87 152 24 157 
Vertex 158 distance 15
0 343 589 626 402 352 158 
Vertex 159 distance 18
0 343 589 626 402 376 455 367 159 
Vertex 160 distance 13
0 343 32 87 152 180 160 
Vertex 161 distance 16
0 343 589 358 348 114 450 161 
Vertex 162 distance 20
0 343 589 626 402 311 250 162 
Vertex 163 distance 14
0 343 589 358 348 114 366 204 163 
Vertex 164 distance 12
0 343 291 164 
Vertex 165 distance 18
0 343 589 626 402 311 250 253 165 
Vertex 166 distance 21
0 343 32 87 152 449 35 166 
Vertex 167 distance 17
0 343 589 358 113 608 489 167 
Vertex 168 distance 21
0 343 589 358 202 415 132 168 
Vertex 169 distance 17
0 343 32 87 152 130 248 169 
Vertex 170 distance 23
0 155 599 170 
Vertex 171 distance 17
0 343 589 102 133 217 171 
Vertex 172 distance 20
0 251 25 172 
Vertex 173 distance 22
0 343 589 358 348 114 366 544 591 571 281 364 173 
Vertex 174 distance 14
0 343 589 626 402 376 631 174 
Vertex 175 distance 16
0 343 589 102 133 175 
Vertex 176 distance 13
0 343 100 176 
Vertex 177 distance 20
0 128 371 177 
Vertex 178 distance 14
0 343 589 626 402 376 178 
Vertex 179 distance 24
0 343 32 87 10 453 323 179 
Vertex 180 distance 12
0 343 32 87 152 180 
Vertex 181 distance 21
0 251 220 400 181 
Vertex 182 distance 15
0 343 100 529 182 
Vertex 183 distance 17
0 128 615 183 
Vertex 184 distance 24
0 343 100 86 462 184 
Vertex 185 distance 13
0 343 32 87 152 185 
Vertex 186 distance 23
0 343 32 577 149 600 434 186 
Vertex 187 distance 20
0 343 589 604 194 329 440 526 287 187 
Vertex 188 distance 21
0 343 589 358 348 114 450 161 280 188 
Vertex 189 distance 17
0 343 589 626 402 373 435 189 
Vertex 190 distance 17
0 128 615 190 
Vertex 191 distance 21
0 343 589 626 402 376 540 115 191 
Vertex 192 distance 18
0 343 32 577 149 423 192 
Vertex 193 distance 18
0 343 589 358 113 608 193 
Vertex 194 distance 11
0 343 589 604 194 
Vertex 195 distance 17
0 343 589 28 246 195 
Vertex 196 distance 17
0 343 100 176 232 196 
Vertex 197 distance 20
0 155 599 442 197 
Vertex 198 distance 20
0 343 32 577 149 279 447 563 198 
Vertex 199 distance 20
0 343 589 626 402 41 456 199 
Vertex 200 distance 22
0 343 589 604 200 
Vertex 201 distance 16
0 343 100 529 258 612 104 201 
Vertex 202 distance 11
0 343 589 358 202 
Vertex 203 distance 11
0 343 589 203 
Vertex 204 distance 13
0 343 589 358 348 114 366 204 
Vertex 205 distance 14
0 343 589 358 202 474 205 
Vertex 206 distance 20
0 343 589 358 202 474 206 
Vertex 207 distance 20
0 266 414 222 207 
Vertex 208 distance 21
0 343 589 28 208 
Vertex 209 distance 20
0 343 32 87 10 111 117 209 
Vertex 210 distance 22
0 343 589 626 402 311 250 210 
Vertex 211 distance 27
0 343 100 557 479 211 
Vertex 212 distance 23
0 343 589 358 202 1 275 212 
Vertex 213 distance 20
0 343 589 358 380 96 303 213 
Vertex 214 distance 17
0 343 589 358 348 114 366 204 214 
Vertex 215 distance 19
0 343 32 87 10 453 215 
Vertex 216 distance 19
0 343 589 358 113 346 216 
Vertex 217 distance 15
0 343 589 102 133 217 
Vertex 218 distance 20
0 343 100 270 218 
Vertex 219 distance 19
0 343 32 87 152 180 160 219 
Vertex 220 distance 18
0 251 220 
Vertex 221 distance 22
0 343 589 626 402 311 221 
Vertex 222 distance 18
0 266 414 222 
Vertex 223 distance 19
0 343 589 358 348 114 637 54 223 
Vertex 224 distance 20
0 343 589 102 133 217 224 
Vertex 225 distance 17
0 155 592 225 
Vertex 226 distance 24
0 251 359 226 
Vertex 227 distance 18
0 343 589 626 402 376 631 174 227 
Vertex 228 distance 19
0 343 589 626 402 376 344 342 228 
Vertex 229 distance 22
0 343 589 28 505 229 
Vertex 230 distance 21
0 343 589 626 402 311 593 90 230 
Vertex 231 distance 16
0 343 32 87 152 180 231 
Vertex 232 distance 15
0 343 100 176 232 
Vertex 233 distance 16
0 343 589 626 402 311 233 
Vertex 234 distance 22
0 343 291 530 422 403 137 419 234 
Vertex 235 distance 20
0 343 32 577 149 279 235 
Vertex 236 distance 17
0 343 100 176 236 
Vertex 237 distance 21
0 343 100 529 584 237 
Vertex 238 distance 22
0 343 100 529 573 238 
Vertex 239 distance 19
0 343 100 529 182 513 239 
Vertex 240 distance 14
0 343 32 240 
Vertex 241 distance 20
0 128 473 18 254 241 
Vertex 242 distance 18
0 343 32 87 469 459 406 242 
Vertex 243 distance 17
0 343 589 463 243 
Vertex 244 distance 16
0 343 100 176 244 
Vertex 245 distance 22
0 343 291 164 245 
Vertex 246 distance 13
0 343 589 28 246 
Vertex 247 distance 21
0 343 589 626 402 311 250 438 541 247 
Vertex 248 distance 15
0 343 32 87 152 130 248 
Vertex 249 distance 16
0 343 100 529 258 612 387 497 249 
Vertex 250 distance 15
0 343 589 626 402 311 250 
Vertex 251 distance 6
0 251 
Vertex 252 distance 29
0 343 32 87 10 111 117 252 
Vertex 253 distance 17
0 343 589 626 402 311 250 253 
Vertex 254 distance 17
0 128 473 18 254 
Vertex 255 distance 22
0 343 32 87 469 459 406 255 
Vertex 256 distance 17
0 343 589 358 348 570 256 
Vertex 257 distance 23
0 343 589 604 194 329 440 526 313 257 
Vertex 258 distance 11
0 343 100 529 258 
Vertex 259 distance 23
0 343 32 87 469 305 466 259 
Vertex 260 distance 25
0 343 32 87 10 453 567 260 
Vertex 261 distance 20
0 343 589 358 348 114 637 76 261 
Vertex 262 distance 20
0 343 589 358 202 262 
Vertex 263 distance 17
0 343 589 626 402 352 263 
Vertex 264 distance 19
0 343 32 87 10 111 153 264 
Vertex 265 distance 16
0 343 589 626 402 376 631 174 265 
Vertex 266 distance 12
0 266 
Vertex 267 distance 19
0 343 32 87 469 267 
Vertex 268 distance 15
0 343 100 529 258 612 387 497 268 
Vertex 269 distance 17
0 343 589 358 202 1 275 269 
Vertex 270 distance 18
0 343 100 270 
Vertex 271 distance 26
0 343 589 626 402 352 271 
Vertex 272 distance 19
0 343 32 240 108 272 
Vertex 273 distance 20
0 343 589 463 392 331 273 
Vertex 274 distance 14
0 343 100 274 
Vertex 275 distance 16
0 343 589 358 202 1 275 
Vertex 276 distance 18
0 343 589 626 402 376 83 360 276 
Vertex 277 distance 19
0 343 589 626 402 376 631 116 277 
Vertex 278 distance 22
0 343 100 557 479 278 
Vertex 279 distance 15
0 343 32 577 149 279 
Vertex 280 distance 17
0 343 589 358 348 114 450 161 280 
Vertex 281 distance 17
0 343 589 358 348 114 366 544 591 571 281 
Vertex 282 distance 17
0 343 32 87 469 459 425 282 
Vertex 283 distance 18
0 343 589 626 402 376 344 483 468 283 
Vertex 284 distance 16
0 343 589 28 505 284 
Vertex 285 distance 18
0 343 291 471 285 
Vertex 286 distance 16
0 343 589 358 202 474 205 286 
Vertex 287 distance 17
0 343 589 604 194 329 440 526 287 
Vertex 288 distance 17
0 343 589 28 505 568 288 
Vertex 289 distance 21
0 343 589 626 402 311 250 289 
Vertex 290 distance 19
0 155 599 63 290 
Vertex 291 distance 11
0 343 291 
Vertex 292 distance 16
0 343 589 358 202 1 292 
Vertex 293 distance 23
0 343 589 28 505 560 293 
Vertex 294 distance 17
0 343 589 604 194 329 294 
Vertex 295 distance 17
0 343 589 626 402 295 
Vertex 296 distance 16
0 343 589 626 402 311 250 296 
Vertex 297 distance 12
0 343 589 297 
Vertex 298 distance 18
0 343 589 463 243 298 
Vertex 299 distance 22
0 343 100 529 258 612 104 299 
Vertex 300 distance 17
0 343 589 626 402 376 83 300 
Vertex 301 distance 19
0 343 589 604 521 301 
Vertex 302 distance 12
0 343 589 604 194 302 
Vertex 303 distance 19
0 343 589 358 380 96 303 
Vertex 304 distance 19
0 155 592 34 304 
Vertex 305 distance 19
0 343 32 87 469 305 
Vertex 306 distance 19
0 343 589 626 385 430 306 
Vertex 307 distance 19
0 343 589 358 202 415 523 307 
Vertex 308 distance 18
0 343 589 626 402 41 141 308 
Vertex 309 distance 15
0 343 589 626 402 376 178 309 
Vertex 310 distance 16
0 343 589 626 402 352 158 310 
Vertex 311 distance 12
0 343 589 626 402 311 
Vertex 312 distance 20
0 343 589 358 113 608 489 611 312 
Vertex 313 distance 17
0 343 589 604 194 329 440 526 313 
Vertex 314 distance 15
0 251 314 
Vertex 315 distance 18
0 343 589 28 505 568 288 315 
Vertex 316 distance 21
0 343 589 604 194 302 547 417 316 
Vertex 317 distance 14
0 343 32 87 152 185 317 
Vertex 318 distance 18
0 343 589 358 380 96 318 
Vertex 319 distance 18
0 343 100 129 319 
Vertex 320 distance 17
0 343 100 529 258 612 387 497 320 
Vertex 321 distance 19
0 343 589 626 402 373 16 321 
Vertex 322 distance 20
0 343 589 628 630 587 322 
Vertex 323 distance 20
0 343 32 87 10 453 323 
Vertex 324 distance 19
0 343 589 28 324 
Vertex 325 distance 15
0 128 325 
Vertex 326 distance 24
0 343 589 626 402 376 344 483 468 326 
Vertex 327 distance 20
0 343 589 203 542 14 327 
Vertex 328 distance 19
0 343 32 87 152 449 517 328 
Vertex 329 distance 14
0 343 589 604 194 329 
Vertex 330 distance 22
0 343 100 529 182 513 330 
Vertex 331 distance 18
0 343 589 463 392 331 
Vertex 332 distance 20
0 343 589 463 332 
Vertex 333 distance 20
0 343 32 87 469 459 406 242 454 333 
Vertex 334 distance 19
0 343 589 628 630 587 334 
Vertex 335 distance 21
0 343 100 529 258 612 387 497 335 
Vertex 336 distance 20
0 343 32 87 10 336 
Vertex 337 distance 18
0 343 589 626 402 376 178 309 337 
Vertex 338 distance 18
0 343 589 626 402 311 250 296 515 338 
Vertex 339 distance 21
0 343 589 358 348 114 450 161 280 20 339 
Vertex 340 distance 18
0 340 
Vertex 341 distance 15
0 343 589 626 402 376 631 341 
Vertex 342 distance 15
0 343 589 626 402 376 344 342 
Vertex 343 distance 3
0 343 
Vertex 344 distance 13
0 343 589 626 402 376 344 
Vertex 345 distance 17
0 343 589 628 345 
Vertex 346 distance 16
0 343 589 358 113 346 
Vertex 347 distance 22
0 343 100 529 182 513 39 347 
Vertex 348 distance 7
0 343 589 358 348 
Vertex 349 distance 22
0 343 32 87 10 111 117 91 349 
Vertex 350 distance 16
0 128 622 350 
Vertex 351 distance 20
0 343 100 529 182 513 239 351 
Vertex 352 distance 12
0 343 589 626 402 352 
Vertex 353 distance 19
0 343 100 86 353 
Vertex 354 distance 20
0 343 100 529 258 354 
Vertex 355 distance 20
0 343 589 604 521 355 
Vertex 356 distance 25
0 343 100 529 258 612 387 497 69 356 
Vertex 357 distance 18
0 343 589 358 348 147 357 
Vertex 358 distance 6
0 343 589 358 
Vertex 359 distance 13
0 251 359 
Vertex 360 distance 16
0 343 589 626 402 376 83 360 
Vertex 361 distance 20
0 343 100 274 94 617 361 
Vertex 362 distance 19
0 343 32 87 152 362 
Vertex 363 distance 15
0 343 100 529 476 363 
Vertex 364 distance 19
0 343 589 358 348 114 366 544 591 571 281 364 
Vertex 365 distance 18
0 343 589 626 402 376 344 365 
Vertex 366 distance 10
0 343 589 358 348 114 366 
Vertex 367 distance 17
0 343 589 626 402 376 455 367 
Vertex 368 distance 21
0 343 589 28 368 
Vertex 369 distance 17
0 343 589 626 402 376 83 369 
Vertex 370 distance 18
0 343 589 358 348 570 256 370 
Vertex 371 distance 16
0 128 371 
Vertex 372 distance 27
0 155 592 34 84 372 
Vertex 373 distance 13
0 343 589 626 402 373 
Vertex 374 distance 19
0 343 100 274 374 
Vertex 375 distance 18
0 343 589 604 194 302 547 417 375 
Vertex 376 distance 12
0 343 589 626 402 376 
Vertex 377 distance 20
0 343 100 529 258 612 104 201 138 377 
Vertex 378 distance 18
0 343 589 626 385 378 
Vertex 379 distance 20
0 343 100 529 258 612 387 497 249 379 
Vertex 380 distance 15
0 343 589 358 380 
Vertex 381 distance 21
0 343 589 626 402 373 16 321 381 
Vertex 382 distance 15
0 343 32 382 
Vertex 383 distance 22
0 343 100 274 124 383 
Vertex 384 distance 19
0 343 589 604 194 302 547 384 
Vertex 385 distance 12
0 343 589 626 385 
Vertex 386 distance 20
0 343 32 87 469 459 425 386 
Vertex 387 distance 13
0 343 100 529 258 612 387 
Vertex 388 distance 20
0 343 100 176 232 134 388 
Vertex 389 distance 16
0 343 589 358 113 608 389 
Vertex 390 distance 15
0 343 589 626 385 430 390 
Vertex 391 distance 21
0 343 589 463 243 298 391 
Vertex 392 distance 16
0 343 589 463 392 
Vertex 393 distance 17
0 343 589 604 194 329 440 393 
Vertex 394 distance 19
0 343 100 529 448 394 
Vertex 395 distance 18
0 343 32 87 152 180 160 395 
Vertex 396 distance 19
0 343 589 626 402 376 83 360 276 396 
Vertex 397 distance 15
0 343 32 87 127 397 
Vertex 398 distance 21
0 343 589 358 113 608 489 611 398 
Vertex 399 distance 18
0 343 589 358 348 114 366 544 591 571 399 
Vertex 400 distance 20
0 251 220 400 
Vertex 401 distance 21
0 343 589 28 505 568 288 512 401 
Vertex 402 distance 11
0 343 589 626 402 
Vertex 403 distance 16
0 343 291 530 422 403 
Vertex 404 distance 20
0 251 564 404 
Vertex 405 distance 18
0 343 589 626 402 373 435 189 405 
Vertex 406 distance 16
0 343 32 87 469 459 406 
Vertex 407 distance 20
0 343 589 358 348 114 366 21 546 407 
Vertex 408 distance 19
0 343 589 102 133 217 408 
Vertex 409 distance 22
0 343 589 358 348 114 637 54 409 
Vertex 410 distance 20
0 343 589 358 348 114 450 410 
Vertex 411 distance 19
0 343 589 358 348 570 411 
Vertex 412 distance 17
0 343 100 529 258 412 
Vertex 413 distance 23
0 343 32 382 126 413 
Vertex 414 distance 16
0 266 414 
Vertex 415 distance 16
0 343 589 358 202 415 
Vertex 416 distance 22
0 343 291 471 285 416 
Vertex 417 distance 15
0 343 589 604 194 302 547 417 
Vertex 418 distance 19
0 343 589 626 402 376 540 418 
Vertex 419 distance 18
0 343 291 530 422 403 137 419 
Vertex 420 distance 19
0 343 589 358 202 605 420 
Vertex 421 distance 15
0 343 589 297 421 
Vertex 422 distance 15
0 343 291 530 422 
Vertex 423 distance 16
0 343 32 577 149 423 
Vertex 424 distance 26
0 343 589 604 424 
Vertex 425 distance 15
0 343 32 87 469 459 425 
Vertex 426 distance 12
0 128 426 
Vertex 427 distance 17
0 343 589 626 402 376 631 427 
Vertex 428 distance 12
0 343 589 604 194 428 
Vertex 429 distance 18
0 343 589 626 402 376 83 369 429 
Vertex 430 distance 13
0 343 589 626 385 430 
Vertex 431 distance 24
0 343 589 358 431 
Vertex 432 distance 17
0 343 589 628 432 
Vertex 433 distance 19
0 343 589 358 113 608 433 
Vertex 434 distance 18
0 343 32 577 149 600 434 
Vertex 435 distance 14
0 343 589 626 402 373 435 
Vertex 436 distance 26
0 251 436 
Vertex 437 distance 19
0 343 589 358 348 114 637 76 437 
Vertex 438 distance 16
0 343 589 626 402 311 250 438 
Vertex 439 distance 16
0 343 32 87 152 449 439 
Vertex 440 distance 15
0 343 589 604 194 329 440 
Vertex 441 distance 22
0 128 473 18 254 441 
Vertex 442 distance 17
0 155 599 442 
Vertex 443 distance 18
0 343 589 358 202 415 523 443 
Vertex 444 distance 14
0 343 291 22 444 
Vertex 445 distance 20
0 343 589 604 521 445 
Vertex 446 distance 24
0 343 32 577 89 480 446 
Vertex 447 distance 18
0 343 32 577 149 279 447 
Vertex 448 distance 14
0 343 100 529 448 
Vertex 449 distance 15
0 343 32 87 152 449 
Vertex 450 distance 15
0 343 589 358 348 114 450 
Vertex 451 distance 20
0 343 589 358 348 114 450 451 
Vertex 452 distance 22
0 128 325 452 
Vertex 453 distance 13
0 343 32 87 10 453 
Vertex 454 distance 19
0 343 32 87 469 459 406 242 454 
Vertex 455 distance 13
0 343 589 626 402 376 455 
Vertex 456 distance 17
0 343 589 626 402 41 456 
Vertex 457 distance 19
0 343 589 358 348 147 357 457 
Vertex 458 distance 25
0 343 32 87 127 458 
Vertex 459 distance 13
0 343 32 87 469 459 
Vertex 460 distance 19
0 343 589 358 113 608 460 
Vertex 461 distance 15
0 343 589 358 348 114 366 204 163 461 
Vertex 462 distance 20
0 343 100 86 462 
Vertex 463 distance 13
0 343 589 463 
Vertex 464 distance 16
0 343 589 358 348 114 366 544 464 
Vertex 465 distance 20
0 343 589 626 402 376 178 47 465 
Vertex 466 distance 21
0 343 32 87 469 305 466 
Vertex 467 distance 27
0 343 589 358 113 608 489 611 398 467 
Vertex 468 distance 17
0 343 589 626 402 376 344 483 468 
Vertex 469 distance 12
0 343 32 87 469 
Vertex 470 distance 18
0 343 100 529 258 612 470 
Vertex 471 distance 15
0 343 291 471 
Vertex 472 distance 15
0 343 589 358 348 114 366 204 472 
Vertex 473 distance 13
0 128 473 
Vertex 474 distance 13
0 343 589 358 202 474 
Vertex 475 distance 20
0 343 589 604 194 302 547 417 375 475 
Vertex 476 distance 12
0 343 100 529 476 
Vertex 477 distance 19
0 343 589 626 402 41 141 308 477 
Vertex 478 distance 17
0 343 589 626 402 352 158 310 478 
Vertex 479 distance 19
0 343 100 557 479 
Vertex 480 distance 17
0 343 32 577 89 480 
Vertex 481 distance 20
0 343 589 626 402 311 593 481 
Vertex 482 distance 22
0 343 589 626 402 376 83 360 276 396 482 
Vertex 483 distance 15
0 343 589 626 402 376 344 483 
Vertex 484 distance 18
0 343 32 87 127 397 484 
Vertex 485 distance 21
0 343 589 628 630 587 334 485 
Vertex 486 distance 20
0 343 589 626 385 378 486 
Vertex 487 distance 23
0 343 589 604 200 487 
Vertex 488 distance 18
0 343 589 628 345 488 
Vertex 489 distance 15
0 343 589 358 113 608 489 
Vertex 490 distance 20
0 343 589 626 402 311 593 490 
Vertex 491 distance 20
0 343 291 22 491 
Vertex 492 distance 21
0 343 32 87 10 492 
Vertex 493 distance 18
0 343 589 358 493 
Vertex 494 distance 25
0 343 589 626 402 376 631 174 227 494 
Vertex 495 distance 21
0 343 589 628 630 495 
Vertex 496 distance 21
0 343 32 87 10 453 567 496 
Vertex 497 distance 14
0 343 100 529 258 612 387 497 
Vertex 498 distance 20
0 343 589 626 402 376 455 367 498 
Vertex 499 distance 23
0 343 100 529 258 612 387 499 
Vertex 500 distance 19
0 343 100 176 500 
Vertex 501 distance 17
0 343 589 626 402 311 250 501 
Vertex 502 distance 22
0 343 589 358 113 346 216 502 
Vertex 503 distance 17
0 343 589 626 402 503 
Vertex 504 distance 19
0 343 589 358 202 415 504 
Vertex 505 distance 7
0 343 589 28 505 
Vertex 506 distance 20
0 128 325 506 
Vertex 507 distance 20
0 343 589 358 202 1 292 507 
Vertex 508 distance 17
0 343 589 626 402 376 455 583 508 
Vertex 509 distance 19
0 343 100 529 258 612 104 509 
Vertex 510 distance 18
0 343 589 626 402 311 510 
Vertex 511 distance 20
0 343 32 87 10 111 117 576 598 511 
Vertex 512 distance 19
0 343 589 28 505 568 288 512 
Vertex 513 distance 17
0 343 100 529 182 513 
Vertex 514 distance 20
0 343 589 358 202 474 205 629 514 
Vertex 515 distance 17
0 343 589 626 402 311 250 296 515 
Vertex 516 distance 21
0 343 589 626 402 41 70 516 
Vertex 517 distance 16
0 343 32 87 152 449 517 
Vertex 518 distance 19
0 343 589 626 402 311 250 253 165 518 
Vertex 519 distance 19
0 343 32 87 10 111 117 79 519 
Vertex 520 distance 21
0 343 589 626 402 373 16 321 520 
Vertex 521 distance 18
0 343 589 604 521 
Vertex 522 distance 18
0 343 589 358 113 346 522 
Vertex 523 distance 17
0 343 589 358 202 415 523 
Vertex 524 distance 21
0 343 32 382 95 524 
Vertex 525 distance 23
0 343 100 529 182 513 330 525 
Vertex 526 distance 16
0 343 589 604 194 329 440 526 
Vertex 527 distance 16
0 343 32 577 89 633 527 
Vertex 528 distance 17
0 343 589 28 505 568 528 
Vertex 529 distance 10
0 343 100 529 
Vertex 530 distance 13
0 343 291 530 
Vertex 531 distance 21
0 343 589 358 202 531 
Vertex 532 distance 27
0 128 473 18 639 532 
Vertex 533 distance 23
0 128 615 56 533 
Vertex 534 distance 28
0 343 291 530 422 403 534 
Vertex 535 distance 22
0 343 589 358 202 415 535 
Vertex 536 distance 19
0 343 589 604 194 329 294 536 
Vertex 537 distance 19
0 343 32 577 149 423 192 537 
Vertex 538 distance 18
0 343 32 87 10 111 117 538 
Vertex 539 distance 19
0 343 32 87 469 459 425 282 539 
Vertex 540 distance 15
0 343 589 626 402 376 540 
Vertex 541 distance 18
0 343 589 626 402 311 250 438 541 
Vertex 542 distance 16
0 343 589 203 542 
Vertex 543 distance 19
0 343 589 626 402 311 593 543 
Vertex 544 distance 12
0 343 589 358 348 114 366 544 
Vertex 545 distance 23
0 343 100 529 258 612 387 545 
Vertex 546 distance 15
0 343 589 358 348 114 366 21 546 
Vertex 547 distance 14
0 343 589 604 194 302 547 
Vertex 548 distance 21
0 343 100 529 258 612 104 201 548 
Vertex 549 distance 17
0 251 314 549 
Vertex 550 distance 21
0 155 592 34 550 
Vertex 551 distance 17
0 343 589 203 551 
Vertex 552 distance 22
0 343 100 176 552 
Vertex 553 distance 19
0 343 589 358 348 114 366 544 591 571 399 553 
Vertex 554 distance 20
0 251 314 549 554 
Vertex 555 distance 17
0 343 589 604 194 428 555 
Vertex 556 distance 25
0 343 100 529 258 612 387 497 268 556 
Vertex 557 distance 18
0 343 100 557 
Vertex 558 distance 16
0 343 589 626 402 352 558 
Vertex 559 distance 22
0 343 589 203 551 559 
Vertex 560 distance 15
0 343 589 28 505 560 
Vertex 561 distance 25
0 343 589 358 348 114 366 204 163 461 561 
Vertex 562 distance 20
0 343 32 87 10 111 153 264 562 
Vertex 563 distance 19
0 343 32 577 149 279 447 563 
Vertex 564 distance 17
0 251 564 
Vertex 565 distance 16
0 343 32 240 565 
Vertex 566 distance 21
0 343 589 358 202 415 523 566 
Vertex 567 distance 17
0 343 32 87 10 453 567 
Vertex 568 distance 14
0 343 589 28 505 568 
Vertex 569 distance 19
0 343 589 626 402 569 
Vertex 570 distance 13
0 343 589 358 348 570 
Vertex 571 distance 16
0 343 589 358 348 114 366 544 591 571 
Vertex 572 distance 20
0 128 325 46 588 150 572 
Vertex 573 distance 14
0 343 100 529 573 
Vertex 574 distance 22
0 343 589 626 402 311 250 501 574 
Vertex 575 distance 20
0 343 589 628 630 587 334 575 
Vertex 576 distance 16
0 343 32 87 10 111 117 576 
Vertex 577 distance 12
0 343 32 577 
Vertex 578 distance 19
0 343 589 28 505 568 288 315 578 
Vertex 579 distance 19
0 343 589 604 194 329 579 
Vertex 580 distance 18
0 155 599 580 
Vertex 581 distance 21
0 343 589 626 402 41 141 581 
Vertex 582 distance 25
0 343 589 626 402 376 83 360 276 396 482 582 
Vertex 583 distance 15
0 343 589 626 402 376 455 583 
Vertex 584 distance 18
0 343 100 529 584 
Vertex 585 distance 21
0 343 589 626 402 376 631 174 227 585 
Vertex 586 distance 16
0 343 32 87 152 180 586 
Vertex 587 distance 15
0 343 589 628 630 587 
Vertex 588 distance 18
0 128 325 46 588 
Vertex 589 distance 5
0 343 589 
Vertex 590 distance 23
0 343 589 358 348 114 450 161 280 188 590 
Vertex 591 distance 13
0 343 589 358 348 114 366 544 591 
Vertex 592 distance 14
0 155 592 
Vertex 593 distance 15
0 343 589 626 402 311 593 
Vertex 594 distance 22
0 343 589 102 133 29 594 
Vertex 595 distance 17
0 343 595 
Vertex 596 distance 19
0 343 589 626 402 376 178 596 
Vertex 597 distance 22
0 343 589 626 385 597 
Vertex 598 distance 18
0 343 32 87 10 111 117 576 598 
Vertex 599 distance 10
0 155 599 
Vertex 600 distance 16
0 343 32 577 149 600 
Vertex 601 distance 18
0 343 589 626 385 430 601 
Vertex 602 distance 19
0 343 589 626 402 376 83 360 602 
Vertex 603 distance 26
0 343 100 529 573 603 
Vertex 604 distance 6
0 343 589 604 
Vertex 605 distance 18
0 343 589 358 202 605 
Vertex 606 distance 25
0 343 100 529 258 612 470 606 
Vertex 607 distance 21
0 343 589 358 348 114 450 161 280 20 607 
Vertex 608 distance 13
0 343 589 358 113 608 
Vertex 609 distance 19
0 343 589 626 402 41 456 609 
Vertex 610 distance 21
0 343 589 28 505 568 288 315 27 610 
Vertex 611 distance 17
0 343 589 358 113 608 489 611 
Vertex 612 distance 12
0 343 100 529 258 612 
Vertex 613 distance 22
0 343 589 463 243 613 
Vertex 614 distance 23
0 343 32 87 10 111 117 538 614 
Vertex 615 distance 16
0 128 615 
Vertex 616 distance 24
0 343 100 176 552 616 
Vertex 617 distance 17
0 343 100 274 94 617 
Vertex 618 distance 18
0 343 32 577 618 
Vertex 619 distance 16
0 343 589 626 402 376 344 619 
Vertex 620 distance 25
0 343 589 297 421 620 
Vertex 621 distance 16
0 343 589 358 348 114 366 544 621 
Vertex 622 distance 15
0 128 622 
Vertex 623 distance 15
0 343 589 297 623 
Vertex 624 distance 23
0 343 589 358 202 415 132 624 
Vertex 625 distance 23
0 343 589 626 402 376 455 583 50 625 
Vertex 626 distance 10
0 343 589 626 
Vertex 627 distance 22
0 343 100 529 258 612 387 627 
Vertex 628 distance 11
0 343 589 628 
Vertex 629 distance 16
0 343 589 358 202 474 205 629 
Vertex 630 distance 14
0 343 589 628 630 
Vertex 631 distance 13
0 343 589 626 402 376 631 
Vertex 632 distance 17
0 343 589 358 202 415 632 
Vertex 633 distance 15
0 343 32 577 89 633 
Vertex 634 distance 19
0 343 589 358 202 634 
Vertex 635 distance 20
0 343 291 22 635 
Vertex 636 distance 27
0 343 589 626 402 311 250 296 515 9 636 
Vertex 637 distance 12
0 343 589 358 348 114 637 
Vertex 638 distance 16
0 343 100 529 258 638 
Vertex 639 distance 19
0 128 473 18 639 
