Vertex 0 distance 0
0 0 
Vertex 1 distance 41
0 575 251 534 1 
Vertex 2 distance 38
0 5 78 596 246 514 2 
Vertex 3 distance 33
0 5 78 451 141 129 162 120 3 
Vertex 4 distance 35
0 575 251 481 111 186 4 
Vertex 5 distance 10
0 5 
Vertex 6 distance 29
0 5 600 494 632 6 
Vertex 7 distance 35
0 5 78 451 263 42 400 279 7 
Vertex 8 distance 33
0 5 600 280 431 223 489 8 
Vertex 9 distance 33
0 5 600 577 456 9 
Vertex 10 distance 34
0 5 600 280 431 226 355 10 
Vertex 11 distance 32
0 5 78 451 589 11 
Vertex 12 distance 39
0 5 78 451 263 131 321 455 585 12 
Vertex 13 distance 29
0 575 251 370 143 234 13 
Vertex 14 distance 32
0 5 78 596 414 390 561 299 528 14 
Vertex 15 distance 38
0 5 600 280 204 506 15 
Vertex 16 distance 35
0 575 251 370 395 16 
Vertex 17 distance 45
0 575 251 481 111 436 441 474 17 
Vertex 18 distance 21
0 18 
Vertex 19 distance 34
0 5 78 451 141 129 162 637 19 
Vertex 20 distance 38
0 5 78 596 414 390 561 299 509 20 
Vertex 21 distance 30
0 18 21 
Vertex 22 distance 41
0 5 78 451 263 42 458 169 22 
Vertex 23 distance 35
0 5 78 596 414 591 253 23 
Vertex 24 distance 34
0 5 600 280 431 223 224 24 
Vertex 25 distance 38
0 575 251 32 438 210 25 
Vertex 26 distance 30
0 5 78 451 26 
Vertex 27 distance 33
0 5 600 554 27 
Vertex 28 distance 32
0 5 78 451 141 129 162 28 
Vertex 29 distance 39
0 5 78 451 263 42 458 326 29 
Vertex 30 distance 37
0 575 251 301 560 303 592 191 30 
Vertex 31 distance 45
0 5 78 451 263 42 458 169 22 31 
Vertex 32 distance 17
0 575 251 32 
Vertex 33 distance 25
0 5 600 577 33 
Vertex 34 distance 54
0 5 78 596 490 137 593 34 
Vertex 35 distance 34
0 575 251 481 111 186 249 359 35 
Vertex 36 distance 37
0 5 600 577 33 518 127 36 
Vertex 37 distance 28
0 5 600 280 431 223 224 513 37 
Vertex 38 distance 36
0 18 101 510 64 38 
Vertex 39 distance 34
0 575 241 39 
Vertex 40 distance 35
0 575 251 481 111 186 249 40 
Vertex 41 distance 31
0 18 101 179 531 41 
Vertex 42 distance 20
0 5 78 451 263 42 
Vertex 43 distance 41
0 5 600 280 204 440 488 43 
Vertex 44 distance 36
0 575 251 481 111 186 249 40 44 
Vertex 45 distance 24
0 5 600 280 431 223 45 
Vertex 46 distance 16
0 575 251 46 
Vertex 47 distance 38
0 575 251 370 345 47 
Vertex 48 distance 35
0 5 78 451 263 398 119 49 48 
Vertex 49 distance 33
0 5 78 451 263 398 119 49 
Vertex 50 distance 44
0 5 600 239 447 231 425 50 
Vertex 51 distance 36
0 5 600 494 632 377 51 
Vertex 52 distance 41
0 5 600 280 431 399 594 573 148 52 
Vertex 53 distance 47
0 5 78 451 263 398 119 49 48 53 
Vertex 54 distance 45
0 5 78 451 141 129 162 28 54 
Vertex 55 distance 38
0 5 78 451 141 129 162 637 19 55 
Vertex 56 distance 34
0 5 78 451 263 452 56 
Vertex 57 distance 45
0 5 600 494 632 57 
Vertex 58 distance 39
0 5 600 280 431 223 58 
Vertex 59 distance 38
0 5 600 280 204 581 59 
Vertex 60 distance 37
0 5 78 596 414 591 559 60 
Vertex 61 distance 40
0 5 78 451 263 42 217 319 126 505 61 
Vertex 62 distance 68
0 5 600 577 389 68 62 
Vertex 63 distance 36
0 18 101 379 63 
Vertex 64 distance 28
0 18 101 510 64 
Vertex 65 distance 36
0 575 251 301 560 303 592 191 65 
Vertex 66 distance 37
0 5 78 451 263 452 151 460 324 66 
Vertex 67 distance 36
0 5 78 596 490 67 
Vertex 68 distance 35
0 5 600 577 389 68 
Vertex 69 distance 28
0 575 251 301 560 303 69 
Vertex 70 distance 42
0 18 101 379 77 588 270 448 70 
Vertex 71 distance 53
0 5 78 451 263 131 484 421 71 
Vertex 72 distance 39
0 5 600 280 204 440 72 
Vertex 73 distance 34
0 5 78 451 141 129 162 120 73 
Vertex 74 distance 29
0 575 251 481 111 328 74 
Vertex 75 distance 33
0 5 78 451 141 129 162 428 385 75 
Vertex 76 distance 26
0 575 251 481 111 436 76 
Vertex 77 distance 28
0 18 101 379 77 
Vertex 78 distance 16
0 5 78 
Vertex 79 distance 28
0 429 79 
Vertex 80 distance 33
0 575 609 184 80 
Vertex 81 distance 34
0 575 251 481 111 436 441 371 81 
Vertex 82 distance 42
0 575 251 370 396 611 434 82 
Vertex 83 distance 38
0 5 78 451 263 131 567 83 
Vertex 84 distance 40
0 5 78 451 141 129 162 637 84 
Vertex 85 distance 33
0 5 600 494 178 305 85 
Vertex 86 distance 33
0 5 78 451 589 11 86 
Vertex 87 distance 40
0 18 101 379 77 535 533 87 
Vertex 88 distance 34
0 5 600 494 178 552 88 
Vertex 89 distance 36
0 5 78 451 141 129 254 320 89 
Vertex 90 distance 38
0 575 251 32 438 210 133 90 
Vertex 91 distance 46
0 575 251 301 91 
Vertex 92 distance 39
0 5 78 451 263 42 92 
Vertex 93 distance 35
0 575 251 93 
Vertex 94 distance 39
0 5 78 596 490 94 
Vertex 95 distance 33
0 5 600 187 504 245 195 95 
Vertex 96 distance 29
0 575 251 481 165 580 96 
Vertex 97 distance 30
0 575 251 481 111 436 97 
Vertex 98 distance 31
0 5 78 596 414 390 561 98 
Vertex 99 distance 39
0 5 600 577 33 99 
Vertex 100 distance 34
0 5 78 596 246 100 
Vertex 101 distance 22
0 18 101 
Vertex 102 distance 32
0 575 251 370 143 234 13 121 102 
Vertex 103 distance 33
0 5 78 451 263 42 400 508 103 
Vertex 104 distance 41
0 5 78 596 414 390 136 341 104 
Vertex 105 distance 34
0 575 251 481 111 436 76 537 105 
Vertex 106 distance 39
0 5 78 451 263 398 418 304 106 
Vertex 107 distance 34
0 5 600 107 
Vertex 108 distance 39
0 5 78 451 263 452 151 460 324 108 
Vertex 109 distance 40
0 18 101 379 77 588 270 109 
Vertex 110 distance 34
0 575 251 301 285 413 110 
Vertex 111 distance 16
0 575 251 481 111 
Vertex 112 distance 44
0 575 251 481 111 328 74 112 
Vertex 113 distance 40
0 5 78 433 113 
Vertex 114 distance 29
0 5 78 596 490 114 
Vertex 115 distance 31
0 575 251 481 165 115 
Vertex 116 distance 44
0 5 78 451 263 131 321 455 585 12 116 
Vertex 117 distance 45
0 575 251 32 438 210 133 117 
Vertex 118 distance 43
0 5 600 554 471 564 118 
Vertex 119 distance 27
0 5 78 451 263 398 119 
Vertex 120 distance 29
0 5 78 451 141 129 162 120 
Vertex 121 distance 30
0 575 251 370 143 234 13 121 
Vertex 122 distance 24
0 5 122 
Vertex 123 distance 53
0 5 600 280 431 223 224 123 
Vertex 124 distance 35
0 5 600 554 471 124 
Vertex 125 distance 51
0 429 79 125 
Vertex 126 distance 25
0 5 78 451 263 42 217 319 126 
Vertex 127 distance 36
0 5 600 577 33 518 127 
Vertex 128 distance 32
0 575 251 301 560 303 128 
Vertex 129 distance 21
0 5 78 451 141 129 
Vertex 130 distance 29
0 575 251 481 111 457 325 130 
Vertex 131 distance 26
0 5 78 451 263 131 
Vertex 132 distance 41
0 5 78 451 263 398 418 304 106 132 
Vertex 133 distance 24
0 575 251 32 438 210 133 
Vertex 134 distance 28
0 5 600 280 134 
Vertex 135 distance 35
0 5 78 451 263 452 135 
Vertex 136 distance 32
0 5 78 596 414 390 136 
Vertex 137 distance 26
0 5 78 596 490 137 
Vertex 138 distance 39
0 575 251 301 285 413 138 
Vertex 139 distance 42
0 575 251 481 111 436 441 371 139 
Vertex 140 distance 31
0 575 251 301 140 
Vertex 141 distance 20
0 5 78 451 141 
Vertex 142 distance 41
0 575 241 423 142 
Vertex 143 distance 20
0 575 251 370 143 
Vertex 144 distance 34
0 5 600 494 632 549 144 
Vertex 145 distance 38
0 5 78 596 414 591 253 145 
Vertex 146 distance 49
0 5 78 596 414 390 561 299 572 146 
Vertex 147 distance 42
0 18 101 379 77 535 147 
Vertex 148 distance 39
0 5 600 280 431 399 594 573 148 
Vertex 149 distance 32
0 5 78 566 149 
Vertex 150 distance 62
0 5 78 596 414 591 253 145 150 
Vertex 151 distance 30
0 5 78 451 263 452 151 
Vertex 152 distance 44
0 18 101 379 77 588 270 448 70 272 152 
Vertex 153 distance 53
0 575 609 184 475 153 
Vertex 154 distance 51
0 575 251 370 154 
Vertex 155 distance 44
0 5 600 554 471 155 
Vertex 156 distance 40
0 575 251 32 201 568 590 156 
Vertex 157 distance 27
0 5 78 451 263 42 217 319 126 157 
Vertex 158 distance 32
0 575 251 32 627 205 158 
Vertex 159 distance 31
0 575 251 301 285 159 
Vertex 160 distance 34
0 5 78 451 263 42 458 326 160 
Vertex 161 distance 34
0 575 251 32 627 603 161 
Vertex 162 distance 26
0 5 78 451 141 129 162 
Vertex 163 distance 31
0 575 251 481 165 580 96 502 163 
Vertex 164 distance 44
0 5 78 566 164 
Vertex 165 distance 17
0 575 251 481 165 
Vertex 166 distance 36
0 5 78 451 263 42 166 
Vertex 167 distance 39
0 5 600 280 204 167 
Vertex 168 distance 32
0 18 101 179 439 168 
Vertex 169 distance 29
0 5 78 451 263 42 458 169 
Vertex 170 distance 42
0 5 600 280 431 223 224 513 630 170 
Vertex 171 distance 28
0 575 241 171 
Vertex 172 distance 43
0 5 600 239 447 183 578 172 
Vertex 173 distance 35
0 5 600 280 431 226 355 10 173 
Vertex 174 distance 38
0 575 251 301 140 174 
Vertex 175 distance 26
0 575 251 32 438 175 
Vertex 176 distance 37
0 5 78 451 263 398 558 176 
Vertex 177 distance 34
0 575 251 32 627 267 177 
Vertex 178 distance 21
0 5 600 494 178 
Vertex 179 distance 26
0 18 101 179 
Vertex 180 distance 53
0 5 78 596 414 545 180 
Vertex 181 distance 31
0 18 101 181 
Vertex 182 distance 27
0 5 78 451 141 129 254 182 
Vertex 183 distance 35
0 5 600 239 447 183 
Vertex 184 distance 32
0 575 609 184 
Vertex 185 distance 34
0 575 251 370 143 234 185 
Vertex 186 distance 23
0 575 251 481 111 186 
Vertex 187 distance 16
0 5 600 187 
Vertex 188 distance 35
0 5 78 596 246 233 188 
Vertex 189 distance 28
0 5 78 451 141 129 254 182 189 
Vertex 190 distance 39
0 5 78 596 414 591 253 343 190 
Vertex 191 distance 35
0 575 251 301 560 303 592 191 
Vertex 192 distance 48
0 5 600 280 431 223 224 192 
Vertex 193 distance 30
0 5 600 280 193 
Vertex 194 distance 35
0 18 101 379 194 
Vertex 195 distance 32
0 5 600 187 504 245 195 
Vertex 196 distance 37
0 5 78 596 414 591 237 196 
Vertex 197 distance 40
0 5 600 187 504 245 197 
Vertex 198 distance 35
0 575 251 370 143 234 13 198 
Vertex 199 distance 40
0 5 78 451 263 42 199 
Vertex 200 distance 51
0 575 251 32 438 210 133 372 565 200 
Vertex 201 distance 24
0 575 251 32 201 
Vertex 202 distance 36
0 575 609 610 202 
Vertex 203 distance 34
0 5 78 451 263 42 400 279 203 
Vertex 204 distance 23
0 5 600 280 204 
Vertex 205 distance 28
0 575 251 32 627 205 
Vertex 206 distance 34
0 575 251 481 111 186 206 
Vertex 207 distance 37
0 575 241 171 207 
Vertex 208 distance 29
0 429 208 
Vertex 209 distance 45
0 5 600 280 431 223 224 513 630 219 209 
Vertex 210 distance 23
0 575 251 32 438 210 
Vertex 211 distance 27
0 5 78 451 141 211 
Vertex 212 distance 36
0 575 251 370 143 234 13 121 212 
Vertex 213 distance 39
0 5 78 451 263 131 484 218 213 
Vertex 214 distance 35
0 5 78 451 141 278 367 516 214 
Vertex 215 distance 32
0 5 78 596 490 215 
Vertex 216 distance 45
0 5 600 280 204 581 216 
Vertex 217 distance 22
0 5 78 451 263 42 217 
Vertex 218 distance 38
0 5 78 451 263 131 484 218 
Vertex 219 distance 42
0 5 600 280 431 223 224 513 630 219 
Vertex 220 distance 34
0 575 251 370 345 220 
Vertex 221 distance 32
0 5 600 494 632 221 
Vertex 222 distance 46
0 5 78 451 263 131 321 222 
Vertex 223 distance 23
0 5 600 280 431 223 
Vertex 224 distance 25
0 5 600 280 431 223 224 
Vertex 225 distance 33
0 429 208 629 225 
Vertex 226 distance 28
0 5 600 280 431 226 
Vertex 227 distance 26
0 5 78 451 263 42 227 
Vertex 228 distance 43
0 5 78 361 228 
Vertex 229 distance 38
0 575 251 481 165 580 96 229 
Vertex 230 distance 36
0 575 251 481 165 580 347 626 230 
Vertex 231 distance 27
0 5 600 239 447 231 
Vertex 232 distance 51
0 5 78 451 589 392 529 492 232 
Vertex 233 distance 27
0 5 78 596 246 233 
Vertex 234 distance 28
0 575 251 370 143 234 
Vertex 235 distance 60
0 5 600 494 632 549 235 
Vertex 236 distance 28
0 5 78 451 141 278 367 236 
Vertex 237 distance 34
0 5 78 596 414 591 237 
Vertex 238 distance 25
0 5 78 451 263 238 
Vertex 239 distance 14
0 5 600 239 
Vertex 240 distance 36
0 5 78 240 
Vertex 241 distance 24
0 575 241 
Vertex 242 distance 27
0 575 251 32 438 210 133 242 
Vertex 243 distance 35
0 5 600 239 243 
Vertex 244 distance 19
0 5 600 494 244 
Vertex 245 distance 29
0 5 600 187 504 245 
Vertex 246 distance 23
0 5 78 596 246 
Vertex 247 distance 37
0 5 290 289 247 
Vertex 248 distance 31
0 5 78 451 263 131 567 248 
Vertex 249 distance 30
0 575 251 481 111 186 249 
Vertex 250 distance 28
0 5 78 451 263 131 250 
Vertex 251 distance 13
0 575 251 
Vertex 252 distance 30
0 5 600 494 632 252 
Vertex 253 distance 26
0 5 78 596 414 591 253 
Vertex 254 distance 24
0 5 78 451 141 129 254 
Vertex 255 distance 26
0 5 78 361 255 
Vertex 256 distance 29
0 5 78 596 414 390 561 256 
Vertex 257 distance 32
0 5 600 187 504 245 257 
Vertex 258 distance 34
0 575 251 481 111 436 441 371 258 
Vertex 259 distance 39
0 5 600 280 204 581 59 259 
Vertex 260 distance 33
0 575 251 32 438 175 260 
Vertex 261 distance 48
0 575 251 370 143 234 13 121 102 384 261 
Vertex 262 distance 40
0 575 251 481 111 457 526 470 262 
Vertex 263 distance 19
0 5 78 451 263 
Vertex 264 distance 35
0 575 251 481 165 580 264 
Vertex 265 distance 47
0 575 251 481 111 328 638 382 265 
Vertex 266 distance 35
0 5 78 451 141 278 417 550 266 
Vertex 267 distance 30
0 575 251 32 627 267 
Vertex 268 distance 39
0 18 101 510 64 38 268 
Vertex 269 distance 38
0 5 600 494 244 269 
Vertex 270 distance 36
0 18 101 379 77 588 270 
Vertex 271 distance 31
0 5 78 596 414 390 561 299 572 271 
Vertex 272 distance 43
0 18 101 379 77 588 270 448 70 272 
Vertex 273 distance 42
0 5 600 280 193 273 
Vertex 274 distance 45
0 575 251 481 111 436 274 
Vertex 275 distance 40
0 5 78 596 414 390 136 341 275 
Vertex 276 distance 32
0 18 101 179 439 276 
Vertex 277 distance 42
0 5 600 280 431 226 355 619 277 
Vertex 278 distance 24
0 5 78 451 141 278 
Vertex 279 distance 30
0 5 78 451 263 42 400 279 
Vertex 280 distance 18
0 5 600 280 
Vertex 281 distance 46
0 5 78 451 141 129 254 182 189 404 281 
Vertex 282 distance 34
0 575 251 301 140 282 
Vertex 283 distance 33
0 575 251 481 165 580 347 626 283 
Vertex 284 distance 36
0 575 251 32 438 175 284 
Vertex 285 distance 27
0 575 251 301 285 
Vertex 286 distance 32
0 18 101 472 286 
Vertex 287 distance 42
0 575 241 423 287 
Vertex 288 distance 47
0 18 288 
Vertex 289 distance 36
0 5 290 289 
Vertex 290 distance 29
0 5 290 
Vertex 291 distance 40
0 5 600 280 431 223 224 291 
Vertex 292 distance 40
0 5 78 451 263 131 484 421 292 
Vertex 293 distance 31
0 18 101 179 439 293 
Vertex 294 distance 45
0 5 78 451 263 42 458 326 294 
Vertex 295 distance 38
0 5 600 494 632 252 295 
Vertex 296 distance 34
0 5 78 596 414 390 561 98 296 
Vertex 297 distance 35
0 575 251 32 438 210 133 372 297 
Vertex 298 distance 34
0 5 78 451 141 278 417 550 298 
Vertex 299 distance 29
0 5 78 596 414 390 561 299 
Vertex 300 distance 34
0 575 251 370 143 234 13 300 
Vertex 301 distance 19
0 575 251 301 
Vertex 302 distance 35
0 5 600 280 204 440 488 302 
Vertex 303 distance 25
0 575 251 301 560 303 
Vertex 304 distance 37
0 5 78 451 263 398 418 304 
Vertex 305 distance 28
0 5 600 494 178 305 
Vertex 306 distance 39
0 5 78 451 263 42 458 326 461 556 306 
Vertex 307 distance 39
0 5 78 451 263 42 400 508 307 
Vertex 308 distance 34
0 5 78 308 
Vertex 309 distance 36
0 5 78 596 490 215 309 
Vertex 310 distance 37
0 5 600 554 27 310 
Vertex 311 distance 29
0 5 600 280 204 311 
Vertex 312 distance 41
0 575 251 301 285 312 
Vertex 313 distance 33
0 5 78 451 263 42 458 169 313 
Vertex 314 distance 41
0 575 251 481 111 328 638 314 
Vertex 315 distance 40
0 5 78 451 263 398 418 315 
Vertex 316 distance 36
0 575 251 32 627 267 177 316 
Vertex 317 distance 36
0 5 600 280 193 426 317 
Vertex 318 distance 42
0 5 600 280 204 506 15 378 318 
Vertex 319 distance 23
0 5 78 451 263 42 217 319 
Vertex 320 distance 29
0 5 78 451 141 129 254 320 
Vertex 321 distance 31
0 5 78 451 263 131 321 
Vertex 322 distance 44
0 429 79 538 322 
Vertex 323 distance 32
0 5 78 451 263 131 323 
Vertex 324 distance 34
0 5 78 451 263 452 151 460 324 
Vertex 325 distance 23
0 575 251 481 111 457 325 
Vertex 326 distance 24
0 5 78 451 263 42 458 326 
Vertex 327 distance 35
0 5 600 239 447 231 327 
Vertex 328 distance 21
0 575 251 481 111 328 
Vertex 329 distance 41
0 5 600 494 244 269 329 
Vertex 330 distance 45
0 5 600 280 431 223 45 330 
Vertex 331 distance 56
0 5 78 596 414 591 253 343 331 
Vertex 332 distance 40
0 5 78 451 141 129 162 120 3 332 
Vertex 333 distance 36
0 18 101 379 77 333 
Vertex 334 distance 39
0 5 600 280 134 479 362 334 
Vertex 335 distance 46
0 5 600 554 335 
Vertex 336 distance 35
0 5 600 494 632 549 144 336 
Vertex 337 distance 26
0 5 78 451 141 337 
Vertex 338 distance 35
0 575 338 
Vertex 339 distance 48
0 575 251 370 345 47 339 
Vertex 340 distance 36
0 575 251 481 111 436 441 495 340 
Vertex 341 distance 34
0 5 78 596 414 390 136 341 
Vertex 342 distance 43
0 5 122 342 
Vertex 343 distance 32
0 5 78 596 414 591 253 343 
Vertex 344 distance 49
0 5 78 451 263 452 151 344 
Vertex 345 distance 22
0 575 251 370 345 
Vertex 346 distance 30
0 575 251 481 111 457 325 130 346 
Vertex 347 distance 28
0 575 251 481 165 580 347 
Vertex 348 distance 35
0 18 101 379 77 348 
Vertex 349 distance 32
0 5 78 596 490 349 
Vertex 350 distance 33
0 5 78 361 255 350 
Vertex 351 distance 42
0 575 251 481 165 580 96 502 351 
Vertex 352 distance 46
0 5 78 451 263 131 352 
Vertex 353 distance 48
0 5 78 596 414 390 561 299 509 20 353 
Vertex 354 distance 36
0 5 78 451 263 42 400 279 354 
Vertex 355 distance 30
0 5 600 280 431 226 355 
Vertex 356 distance 40
0 429 79 614 356 
Vertex 357 distance 51
0 575 251 481 111 457 526 470 357 
Vertex 358 distance 35
0 575 251 370 143 358 
Vertex 359 distance 33
0 575 251 481 111 186 249 359 
Vertex 360 distance 43
0 575 251 301 360 
Vertex 361 distance 24
0 5 78 361 
Vertex 362 distance 34
0 5 600 280 134 479 362 
Vertex 363 distance 41
0 575 251 481 111 328 363 
Vertex 364 distance 39
0 5 600 187 504 245 257 364 
Vertex 365 distance 32
0 5 78 596 414 390 365 
Vertex 366 distance 35
0 5 600 366 
Vertex 367 distance 25
0 5 78 451 141 278 367 
Vertex 368 distance 37
0 18 101 379 77 535 533 368 
Vertex 369 distance 38
0 5 78 596 414 390 561 299 509 369 
Vertex 370 distance 17
0 575 251 370 
Vertex 371 distance 31
0 575 251 481 111 436 441 371 
Vertex 372 distance 30
0 575 251 32 438 210 133 372 
Vertex 373 distance 33
0 575 251 481 111 328 74 373 
Vertex 374 distance 38
0 5 78 451 141 129 162 637 622 374 
Vertex 375 distance 40
0 5 78 451 141 375 
Vertex 376 distance 28
0 575 251 481 111 457 376 
Vertex 377 distance 33
0 5 600 494 632 377 
Vertex 378 distance 41
0 5 600 280 204 506 15 378 
Vertex 379 distance 26
0 18 101 379 
Vertex 380 distance 33
0 5 78 451 26 380 
Vertex 381 distance 38
0 18 101 379 381 
Vertex 382 distance 29
0 575 251 481 111 328 638 382 
Vertex 383 distance 36
0 5 78 451 263 452 151 383 
Vertex 384 distance 35
0 575 251 370 143 234 13 121 102 384 
Vertex 385 distance 30
0 5 78 451 141 129 162 428 385 
Vertex 386 distance 38
0 575 251 534 386 
Vertex 387 distance 35
0 575 251 481 387 
Vertex 388 distance 28
0 5 600 494 388 
Vertex 389 distance 31
0 5 600 577 389 
Vertex 390 distance 24
0 5 78 596 414 390 
Vertex 391 distance 42
0 5 600 280 431 223 58 391 
Vertex 392 distance 29
0 5 78 451 589 392 
Vertex 393 distance 41
0 575 251 481 165 115 393 
Vertex 394 distance 34
0 575 251 481 111 186 624 394 
Vertex 395 distance 22
0 575 251 370 395 
Vertex 396 distance 27
0 575 251 370 396 
Vertex 397 distance 33
0 575 251 32 438 175 397 
Vertex 398 distance 23
0 5 78 451 263 398 
Vertex 399 distance 33
0 5 600 280 431 399 
Vertex 400 distance 22
0 5 78 451 263 42 400 
Vertex 401 distance 34
0 5 78 451 263 42 217 319 401 
Vertex 402 distance 50
0 5 78 596 414 390 561 299 572 402 
Vertex 403 distance 33
0 575 251 32 201 568 403 
Vertex 404 distance 41
0 5 78 451 141 129 254 182 189 404 
Vertex 405 distance 34
0 5 600 577 405 
Vertex 406 distance 33
0 5 78 566 406 
Vertex 407 distance 48
0 5 78 451 263 131 321 455 585 12 407 
Vertex 408 distance 36
0 5 600 280 431 408 
Vertex 409 distance 31
0 575 251 481 111 436 97 409 
Vertex 410 distance 33
0 575 251 481 410 
Vertex 411 distance 47
0 5 600 280 431 223 224 513 630 219 411 
Vertex 412 distance 38
0 575 251 481 165 580 96 502 163 412 
Vertex 413 distance 33
0 575 251 301 285 413 
Vertex 414 distance 23
0 5 78 596 414 
Vertex 415 distance 31
0 5 600 280 204 581 415 
Vertex 416 distance 41
0 18 101 379 77 588 270 448 416 
Vertex 417 distance 29
0 5 78 451 141 278 417 
Vertex 418 distance 29
0 5 78 451 263 398 418 
Vertex 419 distance 36
0 5 600 494 632 221 419 
Vertex 420 distance 40
0 575 251 301 560 303 592 191 420 
Vertex 421 distance 33
0 5 78 451 263 131 484 421 
Vertex 422 distance 31
0 5 78 422 
Vertex 423 distance 37
0 575 241 423 
Vertex 424 distance 45
0 18 101 379 77 535 533 424 
Vertex 425 distance 40
0 5 600 239 447 231 425 
Vertex 426 distance 34
0 5 600 280 193 426 
Vertex 427 distance 34
0 18 101 181 427 
Vertex 428 distance 27
0 5 78 451 141 129 162 428 
Vertex 429 distance 26
0 429 
Vertex 430 distance 42
0 5 78 596 430 
Vertex 431 distance 22
0 5 600 280 431 
Vertex 432 distance 32
0 5 78 422 432 
Vertex 433 distance 32
0 5 78 433 
Vertex 434 distance 38
0 575 251 370 396 611 434 
Vertex 435 distance 38
0 18 101 181 435 
Vertex 436 distance 25
0 575 251 481 111 436 
Vertex 437 distance 33
0 575 251 370 143 234 13 437 
Vertex 438 distance 22
0 575 251 32 438 
Vertex 439 distance 28
0 18 101 179 439 
Vertex 440 distance 30
0 5 600 280 204 440 
Vertex 441 distance 26
0 575 251 481 111 436 441 
Vertex 442 distance 36
0 5 78 451 263 131 484 421 517 442 
Vertex 443 distance 29
0 5 600 187 504 443 
Vertex 444 distance 25
0 575 251 32 438 210 444 
Vertex 445 distance 32
0 5 600 577 33 445 
Vertex 446 distance 45
0 18 101 181 427 446 
Vertex 447 distance 17
0 5 600 239 447 
Vertex 448 distance 37
0 18 101 379 77 588 270 448 
Vertex 449 distance 36
0 575 338 449 
Vertex 450 distance 48
0 575 251 370 396 611 434 82 450 
Vertex 451 distance 17
0 5 78 451 
Vertex 452 distance 22
0 5 78 451 263 452 
Vertex 453 distance 44
0 575 241 423 142 453 
Vertex 454 distance 42
0 5 78 451 263 131 454 
Vertex 455 distance 33
0 5 78 451 263 131 321 455 
Vertex 456 distance 29
0 5 600 577 456 
Vertex 457 distance 21
0 575 251 481 111 457 
Vertex 458 distance 21
0 5 78 451 263 42 458 
Vertex 459 distance 40
0 5 78 451 263 131 567 459 
Vertex 460 distance 31
0 5 78 451 263 452 151 460 
Vertex 461 distance 31
0 5 78 451 263 42 458 326 461 
Vertex 462 distance 31
0 5 600 239 447 231 462 
Vertex 463 distance 40
0 575 251 370 143 358 608 463 
Vertex 464 distance 33
0 5 78 451 141 129 162 570 544 464 
Vertex 465 distance 49
0 5 78 361 228 465 
Vertex 466 distance 40
0 5 78 451 141 129 162 637 622 374 466 
Vertex 467 distance 28
0 5 78 596 414 591 253 467 
Vertex 468 distance 38
0 468 
Vertex 469 distance 41
0 575 251 481 111 457 469 
Vertex 470 distance 30
0 575 251 481 111 457 526 470 
Vertex 471 distance 33
0 5 600 554 471 
Vertex 472 distance 30
0 18 101 472 
Vertex 473 distance 39
0 575 251 370 345 473 
Vertex 474 distance 39
0 575 251 481 111 436 441 474 
Vertex 475 distance 37
0 575 609 184 475 
Vertex 476 distance 31
0 5 78 451 263 42 458 326 476 
Vertex 477 distance 42
0 5 600 239 243 477 
Vertex 478 distance 31
0 5 600 280 431 478 
Vertex 479 distance 29
0 5 600 280 134 479 
Vertex 480 distance 39
0 18 101 379 77 535 533 368 480 
Vertex 481 distance 14
0 575 251 481 
Vertex 482 distance 39
0 5 78 596 414 390 561 482 
Vertex 483 distance 44
0 5 78 596 414 591 253 145 483 
Vertex 484 distance 28
0 5 78 451 263 131 484 
Vertex 485 distance 43
0 575 251 32 627 267 485 
Vertex 486 distance 37
0 5 78 308 486 
Vertex 487 distance 47
0 18 101 487 
Vertex 488 distance 31
0 5 600 280 204 440 488 
Vertex 489 distance 25
0 5 600 280 431 223 489 
Vertex 490 distance 20
0 5 78 596 490 
Vertex 491 distance 39
0 5 78 596 490 114 491 
Vertex 492 distance 35
0 5 78 451 589 392 529 492 
Vertex 493 distance 32
0 5 78 451 263 131 321 493 
Vertex 494 distance 14
0 5 600 494 
Vertex 495 distance 28
0 575 251 481 111 436 441 495 
Vertex 496 distance 36
0 575 251 370 396 496 
Vertex 497 distance 37
0 5 78 451 141 278 417 550 542 618 497 
Vertex 498 distance 28
0 5 78 451 141 129 162 498 
Vertex 499 distance 39
0 575 251 301 285 159 499 
Vertex 500 distance 41
0 575 251 481 111 436 441 495 340 500 
Vertex 501 distance 46
0 5 600 280 501 
Vertex 502 distance 30
0 575 251 481 165 580 96 502 
Vertex 503 distance 41
0 5 600 187 504 443 503 
Vertex 504 distance 28
0 5 600 187 504 
Vertex 505 distance 30
0 5 78 451 263 42 217 319 126 505 
Vertex 506 distance 28
0 5 600 280 204 506 
Vertex 507 distance 34
0 575 251 481 111 328 74 373 507 
Vertex 508 distance 27
0 5 78 451 263 42 400 508 
Vertex 509 distance 35
0 5 78 596 414 390 561 299 509 
Vertex 510 distance 26
0 18 101 510 
Vertex 511 distance 40
0 5 78 596 414 390 561 299 528 14 511 
Vertex 512 distance 43
0 575 338 512 
Vertex 513 distance 27
0 5 600 280 431 223 224 513 
Vertex 514 distance 37
0 5 78 596 246 514 
Vertex 515 distance 52
0 575 251 481 111 186 249 359 515 
Vertex 516 distance 26
0 5 78 451 141 278 367 516 
Vertex 517 distance 34
0 5 78 451 263 131 484 421 517 
Vertex 518 distance 32
0 5 600 577 33 518 
Vertex 519 distance 39
0 5 78 596 414 390 561 299 509 519 
Vertex 520 distance 37
0 18 101 379 520 
Vertex 521 distance 35
0 5 600 494 178 305 521 
Vertex 522 distance 37
0 5 78 451 141 129 162 570 522 
Vertex 523 distance 36
0 5 78 451 263 42 400 508 103 523 
Vertex 524 distance 32
0 5 600 494 632 549 524 
Vertex 525 distance 33
0 5 78 451 141 278 417 525 
Vertex 526 distance 28
0 575 251 481 111 457 526 
Vertex 527 distance 31
0 5 78 361 255 527 
Vertex 528 distance 30
0 5 78 596 414 390 561 299 528 
Vertex 529 distance 31
0 5 78 451 589 392 529 
Vertex 530 distance 37
0 5 78 451 263 42 217 319 530 
Vertex 531 distance 29
0 18 101 179 531 
Vertex 532 distance 44
0 575 251 32 438 175 532 
Vertex 533 distance 33
0 18 101 379 77 535 533 
Vertex 534 distance 29
0 575 251 534 
Vertex 535 distance 32
0 18 101 379 77 535 
Vertex 536 distance 37
0 575 251 32 627 267 177 536 
Vertex 537 distance 28
0 575 251 481 111 436 76 537 
Vertex 538 distance 33
0 429 79 538 
Vertex 539 distance 45
0 5 78 451 263 42 458 169 313 539 
Vertex 540 distance 39
0 5 600 554 471 124 540 
Vertex 541 distance 31
0 5 600 494 632 6 541 
Vertex 542 distance 34
0 5 78 451 141 278 417 550 542 
Vertex 543 distance 50
0 575 251 481 111 186 624 394 543 
Vertex 544 distance 29
0 5 78 451 141 129 162 570 544 
Vertex 545 distance 33
0 5 78 596 414 545 
Vertex 546 distance 42
0 5 600 494 632 6 546 
Vertex 547 distance 36
0 18 101 547 
Vertex 548 distance 37
0 575 251 32 438 210 133 372 297 548 
Vertex 549 distance 27
0 5 600 494 632 549 
Vertex 550 distance 32
0 5 78 451 141 278 417 550 
Vertex 551 distance 40
0 5 78 596 414 591 559 551 
Vertex 552 distance 28
0 5 600 494 178 552 
Vertex 553 distance 33
0 5 78 596 553 
Vertex 554 distance 26
0 5 600 554 
Vertex 555 distance 39
0 5 78 596 490 67 555 
Vertex 556 distance 33
0 5 78 451 263 42 458 326 461 556 
Vertex 557 distance 41
0 575 251 481 111 328 638 557 
Vertex 558 distance 34
0 5 78 451 263 398 558 
Vertex 559 distance 30
0 5 78 596 414 591 559 
Vertex 560 distance 23
0 575 251 301 560 
Vertex 561 distance 27
0 5 78 596 414 390 561 
Vertex 562 distance 29
0 5 78 451 263 42 400 508 562 
Vertex 563 distance 43
0 575 251 481 111 328 74 373 563 
Vertex 564 distance 34
0 5 600 554 471 564 
Vertex 565 distance 34
0 575 251 32 438 210 133 372 565 
Vertex 566 distance 28
0 5 78 566 
Vertex 567 distance 27
0 5 78 451 263 131 567 
Vertex 568 distance 28
0 575 251 32 201 568 
Vertex 569 distance 43
0 5 78 451 263 42 92 569 
Vertex 570 distance 28
0 5 78 451 141 129 162 570 
Vertex 571 distance 31
0 5 78 451 263 42 217 319 571 
Vertex 572 distance 30
0 5 78 596 414 390 561 299 572 
Vertex 573 distance 37
0 5 600 280 431 399 594 573 
Vertex 574 distance 34
0 5 600 494 178 574 
Vertex 575 distance 12
0 575 
Vertex 576 distance 36
0 5 78 451 263 42 217 319 401 576 
Vertex 577 distance 20
0 5 600 577 
Vertex 578 distance 41
0 5 600 239 447 183 578 
Vertex 579 distance 46
0 5 78 596 414 591 253 343 579 
Vertex 580 distance 27
0 575 251 481 165 580 
Vertex 581 distance 29
0 5 600 280 204 581 
Vertex 582 distance 22
0 575 251 481 111 328 582 
Vertex 583 distance 37
0 575 251 32 201 568 403 583 
Vertex 584 distance 46
0 5 78 451 584 
Vertex 585 distance 38
0 5 78 451 263 131 321 455 585 
Vertex 586 distance 31
0 5 586 
Vertex 587 distance 29
0 575 251 481 111 436 441 495 587 
Vertex 588 distance 35
0 18 101 379 77 588 
Vertex 589 distance 23
0 5 78 451 589 
Vertex 590 distance 33
0 575 251 32 201 568 590 
Vertex 591 distance 25
0 5 78 596 414 591 
Vertex 592 distance 30
0 575 251 301 560 303 592 
Vertex 593 distance 30
0 5 78 596 490 137 593 
Vertex 594 distance 35
0 5 600 280 431 399 594 
Vertex 595 distance 23
0 5 78 451 263 42 458 595 
Vertex 596 distance 17
0 5 78 596 
Vertex 597 distance 30
0 575 251 32 438 175 597 
Vertex 598 distance 42
0 5 78 451 263 42 166 598 
Vertex 599 distance 33
0 5 600 280 431 223 489 599 
Vertex 600 distance 13
0 5 600 
Vertex 601 distance 44
0 5 78 451 141 129 162 637 19 55 601 
Vertex 602 distance 46
0 575 251 634 602 
Vertex 603 distance 30
0 575 251 32 627 603 
Vertex 604 distance 39
0 575 251 301 560 303 604 
Vertex 605 distance 28
0 5 78 451 589 605 
Vertex 606 distance 43
0 575 251 370 143 234 606 
Vertex 607 distance 38
0 18 101 179 607 
Vertex 608 distance 38
0 575 251 370 143 358 608 
Vertex 609 distance 28
0 575 609 
Vertex 610 distance 35
0 575 609 610 
Vertex 611 distance 31
0 575 251 370 396 611 
Vertex 612 distance 33
0 429 208 629 612 
Vertex 613 distance 35
0 5 600 577 33 518 613 
Vertex 614 distance 35
0 429 79 614 
Vertex 615 distance 39
0 5 78 451 141 129 162 570 615 
Vertex 616 distance 36
0 5 600 239 447 231 327 616 
Vertex 617 distance 30
0 5 78 451 263 42 400 617 
Vertex 618 distance 36
0 5 78 451 141 278 417 550 542 618 
Vertex 619 distance 39
0 5 600 280 431 226 355 619 
Vertex 620 distance 34
0 5 78 596 414 591 620 
Vertex 621 distance 36
0 5 78 596 414 591 253 467 621 
Vertex 622 distance 33
0 5 78 451 141 129 162 637 622 
Vertex 623 distance 44
0 5 78 451 263 452 151 623 
Vertex 624 distance 25
0 575 251 481 111 186 624 
Vertex 625 distance 32
0 575 251 32 438 210 133 625 
Vertex 626 distance 31
0 575 251 481 165 580 347 626 
Vertex 627 distance 21
0 575 251 32 627 
Vertex 628 distance 37
0 5 78 451 263 131 567 628 
Vertex 629 distance 31
0 429 208 629 
Vertex 630 distance 33
0 5 600 280 431 223 224 513 630 
Vertex 631 distance 37
0 5 600 280 134 631 
Vertex 632 distance 22
0 5 600 494 632 
Vertex 633 distance 42
0 5 600 494 388 633 
Vertex 634 distance 36
0 575 251 634 
Vertex 635 distance 46
0 575 251 481 111 436 441 495 340 500 635 
Vertex 636 distance 46
0 575 251 481 111 328 74 636 
Vertex 637 distance 32
0 5 78 451 141 129 162 637 
Vertex 638 distance 25
0 575 251 481 111 328 638 
Vertex 639 distance 31
0 5 600 494 244 639 
