Vertex 0 distance 0
0 0 
Vertex 1 distance 54
0 69 117 150 411 97 113 66 226 151 76 1 
Vertex 2 distance 27
0 2 
Vertex 3 distance 42
0 69 281 357 353 569 3 
Vertex 4 distance 36
0 69 281 443 368 4 
Vertex 5 distance 30
0 571 410 5 
Vertex 6 distance 43
0 69 117 150 499 6 
Vertex 7 distance 27
0 69 281 443 328 27 384 388 7 
Vertex 8 distance 41
0 69 281 443 516 341 8 
Vertex 9 distance 32
0 69 281 376 9 
Vertex 10 distance 26
0 69 281 443 328 27 10 
Vertex 11 distance 44
0 69 281 443 368 11 
Vertex 12 distance 38
0 69 281 490 228 489 64 93 553 570 12 
Vertex 13 distance 39
0 69 281 490 146 13 
Vertex 14 distance 35
0 69 117 150 499 454 470 617 14 
Vertex 15 distance 33
0 69 281 357 121 15 
Vertex 16 distance 32
0 169 16 
Vertex 17 distance 35
0 69 281 443 328 163 476 190 17 
Vertex 18 distance 34
0 69 281 490 228 50 529 18 
Vertex 19 distance 33
0 69 117 150 447 74 19 
Vertex 20 distance 43
0 69 281 443 328 468 305 508 568 20 
Vertex 21 distance 41
0 169 16 21 
Vertex 22 distance 33
0 69 281 443 218 469 22 
Vertex 23 distance 34
0 69 281 443 328 27 384 388 504 230 23 
Vertex 24 distance 38
0 69 117 150 499 454 470 617 14 250 24 
Vertex 25 distance 44
0 69 117 398 122 520 465 275 393 25 
Vertex 26 distance 32
0 69 281 443 218 278 26 
Vertex 27 distance 20
0 69 281 443 328 27 
Vertex 28 distance 41
0 69 281 443 328 468 377 572 455 28 
Vertex 29 distance 34
0 69 117 150 499 454 470 29 
Vertex 30 distance 34
0 69 117 150 411 97 113 66 226 151 30 
Vertex 31 distance 42
0 69 587 84 247 31 
Vertex 32 distance 30
0 69 117 150 447 32 
Vertex 33 distance 35
0 69 281 443 218 594 427 225 323 99 33 
Vertex 34 distance 49
0 69 281 357 121 34 
Vertex 35 distance 28
0 69 281 443 328 163 35 
Vertex 36 distance 30
0 453 36 
Vertex 37 distance 44
0 69 281 357 249 409 629 596 538 37 
Vertex 38 distance 30
0 69 281 443 328 503 555 38 
Vertex 39 distance 40
0 69 587 84 390 39 
Vertex 40 distance 38
0 69 281 357 502 550 40 
Vertex 41 distance 36
0 69 117 398 122 186 403 41 
Vertex 42 distance 34
0 69 281 490 616 42 
Vertex 43 distance 38
0 69 281 490 228 50 43 
Vertex 44 distance 29
0 69 281 443 328 27 384 588 44 
Vertex 45 distance 47
0 69 587 84 390 45 
Vertex 46 distance 35
0 69 117 398 280 46 
Vertex 47 distance 40
0 69 130 561 493 47 
Vertex 48 distance 34
0 69 281 443 218 594 427 153 256 48 
Vertex 49 distance 22
0 69 281 443 218 49 
Vertex 50 distance 27
0 69 281 490 228 50 
Vertex 51 distance 48
0 69 281 443 328 220 418 51 
Vertex 52 distance 42
0 69 281 357 365 52 
Vertex 53 distance 26
0 69 281 376 53 
Vertex 54 distance 28
0 69 117 398 280 361 54 
Vertex 55 distance 31
0 69 117 150 411 397 394 55 
Vertex 56 distance 25
0 69 56 
Vertex 57 distance 31
0 69 587 84 373 57 
Vertex 58 distance 33
0 69 281 443 218 278 129 460 58 
Vertex 59 distance 37
0 69 281 357 547 59 
Vertex 60 distance 29
0 69 281 443 218 594 269 60 
Vertex 61 distance 30
0 69 117 398 566 61 
Vertex 62 distance 38
0 69 117 150 499 454 470 62 
Vertex 63 distance 54
0 69 281 490 228 50 529 18 63 
Vertex 64 distance 28
0 69 281 490 228 489 64 
Vertex 65 distance 37
0 69 281 443 218 594 559 65 
Vertex 66 distance 26
0 69 117 150 411 97 113 66 
Vertex 67 distance 37
0 69 281 443 328 27 384 251 67 
Vertex 68 distance 44
0 69 117 398 566 68 
Vertex 69 distance 11
0 69 
Vertex 70 distance 42
0 69 117 150 447 74 70 
Vertex 71 distance 27
0 69 281 443 218 49 71 
Vertex 72 distance 28
0 571 72 
Vertex 73 distance 52
0 69 281 443 218 594 427 153 73 
Vertex 74 distance 24
0 69 117 150 447 74 
Vertex 75 distance 42
0 69 281 443 516 341 75 
Vertex 76 distance 34
0 69 117 150 411 97 113 66 226 151 76 
Vertex 77 distance 35
0 69 117 398 122 77 
Vertex 78 distance 53
0 69 117 150 447 604 78 
Vertex 79 distance 37
0 69 281 443 328 79 
Vertex 80 distance 34
0 69 281 443 218 278 80 
Vertex 81 distance 42
0 69 56 141 81 
Vertex 82 distance 41
0 69 117 150 411 97 113 66 226 151 30 133 82 
Vertex 83 distance 38
0 69 281 490 228 50 83 
Vertex 84 distance 25
0 69 587 84 
Vertex 85 distance 36
0 69 587 85 
Vertex 86 distance 35
0 69 281 443 218 49 632 109 86 
Vertex 87 distance 32
0 69 281 357 249 87 
Vertex 88 distance 41
0 69 117 398 429 88 
Vertex 89 distance 47
0 69 281 443 218 594 175 185 405 89 
Vertex 90 distance 32
0 69 281 95 519 90 
Vertex 91 distance 17
0 69 117 91 
Vertex 92 distance 40
0 69 117 150 447 604 92 
Vertex 93 distance 29
0 69 281 490 228 489 64 93 
Vertex 94 distance 31
0 69 281 357 365 94 
Vertex 95 distance 22
0 69 281 95 
Vertex 96 distance 39
0 69 281 357 249 409 96 
Vertex 97 distance 22
0 69 117 150 411 97 
Vertex 98 distance 38
0 69 117 91 98 
Vertex 99 distance 33
0 69 281 443 218 594 427 225 323 99 
Vertex 100 distance 30
0 69 281 443 328 468 377 100 
Vertex 101 distance 44
0 69 281 443 218 469 22 101 
Vertex 102 distance 43
0 453 391 105 102 
Vertex 103 distance 35
0 69 56 126 343 103 
Vertex 104 distance 50
0 69 281 490 432 301 104 
Vertex 105 distance 35
0 453 391 105 
Vertex 106 distance 43
0 69 117 150 447 237 633 606 106 
Vertex 107 distance 37
0 571 410 599 107 
Vertex 108 distance 31
0 69 281 443 218 49 108 
Vertex 109 distance 27
0 69 281 443 218 49 632 109 
Vertex 110 distance 37
0 69 117 150 411 397 574 110 
Vertex 111 distance 32
0 69 281 490 228 215 615 111 
Vertex 112 distance 69
0 69 281 443 328 468 268 112 
Vertex 113 distance 24
0 69 117 150 411 97 113 
Vertex 114 distance 44
0 69 117 150 447 237 633 606 114 
Vertex 115 distance 34
0 69 117 150 447 74 324 115 
Vertex 116 distance 45
0 69 281 443 368 116 
Vertex 117 distance 13
0 69 117 
Vertex 118 distance 34
0 69 117 150 447 74 197 118 
Vertex 119 distance 37
0 69 281 443 218 278 129 119 
Vertex 120 distance 32
0 69 117 150 447 533 387 120 
Vertex 121 distance 24
0 69 281 357 121 
Vertex 122 distance 29
0 69 117 398 122 
Vertex 123 distance 42
0 69 117 150 411 97 113 66 226 151 30 133 82 123 
Vertex 124 distance 31
0 69 117 150 385 124 
Vertex 125 distance 38
0 69 281 490 228 489 64 125 
Vertex 126 distance 28
0 69 56 126 
Vertex 127 distance 32
0 69 117 150 447 237 633 127 
Vertex 128 distance 47
0 69 117 398 170 128 
Vertex 129 distance 29
0 69 281 443 218 278 129 
Vertex 130 distance 26
0 69 130 
Vertex 131 distance 44
0 571 410 599 131 
Vertex 132 distance 34
0 69 281 490 146 132 
Vertex 133 distance 35
0 69 117 150 411 97 113 66 226 151 30 133 
Vertex 134 distance 39
0 453 391 105 134 
Vertex 135 distance 38
0 69 117 91 370 135 
Vertex 136 distance 32
0 69 281 95 136 
Vertex 137 distance 30
0 69 117 150 411 97 137 
Vertex 138 distance 34
0 69 281 357 121 179 138 
Vertex 139 distance 47
0 69 117 398 280 459 158 139 
Vertex 140 distance 38
0 69 281 443 218 594 427 225 323 140 
Vertex 141 distance 27
0 69 56 141 
Vertex 142 distance 39
0 69 281 357 121 142 
Vertex 143 distance 36
0 69 281 357 249 143 
Vertex 144 distance 34
0 69 56 126 343 144 
Vertex 145 distance 37
0 69 281 443 218 594 427 153 256 48 145 
Vertex 146 distance 26
0 69 281 490 146 
Vertex 147 distance 42
0 69 281 443 218 594 528 147 
Vertex 148 distance 35
0 69 281 443 218 49 148 
Vertex 149 distance 33
0 69 117 150 411 397 394 149 
Vertex 150 distance 14
0 69 117 150 
Vertex 151 distance 32
0 69 117 150 411 97 113 66 226 151 
Vertex 152 distance 39
0 69 281 490 228 252 258 152 
Vertex 153 distance 29
0 69 281 443 218 594 427 153 
Vertex 154 distance 39
0 69 281 443 328 27 272 154 
Vertex 155 distance 37
0 69 281 443 328 27 384 388 7 605 337 155 
Vertex 156 distance 40
0 69 56 126 343 245 156 
Vertex 157 distance 54
0 69 130 561 493 47 157 
Vertex 158 distance 26
0 69 117 398 280 459 158 
Vertex 159 distance 31
0 69 117 398 159 
Vertex 160 distance 29
0 69 281 443 328 468 377 160 
Vertex 161 distance 36
0 69 281 357 249 235 162 161 
Vertex 162 distance 34
0 69 281 357 249 235 162 
Vertex 163 distance 20
0 69 281 443 328 163 
Vertex 164 distance 38
0 69 117 150 411 97 164 
Vertex 165 distance 37
0 69 281 443 328 468 305 310 165 
Vertex 166 distance 29
0 69 117 150 411 397 574 166 
Vertex 167 distance 41
0 69 281 357 547 59 167 
Vertex 168 distance 25
0 69 117 150 411 97 168 
Vertex 169 distance 28
0 169 
Vertex 170 distance 38
0 69 117 398 170 
Vertex 171 distance 34
0 69 281 490 146 296 171 
Vertex 172 distance 31
0 69 56 501 172 
Vertex 173 distance 37
0 69 56 126 173 
Vertex 174 distance 46
0 69 117 398 159 174 
Vertex 175 distance 28
0 69 281 443 218 594 175 
Vertex 176 distance 25
0 69 117 398 176 
Vertex 177 distance 41
0 69 117 150 411 97 113 177 
Vertex 178 distance 49
0 69 117 150 447 74 324 115 491 548 178 
Vertex 179 distance 25
0 69 281 357 121 179 
Vertex 180 distance 34
0 69 281 357 502 550 540 180 
Vertex 181 distance 38
0 69 117 150 181 
Vertex 182 distance 32
0 69 281 443 516 341 182 
Vertex 183 distance 32
0 169 183 
Vertex 184 distance 31
0 69 281 443 328 27 384 588 184 
Vertex 185 distance 38
0 69 281 443 218 594 175 185 
Vertex 186 distance 33
0 69 117 398 122 186 
Vertex 187 distance 38
0 69 281 443 328 503 555 219 187 
Vertex 188 distance 32
0 69 281 443 516 341 188 
Vertex 189 distance 31
0 69 117 150 499 189 
Vertex 190 distance 32
0 69 281 443 328 163 476 190 
Vertex 191 distance 46
0 69 281 443 516 341 188 191 
Vertex 192 distance 44
0 69 281 443 218 49 632 109 86 625 192 
Vertex 193 distance 43
0 69 281 443 328 27 384 388 7 605 193 
Vertex 194 distance 40
0 69 281 357 365 94 194 
Vertex 195 distance 45
0 69 117 398 159 195 
Vertex 196 distance 36
0 69 281 490 228 489 196 
Vertex 197 distance 28
0 69 117 150 447 74 197 
Vertex 198 distance 36
0 169 183 198 
Vertex 199 distance 25
0 69 117 398 280 459 199 
Vertex 200 distance 44
0 69 117 91 200 
Vertex 201 distance 36
0 69 587 84 373 624 201 
Vertex 202 distance 34
0 453 628 202 
Vertex 203 distance 36
0 69 281 490 228 215 615 203 
Vertex 204 distance 43
0 69 281 376 485 204 
Vertex 205 distance 39
0 69 281 357 205 
Vertex 206 distance 40
0 69 117 398 280 459 199 206 
Vertex 207 distance 36
0 69 281 443 328 27 10 207 
Vertex 208 distance 36
0 69 281 443 328 27 384 388 7 605 208 
Vertex 209 distance 33
0 69 355 472 209 
Vertex 210 distance 32
0 69 355 576 210 
Vertex 211 distance 28
0 69 281 443 328 27 384 251 211 
Vertex 212 distance 40
0 69 117 150 499 454 470 617 14 250 212 
Vertex 213 distance 32
0 69 281 443 328 27 384 588 213 
Vertex 214 distance 40
0 69 117 150 411 97 113 66 226 151 214 
Vertex 215 distance 23
0 69 281 490 228 215 
Vertex 216 distance 37
0 571 410 5 525 216 
Vertex 217 distance 31
0 69 117 150 447 74 217 
Vertex 218 distance 21
0 69 281 443 218 
Vertex 219 distance 33
0 69 281 443 328 503 555 219 
Vertex 220 distance 36
0 69 281 443 328 220 
Vertex 221 distance 32
0 69 281 490 325 221 
Vertex 222 distance 37
0 69 281 443 328 503 222 
Vertex 223 distance 30
0 69 281 443 218 49 632 223 
Vertex 224 distance 37
0 571 224 
Vertex 225 distance 26
0 69 281 443 218 594 427 225 
Vertex 226 distance 27
0 69 117 150 411 97 113 66 226 
Vertex 227 distance 38
0 69 281 443 328 27 384 388 504 227 
Vertex 228 distance 22
0 69 281 490 228 
Vertex 229 distance 47
0 453 628 202 414 229 
Vertex 230 distance 32
0 69 281 443 328 27 384 388 504 230 
Vertex 231 distance 41
0 69 281 443 218 594 231 
Vertex 232 distance 60
0 69 281 443 328 27 384 431 531 232 
Vertex 233 distance 45
0 69 281 357 365 233 
Vertex 234 distance 40
0 169 183 234 
Vertex 235 distance 33
0 69 281 357 249 235 
Vertex 236 distance 39
0 69 117 150 447 74 197 118 356 236 
Vertex 237 distance 27
0 69 117 150 447 237 
Vertex 238 distance 43
0 69 281 443 218 49 632 238 
Vertex 239 distance 46
0 69 117 91 370 239 
Vertex 240 distance 34
0 69 281 95 136 593 240 
Vertex 241 distance 30
0 69 281 376 241 
Vertex 242 distance 38
0 69 281 490 228 489 242 
Vertex 243 distance 30
0 69 117 150 447 74 197 243 
Vertex 244 distance 28
0 69 244 
Vertex 245 distance 36
0 69 56 126 343 245 
Vertex 246 distance 45
0 69 355 246 
Vertex 247 distance 33
0 69 587 84 247 
Vertex 248 distance 32
0 69 281 443 328 468 377 572 248 
Vertex 249 distance 23
0 69 281 357 249 
Vertex 250 distance 37
0 69 117 150 499 454 470 617 14 250 
Vertex 251 distance 25
0 69 281 443 328 27 384 251 
Vertex 252 distance 26
0 69 281 490 228 252 
Vertex 253 distance 35
0 69 281 443 328 163 476 253 
Vertex 254 distance 37
0 453 628 254 
Vertex 255 distance 25
0 69 117 91 370 255 
Vertex 256 distance 32
0 69 281 443 218 594 427 153 256 
Vertex 257 distance 38
0 69 281 443 328 468 377 572 257 
Vertex 258 distance 32
0 69 281 490 228 252 258 
Vertex 259 distance 32
0 69 117 91 370 255 259 
Vertex 260 distance 44
0 69 117 91 370 255 407 340 260 
Vertex 261 distance 36
0 69 281 443 218 49 632 109 86 261 
Vertex 262 distance 31
0 69 281 443 218 49 632 262 
Vertex 263 distance 46
0 69 281 490 228 215 615 203 263 
Vertex 264 distance 46
0 69 281 443 328 27 384 635 264 
Vertex 265 distance 36
0 69 281 357 249 409 265 
Vertex 266 distance 61
0 69 117 150 447 533 387 266 
Vertex 267 distance 33
0 69 117 150 385 124 267 
Vertex 268 distance 50
0 69 281 443 328 468 268 
Vertex 269 distance 28
0 69 281 443 218 594 269 
Vertex 270 distance 33
0 69 281 490 146 270 
Vertex 271 distance 39
0 69 281 357 249 409 265 271 
Vertex 272 distance 31
0 69 281 443 328 27 272 
Vertex 273 distance 42
0 69 117 398 566 273 
Vertex 274 distance 27
0 69 281 443 218 49 632 274 
Vertex 275 distance 37
0 69 117 398 122 520 465 275 
Vertex 276 distance 36
0 69 117 150 499 454 470 617 14 276 
Vertex 277 distance 55
0 69 281 490 146 296 609 277 
Vertex 278 distance 28
0 69 281 443 218 278 
Vertex 279 distance 35
0 69 281 95 345 279 
Vertex 280 distance 19
0 69 117 398 280 
Vertex 281 distance 13
0 69 281 
Vertex 282 distance 33
0 453 36 282 
Vertex 283 distance 38
0 69 117 150 447 74 217 283 
Vertex 284 distance 43
0 69 281 490 228 489 64 93 553 570 284 
Vertex 285 distance 42
0 69 281 490 285 
Vertex 286 distance 32
0 69 281 490 228 489 64 93 286 
Vertex 287 distance 33
0 69 281 443 218 49 632 274 287 
Vertex 288 distance 35
0 571 380 524 288 
Vertex 289 distance 35
0 69 281 357 121 289 
Vertex 290 distance 44
0 69 281 490 290 
Vertex 291 distance 28
0 571 291 
Vertex 292 distance 37
0 69 281 443 328 163 476 253 292 
Vertex 293 distance 48
0 69 117 150 447 74 197 118 293 
Vertex 294 distance 28
0 69 117 150 411 294 
Vertex 295 distance 40
0 69 281 443 218 594 427 225 567 295 
Vertex 296 distance 29
0 69 281 490 146 296 
Vertex 297 distance 31
0 69 281 490 228 489 297 
Vertex 298 distance 34
0 69 117 298 
Vertex 299 distance 41
0 69 117 150 299 
Vertex 300 distance 46
0 69 281 443 328 27 384 388 300 
Vertex 301 distance 39
0 69 281 490 432 301 
Vertex 302 distance 35
0 571 302 
Vertex 303 distance 32
0 69 281 443 328 468 377 532 303 
Vertex 304 distance 59
0 69 281 490 228 489 64 93 304 
Vertex 305 distance 29
0 69 281 443 328 468 305 
Vertex 306 distance 39
0 69 281 443 328 27 384 388 504 227 306 
Vertex 307 distance 33
0 571 291 307 
Vertex 308 distance 35
0 69 117 398 566 308 
Vertex 309 distance 34
0 69 281 443 328 503 555 38 420 309 
Vertex 310 distance 30
0 69 281 443 328 468 305 310 
Vertex 311 distance 28
0 69 281 311 
Vertex 312 distance 40
0 69 587 84 373 624 312 
Vertex 313 distance 43
0 69 281 443 328 468 305 508 313 
Vertex 314 distance 32
0 69 281 443 328 503 314 
Vertex 315 distance 39
0 69 281 443 328 468 377 572 455 315 
Vertex 316 distance 48
0 69 281 443 218 278 26 316 
Vertex 317 distance 38
0 69 281 443 218 278 26 317 
Vertex 318 distance 26
0 69 281 443 328 27 384 251 318 
Vertex 319 distance 30
0 69 117 91 370 255 319 
Vertex 320 distance 36
0 69 117 398 429 320 
Vertex 321 distance 40
0 69 355 472 209 321 
Vertex 322 distance 44
0 69 281 443 328 468 377 572 455 322 
Vertex 323 distance 32
0 69 281 443 218 594 427 225 323 
Vertex 324 distance 31
0 69 117 150 447 74 324 
Vertex 325 distance 29
0 69 281 490 325 
Vertex 326 distance 39
0 69 281 95 136 364 326 
Vertex 327 distance 57
0 69 587 85 327 
Vertex 328 distance 15
0 69 281 443 328 
Vertex 329 distance 26
0 69 117 150 385 329 
Vertex 330 distance 40
0 69 281 443 218 49 632 274 330 
Vertex 331 distance 37
0 69 281 490 325 221 331 
Vertex 332 distance 37
0 69 117 150 447 74 197 118 332 
Vertex 333 distance 43
0 69 281 443 328 163 476 253 333 
Vertex 334 distance 31
0 571 334 
Vertex 335 distance 46
0 69 281 443 328 27 384 431 531 335 
Vertex 336 distance 33
0 571 410 336 
Vertex 337 distance 36
0 69 281 443 328 27 384 388 7 605 337 
Vertex 338 distance 41
0 69 117 150 411 97 113 66 226 338 
Vertex 339 distance 38
0 69 281 443 328 27 384 509 359 339 
Vertex 340 distance 36
0 69 117 91 370 255 407 340 
Vertex 341 distance 29
0 69 281 443 516 341 
Vertex 342 distance 34
0 69 281 443 328 468 377 532 342 
Vertex 343 distance 32
0 69 56 126 343 
Vertex 344 distance 34
0 69 117 150 447 74 197 243 344 
Vertex 345 distance 31
0 69 281 95 345 
Vertex 346 distance 34
0 69 281 311 346 
Vertex 347 distance 46
0 69 281 443 218 594 175 185 405 347 
Vertex 348 distance 51
0 69 117 150 411 397 394 348 
Vertex 349 distance 46
0 69 117 150 447 533 387 349 
Vertex 350 distance 36
0 69 281 490 228 489 64 93 286 350 
Vertex 351 distance 35
0 69 117 150 351 
Vertex 352 distance 38
0 69 281 443 328 27 384 251 318 352 
Vertex 353 distance 32
0 69 281 357 353 
Vertex 354 distance 38
0 69 281 443 328 468 377 532 342 354 
Vertex 355 distance 21
0 69 355 
Vertex 356 distance 35
0 69 117 150 447 74 197 118 356 
Vertex 357 distance 14
0 69 281 357 
Vertex 358 distance 40
0 69 281 443 218 594 427 153 256 578 358 
Vertex 359 distance 34
0 69 281 443 328 27 384 509 359 
Vertex 360 distance 28
0 69 117 150 411 97 113 66 360 
Vertex 361 distance 25
0 69 117 398 280 361 
Vertex 362 distance 40
0 69 117 150 447 237 362 
Vertex 363 distance 37
0 69 117 150 411 294 363 
Vertex 364 distance 33
0 69 281 95 136 364 
Vertex 365 distance 28
0 69 281 357 365 
Vertex 366 distance 39
0 2 545 366 
Vertex 367 distance 30
0 69 117 150 411 97 113 66 226 367 
Vertex 368 distance 31
0 69 281 443 368 
Vertex 369 distance 30
0 69 117 398 280 459 199 369 
Vertex 370 distance 22
0 69 117 91 370 
Vertex 371 distance 44
0 69 281 490 325 221 331 374 371 
Vertex 372 distance 35
0 69 281 443 328 27 384 388 7 605 372 
Vertex 373 distance 26
0 69 587 84 373 
Vertex 374 distance 41
0 69 281 490 325 221 331 374 
Vertex 375 distance 33
0 69 117 150 447 237 633 375 
Vertex 376 distance 25
0 69 281 376 
Vertex 377 distance 23
0 69 281 443 328 468 377 
Vertex 378 distance 33
0 69 281 443 218 594 269 60 378 
Vertex 379 distance 43
0 69 117 91 98 379 
Vertex 380 distance 26
0 571 380 
Vertex 381 distance 41
0 69 281 443 516 341 188 381 
Vertex 382 distance 38
0 69 355 472 209 382 
Vertex 383 distance 35
0 69 281 490 228 489 64 93 383 
Vertex 384 distance 22
0 69 281 443 328 27 384 
Vertex 385 distance 25
0 69 117 150 385 
Vertex 386 distance 41
0 69 281 443 328 468 305 310 165 386 
Vertex 387 distance 26
0 69 117 150 447 533 387 
Vertex 388 distance 25
0 69 281 443 328 27 384 388 
Vertex 389 distance 41
0 453 36 282 389 
Vertex 390 distance 31
0 69 587 84 390 
Vertex 391 distance 30
0 453 391 
Vertex 392 distance 31
0 69 355 472 392 
Vertex 393 distance 38
0 69 117 398 122 520 465 275 393 
Vertex 394 distance 27
0 69 117 150 411 397 394 
Vertex 395 distance 46
0 69 281 443 328 27 384 388 7 605 395 
Vertex 396 distance 50
0 69 117 150 385 124 610 396 
Vertex 397 distance 22
0 69 117 150 411 397 
Vertex 398 distance 15
0 69 117 398 
Vertex 399 distance 24
0 477 399 
Vertex 400 distance 34
0 69 281 357 353 400 
Vertex 401 distance 34
0 69 117 398 280 361 54 401 
Vertex 402 distance 35
0 69 281 443 328 468 377 638 402 
Vertex 403 distance 34
0 69 117 398 122 186 403 
Vertex 404 distance 39
0 69 281 490 228 489 64 93 286 350 404 
Vertex 405 distance 44
0 69 281 443 218 594 175 185 405 
Vertex 406 distance 29
0 69 281 490 228 489 406 
Vertex 407 distance 32
0 69 117 91 370 255 407 
Vertex 408 distance 32
0 69 281 95 345 408 
Vertex 409 distance 30
0 69 281 357 249 409 
Vertex 410 distance 29
0 571 410 
Vertex 411 distance 21
0 69 117 150 411 
Vertex 412 distance 42
0 69 281 443 328 468 377 572 455 28 412 
Vertex 413 distance 30
0 69 611 639 413 
Vertex 414 distance 37
0 453 628 202 414 
Vertex 415 distance 43
0 69 281 443 218 594 559 541 415 
Vertex 416 distance 39
0 69 117 91 370 255 407 416 
Vertex 417 distance 40
0 69 281 490 228 50 417 
Vertex 418 distance 43
0 69 281 443 328 220 418 
Vertex 419 distance 44
0 69 281 443 516 341 188 419 
Vertex 420 distance 32
0 69 281 443 328 503 555 38 420 
Vertex 421 distance 35
0 69 355 472 392 421 
Vertex 422 distance 39
0 69 281 490 228 489 422 
Vertex 423 distance 36
0 69 281 443 328 27 384 635 423 
Vertex 424 distance 46
0 69 281 357 121 289 424 
Vertex 425 distance 40
0 69 281 443 328 27 425 
Vertex 426 distance 32
0 69 117 150 447 533 426 
Vertex 427 distance 24
0 69 281 443 218 594 427 
Vertex 428 distance 35
0 69 117 150 411 397 394 428 
Vertex 429 distance 28
0 69 117 398 429 
Vertex 430 distance 40
0 69 355 472 392 430 
Vertex 431 distance 25
0 69 281 443 328 27 384 431 
Vertex 432 distance 34
0 69 281 490 432 
Vertex 433 distance 36
0 69 117 150 411 97 113 66 433 
Vertex 434 distance 42
0 69 281 490 228 50 529 434 
Vertex 435 distance 26
0 69 117 150 411 97 168 435 
Vertex 436 distance 48
0 69 281 443 328 27 384 588 44 436 
Vertex 437 distance 38
0 69 117 398 280 361 54 401 437 
Vertex 438 distance 36
0 69 281 95 345 438 
Vertex 439 distance 46
0 69 117 150 385 439 
Vertex 440 distance 41
0 69 281 490 228 50 43 440 
Vertex 441 distance 42
0 69 281 443 328 468 377 572 455 441 
Vertex 442 distance 27
0 442 
Vertex 443 distance 14
0 69 281 443 
Vertex 444 distance 49
0 69 281 490 228 50 43 444 
Vertex 445 distance 42
0 2 545 366 445 
Vertex 446 distance 46
0 69 117 150 385 124 610 446 
Vertex 447 distance 19
0 69 117 150 447 
Vertex 448 distance 49
0 69 281 357 121 179 448 
Vertex 449 distance 45
0 69 281 443 218 49 632 109 86 261 449 
Vertex 450 distance 38
0 69 117 150 499 450 
Vertex 451 distance 38
0 69 281 443 218 451 
Vertex 452 distance 52
0 69 281 443 218 594 427 225 527 452 
Vertex 453 distance 26
0 453 
Vertex 454 distance 29
0 69 117 150 499 454 
Vertex 455 distance 33
0 69 281 443 328 468 377 572 455 
Vertex 456 distance 29
0 2 456 
Vertex 457 distance 38
0 69 587 84 247 457 
Vertex 458 distance 42
0 571 410 599 458 
Vertex 459 distance 23
0 69 117 398 280 459 
Vertex 460 distance 31
0 69 281 443 218 278 129 460 
Vertex 461 distance 32
0 477 399 461 
Vertex 462 distance 30
0 69 117 150 447 533 387 462 
Vertex 463 distance 32
0 69 117 150 411 294 463 
Vertex 464 distance 30
0 69 281 357 249 464 
Vertex 465 distance 34
0 69 117 398 122 520 465 
Vertex 466 distance 40
0 69 281 95 345 438 466 
Vertex 467 distance 34
0 69 117 398 429 467 
Vertex 468 distance 22
0 69 281 443 328 468 
Vertex 469 distance 23
0 69 281 443 218 469 
Vertex 470 distance 31
0 69 117 150 499 454 470 
Vertex 471 distance 36
0 69 281 443 218 594 528 471 
Vertex 472 distance 26
0 69 355 472 
Vertex 473 distance 37
0 69 281 95 519 90 473 
Vertex 474 distance 32
0 69 281 490 228 252 474 
Vertex 475 distance 40
0 69 117 91 370 255 407 340 475 
Vertex 476 distance 25
0 69 281 443 328 163 476 
Vertex 477 distance 19
0 477 
Vertex 478 distance 41
0 69 281 357 484 478 
Vertex 479 distance 37
0 69 281 311 479 
Vertex 480 distance 49
0 69 117 150 499 454 470 617 14 250 212 480 
Vertex 481 distance 34
0 69 281 357 249 409 481 
Vertex 482 distance 43
0 69 281 357 502 550 482 
Vertex 483 distance 31
0 69 117 398 429 483 
Vertex 484 distance 40
0 69 281 357 484 
Vertex 485 distance 39
0 69 281 376 485 
Vertex 486 distance 35
0 69 281 376 53 486 
Vertex 487 distance 38
0 69 281 443 218 278 129 487 
Vertex 488 distance 48
0 69 56 126 343 103 488 
Vertex 489 distance 26
0 69 281 490 228 489 
Vertex 490 distance 21
0 69 281 490 
Vertex 491 distance 39
0 69 117 150 447 74 324 115 491 
Vertex 492 distance 56
0 69 117 398 122 520 492 
Vertex 493 distance 39
0 69 130 561 493 
Vertex 494 distance 37
0 69 355 576 210 494 
Vertex 495 distance 51
0 69 281 495 
Vertex 496 distance 37
0 69 117 150 447 74 19 496 
Vertex 497 distance 32
0 69 281 443 218 278 129 460 497 
Vertex 498 distance 46
0 69 281 443 218 49 632 262 498 
Vertex 499 distance 26
0 69 117 150 499 
Vertex 500 distance 41
0 69 281 443 218 594 269 60 500 
Vertex 501 distance 28
0 69 56 501 
Vertex 502 distance 23
0 69 281 357 502 
Vertex 503 distance 26
0 69 281 443 328 503 
Vertex 504 distance 29
0 69 281 443 328 27 384 388 504 
Vertex 505 distance 35
0 169 183 505 
Vertex 506 distance 36
0 69 117 150 411 397 394 506 
Vertex 507 distance 28
0 571 380 507 
Vertex 508 distance 31
0 69 281 443 328 468 305 508 
Vertex 509 distance 31
0 69 281 443 328 27 384 509 
Vertex 510 distance 38
0 69 587 85 510 
Vertex 511 distance 48
0 571 410 5 525 585 511 
Vertex 512 distance 45
0 69 281 443 328 27 384 388 512 
Vertex 513 distance 44
0 69 281 443 328 468 377 572 455 513 
Vertex 514 distance 45
0 69 281 443 516 341 75 514 
Vertex 515 distance 39
0 69 117 398 566 61 515 
Vertex 516 distance 27
0 69 281 443 516 
Vertex 517 distance 39
0 69 281 95 345 517 
Vertex 518 distance 40
0 69 281 490 228 630 518 
Vertex 519 distance 31
0 69 281 95 519 
Vertex 520 distance 31
0 69 117 398 122 520 
Vertex 521 distance 48
0 69 281 443 328 468 305 508 313 521 
Vertex 522 distance 36
0 69 117 398 280 459 199 369 522 
Vertex 523 distance 41
0 69 281 443 328 27 384 388 523 
Vertex 524 distance 31
0 571 380 524 
Vertex 525 distance 32
0 571 410 5 525 
Vertex 526 distance 34
0 69 117 150 411 97 113 66 226 151 526 
Vertex 527 distance 28
0 69 281 443 218 594 427 225 527 
Vertex 528 distance 32
0 69 281 443 218 594 528 
Vertex 529 distance 28
0 69 281 490 228 50 529 
Vertex 530 distance 46
0 69 117 150 447 604 92 530 
Vertex 531 distance 27
0 69 281 443 328 27 384 431 531 
Vertex 532 distance 25
0 69 281 443 328 468 377 532 
Vertex 533 distance 23
0 69 117 150 447 533 
Vertex 534 distance 36
0 69 281 490 228 489 64 93 553 534 
Vertex 535 distance 39
0 69 281 490 432 535 
Vertex 536 distance 38
0 69 281 443 218 278 129 119 536 
Vertex 537 distance 48
0 69 281 443 218 594 427 153 256 578 537 
Vertex 538 distance 36
0 69 281 357 249 409 629 596 538 
Vertex 539 distance 35
0 69 117 150 411 97 168 435 539 
Vertex 540 distance 28
0 69 281 357 502 550 540 
Vertex 541 distance 35
0 69 281 443 218 594 559 541 
Vertex 542 distance 42
0 69 117 398 122 186 542 
Vertex 543 distance 39
0 453 543 
Vertex 544 distance 35
0 69 281 443 218 49 632 223 544 
Vertex 545 distance 37
0 2 545 
Vertex 546 distance 43
0 69 281 443 218 546 
Vertex 547 distance 35
0 69 281 357 547 
Vertex 548 distance 45
0 69 117 150 447 74 324 115 491 548 
Vertex 549 distance 32
0 69 281 443 328 27 384 588 184 549 
Vertex 550 distance 25
0 69 281 357 502 550 
Vertex 551 distance 53
0 69 281 443 218 49 632 223 551 
Vertex 552 distance 33
0 69 587 84 390 552 
Vertex 553 distance 33
0 69 281 490 228 489 64 93 553 
Vertex 554 distance 34
0 69 281 490 228 489 64 93 553 554 
Vertex 555 distance 29
0 69 281 443 328 503 555 
Vertex 556 distance 33
0 69 281 95 556 
Vertex 557 distance 41
0 69 281 443 328 503 314 595 557 
Vertex 558 distance 42
0 69 281 490 228 215 615 111 558 
Vertex 559 distance 29
0 69 281 443 218 594 559 
Vertex 560 distance 36
0 69 355 472 392 560 
Vertex 561 distance 34
0 69 130 561 
Vertex 562 distance 47
0 69 281 443 328 468 305 310 165 562 
Vertex 563 distance 35
0 69 117 150 499 189 563 
Vertex 564 distance 36
0 69 281 443 328 468 377 532 303 564 
Vertex 565 distance 44
0 69 281 443 328 220 418 565 
Vertex 566 distance 21
0 69 117 398 566 
Vertex 567 distance 37
0 69 281 443 218 594 427 225 567 
Vertex 568 distance 33
0 69 281 443 328 468 305 508 568 
Vertex 569 distance 39
0 69 281 357 353 569 
Vertex 570 distance 34
0 69 281 490 228 489 64 93 553 570 
Vertex 571 distance 22
0 571 
Vertex 572 distance 31
0 69 281 443 328 468 377 572 
Vertex 573 distance 42
0 69 117 91 370 573 
Vertex 574 distance 26
0 69 117 150 411 397 574 
Vertex 575 distance 38
0 69 281 490 228 489 575 
Vertex 576 distance 28
0 69 355 576 
Vertex 577 distance 41
0 69 281 357 249 409 265 577 
Vertex 578 distance 37
0 69 281 443 218 594 427 153 256 578 
Vertex 579 distance 40
0 571 380 524 579 
Vertex 580 distance 36
0 69 281 443 328 27 384 388 7 605 372 580 
Vertex 581 distance 36
0 69 281 490 228 489 64 93 553 570 581 
Vertex 582 distance 40
0 69 117 398 280 46 582 
Vertex 583 distance 35
0 69 281 443 516 583 
Vertex 584 distance 36
0 453 584 
Vertex 585 distance 40
0 571 410 5 525 585 
Vertex 586 distance 37
0 69 281 443 328 27 384 586 
Vertex 587 distance 17
0 69 587 
Vertex 588 distance 26
0 69 281 443 328 27 384 588 
Vertex 589 distance 49
0 69 355 589 
Vertex 590 distance 41
0 69 281 357 121 179 138 590 
Vertex 591 distance 40
0 69 281 357 249 143 591 
Vertex 592 distance 46
0 69 117 398 170 592 
Vertex 593 distance 33
0 69 281 95 136 593 
Vertex 594 distance 22
0 69 281 443 218 594 
Vertex 595 distance 34
0 69 281 443 328 503 314 595 
Vertex 596 distance 34
0 69 281 357 249 409 629 596 
Vertex 597 distance 40
0 453 597 
Vertex 598 distance 30
0 69 281 357 598 
Vertex 599 distance 32
0 571 410 599 
Vertex 600 distance 56
0 69 281 357 249 235 162 161 619 600 
Vertex 601 distance 55
0 69 281 490 228 215 615 111 601 
Vertex 602 distance 39
0 69 56 602 
Vertex 603 distance 44
0 69 281 443 218 594 427 225 323 99 603 
Vertex 604 distance 27
0 69 117 150 447 604 
Vertex 605 distance 33
0 69 281 443 328 27 384 388 7 605 
Vertex 606 distance 32
0 69 117 150 447 237 633 606 
Vertex 607 distance 44
0 69 281 443 328 503 555 607 
Vertex 608 distance 37
0 69 117 398 176 608 
Vertex 609 distance 32
0 69 281 490 146 296 609 
Vertex 610 distance 35
0 69 117 150 385 124 610 
Vertex 611 distance 24
0 69 611 
Vertex 612 distance 35
0 69 281 443 218 49 612 
Vertex 613 distance 54
0 69 281 443 328 468 377 100 613 
Vertex 614 distance 41
0 571 380 524 288 614 
Vertex 615 distance 28
0 69 281 490 228 215 615 
Vertex 616 distance 28
0 69 281 490 616 
Vertex 617 distance 34
0 69 117 150 499 454 470 617 
Vertex 618 distance 33
0 69 587 84 373 624 618 
Vertex 619 distance 41
0 69 281 357 249 235 162 161 619 
Vertex 620 distance 49
0 69 281 443 218 594 427 225 323 99 33 620 
Vertex 621 distance 35
0 69 281 95 519 621 
Vertex 622 distance 41
0 453 628 622 
Vertex 623 distance 39
0 69 281 311 346 623 
Vertex 624 distance 31
0 69 587 84 373 624 
Vertex 625 distance 43
0 69 281 443 218 49 632 109 86 625 
Vertex 626 distance 34
0 69 117 150 447 533 426 626 
Vertex 627 distance 38
0 69 281 95 627 
Vertex 628 distance 32
0 453 628 
Vertex 629 distance 32
0 69 281 357 249 409 629 
Vertex 630 distance 28
0 69 281 490 228 630 
Vertex 631 distance 47
0 69 281 443 328 468 377 572 257 631 
Vertex 632 distance 26
0 69 281 443 218 49 632 
Vertex 633 distance 30
0 69 117 150 447 237 633 
Vertex 634 distance 45
0 69 281 443 218 278 129 460 58 634 
Vertex 635 distance 34
0 69 281 443 328 27 384 635 
Vertex 636 distance 38
0 69 117 150 411 97 168 435 636 
Vertex 637 distance 31
0 69 56 141 637 
Vertex 638 distance 27
0 69 281 443 328 468 377 638 
Vertex 639 distance 25
0 69 611 639 
