Vertex 0 distance 0
0 0 
Vertex 1 distance 22
0 340 244 451 1 
Vertex 2 distance 37
0 340 244 564 47 259 2 
Vertex 3 distance 33
0 340 325 169 530 612 3 
Vertex 4 distance 48
0 340 325 169 530 612 3 285 4 
Vertex 5 distance 36
0 340 325 511 385 5 
Vertex 6 distance 29
0 340 325 241 455 637 6 
Vertex 7 distance 43
0 340 325 551 256 374 31 7 
Vertex 8 distance 30
0 340 325 169 530 166 8 
Vertex 9 distance 42
0 340 244 451 191 30 98 423 225 9 
Vertex 10 distance 48
0 340 325 511 385 120 398 10 
Vertex 11 distance 49
0 340 165 483 182 520 11 
Vertex 12 distance 30
0 340 325 169 530 12 
Vertex 13 distance 42
0 340 325 169 224 464 234 13 
Vertex 14 distance 36
0 340 244 451 1 93 14 
Vertex 15 distance 36
0 340 325 570 68 276 15 
Vertex 16 distance 36
0 340 244 451 191 30 357 555 16 
Vertex 17 distance 39
0 340 244 484 212 524 17 
Vertex 18 distance 29
0 340 244 451 1 454 18 
Vertex 19 distance 22
0 340 466 19 
Vertex 20 distance 41
0 340 244 484 20 
Vertex 21 distance 48
0 340 393 527 21 
Vertex 22 distance 36
0 340 325 241 248 22 
Vertex 23 distance 35
0 340 244 589 144 304 23 
Vertex 24 distance 40
0 340 244 451 191 30 357 322 24 
Vertex 25 distance 44
0 340 325 241 455 637 6 25 
Vertex 26 distance 30
0 340 325 570 68 26 
Vertex 27 distance 37
0 340 325 169 530 612 27 
Vertex 28 distance 43
0 340 244 564 336 396 34 149 588 28 
Vertex 29 distance 30
0 340 244 484 161 192 152 29 
Vertex 30 distance 19
0 340 244 451 191 30 
Vertex 31 distance 34
0 340 325 551 256 374 31 
Vertex 32 distance 43
0 340 470 388 32 
Vertex 33 distance 33
0 340 325 570 68 26 33 
Vertex 34 distance 31
0 340 244 564 336 396 34 
Vertex 35 distance 37
0 340 244 451 191 30 98 300 35 
Vertex 36 distance 30
0 340 325 570 68 442 40 36 
Vertex 37 distance 38
0 340 325 528 37 
Vertex 38 distance 34
0 340 244 564 38 
Vertex 39 distance 29
0 340 325 570 474 39 
Vertex 40 distance 27
0 340 325 570 68 442 40 
Vertex 41 distance 32
0 340 244 451 191 41 
Vertex 42 distance 26
0 340 244 484 510 42 
Vertex 43 distance 32
0 340 325 169 104 53 419 43 
Vertex 44 distance 27
0 340 244 451 278 44 
Vertex 45 distance 39
0 340 244 451 1 45 
Vertex 46 distance 35
0 340 325 169 530 612 236 233 50 46 
Vertex 47 distance 29
0 340 244 564 47 
Vertex 48 distance 29
0 340 325 241 455 637 48 
Vertex 49 distance 19
0 340 244 451 191 337 49 
Vertex 50 distance 30
0 340 325 169 530 612 236 233 50 
Vertex 51 distance 40
0 340 244 484 510 314 51 
Vertex 52 distance 39
0 340 244 451 191 52 
Vertex 53 distance 25
0 340 325 169 104 53 
Vertex 54 distance 34
0 340 325 570 607 228 390 54 
Vertex 55 distance 46
0 340 244 451 278 402 232 130 430 55 
Vertex 56 distance 27
0 340 325 169 104 53 419 56 
Vertex 57 distance 35
0 340 325 241 248 57 
Vertex 58 distance 34
0 340 325 511 485 495 249 114 58 
Vertex 59 distance 27
0 340 244 451 191 30 98 600 59 
Vertex 60 distance 45
0 340 470 388 60 
Vertex 61 distance 44
0 340 466 463 473 320 61 
Vertex 62 distance 31
0 340 393 62 
Vertex 63 distance 30
0 340 470 437 63 
Vertex 64 distance 39
0 340 325 169 530 612 3 285 113 64 
Vertex 65 distance 43
0 340 325 169 530 166 8 65 
Vertex 66 distance 36
0 340 165 483 487 571 66 
Vertex 67 distance 34
0 340 325 511 485 495 392 67 
Vertex 68 distance 21
0 340 325 570 68 
Vertex 69 distance 33
0 340 244 451 191 30 98 423 529 69 
Vertex 70 distance 41
0 340 244 451 191 30 98 70 
Vertex 71 distance 47
0 340 393 513 371 112 205 71 
Vertex 72 distance 38
0 340 325 511 485 495 249 114 58 72 
Vertex 73 distance 37
0 340 325 570 607 228 390 54 73 
Vertex 74 distance 31
0 340 244 451 74 
Vertex 75 distance 27
0 340 75 
Vertex 76 distance 34
0 340 325 511 485 495 392 76 
Vertex 77 distance 32
0 340 325 169 104 53 443 77 
Vertex 78 distance 44
0 340 325 570 68 276 263 78 
Vertex 79 distance 44
0 340 325 169 104 53 443 376 106 79 
Vertex 80 distance 35
0 340 244 451 191 30 357 216 80 
Vertex 81 distance 49
0 340 325 551 256 374 31 81 
Vertex 82 distance 31
0 340 82 
Vertex 83 distance 26
0 340 244 451 191 592 83 
Vertex 84 distance 44
0 340 244 564 336 396 34 149 588 84 
Vertex 85 distance 34
0 340 325 511 485 495 249 85 
Vertex 86 distance 52
0 340 325 570 68 26 33 550 86 
Vertex 87 distance 43
0 340 325 511 485 495 392 67 519 87 
Vertex 88 distance 30
0 340 244 451 191 30 98 423 225 88 
Vertex 89 distance 41
0 340 325 570 468 153 89 
Vertex 90 distance 32
0 340 244 451 191 30 98 423 225 90 
Vertex 91 distance 35
0 340 325 570 68 442 91 
Vertex 92 distance 38
0 340 244 451 191 337 459 215 502 92 
Vertex 93 distance 28
0 340 244 451 1 93 
Vertex 94 distance 33
0 340 325 241 455 637 94 
Vertex 95 distance 37
0 340 244 564 47 259 95 
Vertex 96 distance 38
0 340 325 511 485 109 597 96 
Vertex 97 distance 42
0 340 393 513 371 97 
Vertex 98 distance 20
0 340 244 451 191 30 98 
Vertex 99 distance 31
0 340 325 570 474 329 99 
Vertex 100 distance 28
0 340 244 451 191 592 83 100 
Vertex 101 distance 37
0 340 325 551 279 101 
Vertex 102 distance 33
0 537 321 500 102 
Vertex 103 distance 34
0 340 325 570 474 329 214 103 
Vertex 104 distance 24
0 340 325 169 104 
Vertex 105 distance 31
0 340 244 451 191 30 98 423 105 
Vertex 106 distance 34
0 340 325 169 104 53 443 376 106 
Vertex 107 distance 44
0 340 325 551 256 374 31 7 107 
Vertex 108 distance 37
0 340 325 551 256 240 307 108 
Vertex 109 distance 26
0 340 325 511 485 109 
Vertex 110 distance 48
0 340 244 451 191 30 98 423 110 
Vertex 111 distance 42
0 340 244 451 278 402 232 130 559 231 111 
Vertex 112 distance 34
0 340 393 513 371 112 
Vertex 113 distance 38
0 340 325 169 530 612 3 285 113 
Vertex 114 distance 31
0 340 325 511 485 495 249 114 
Vertex 115 distance 42
0 340 393 168 433 630 115 
Vertex 116 distance 33
0 340 325 241 455 428 116 
Vertex 117 distance 44
0 340 117 
Vertex 118 distance 37
0 340 470 437 222 288 118 
Vertex 119 distance 46
0 340 325 169 104 412 119 
Vertex 120 distance 35
0 340 325 511 385 120 
Vertex 121 distance 37
0 340 325 528 121 
Vertex 122 distance 29
0 340 325 570 68 442 122 
Vertex 123 distance 34
0 340 466 463 282 123 
Vertex 124 distance 32
0 340 244 451 191 337 49 323 124 
Vertex 125 distance 30
0 340 325 169 125 
Vertex 126 distance 37
0 340 325 511 485 109 597 126 
Vertex 127 distance 37
0 340 325 169 104 53 127 
Vertex 128 distance 33
0 340 244 451 191 30 98 600 128 
Vertex 129 distance 31
0 340 393 513 371 129 
Vertex 130 distance 31
0 340 244 451 278 402 232 130 
Vertex 131 distance 28
0 340 244 484 212 131 
Vertex 132 distance 37
0 340 466 535 132 
Vertex 133 distance 40
0 340 244 589 144 304 133 
Vertex 134 distance 41
0 340 393 527 195 134 
Vertex 135 distance 39
0 340 244 451 191 30 98 600 59 264 135 
Vertex 136 distance 31
0 340 393 253 136 
Vertex 137 distance 28
0 340 325 137 
Vertex 138 distance 48
0 340 325 570 68 138 
Vertex 139 distance 37
0 340 244 451 191 30 265 139 
Vertex 140 distance 44
0 340 393 513 371 97 140 
Vertex 141 distance 34
0 340 325 169 104 53 419 595 196 204 141 
Vertex 142 distance 40
0 340 244 484 510 42 518 142 
Vertex 143 distance 35
0 340 325 511 385 560 143 
Vertex 144 distance 29
0 340 244 589 144 
Vertex 145 distance 35
0 340 325 169 104 53 419 595 196 204 145 
Vertex 146 distance 47
0 340 244 451 191 592 83 100 577 146 
Vertex 147 distance 35
0 340 393 253 424 147 
Vertex 148 distance 34
0 340 470 437 148 
Vertex 149 distance 32
0 340 244 564 336 396 34 149 
Vertex 150 distance 38
0 340 244 451 278 402 436 150 
Vertex 151 distance 35
0 340 244 563 151 
Vertex 152 distance 29
0 340 244 484 161 192 152 
Vertex 153 distance 28
0 340 325 570 468 153 
Vertex 154 distance 30
0 340 244 451 191 30 98 423 154 
Vertex 155 distance 32
0 340 325 241 248 397 155 
Vertex 156 distance 38
0 340 393 513 156 
Vertex 157 distance 36
0 340 393 253 424 504 157 
Vertex 158 distance 33
0 340 325 241 455 637 48 158 
Vertex 159 distance 51
0 340 325 570 606 363 620 159 
Vertex 160 distance 32
0 340 75 160 
Vertex 161 distance 22
0 340 244 484 161 
Vertex 162 distance 42
0 340 244 451 278 402 436 150 162 
Vertex 163 distance 42
0 340 325 551 456 163 
Vertex 164 distance 37
0 340 466 463 282 123 164 
Vertex 165 distance 20
0 340 165 
Vertex 166 distance 24
0 340 325 169 530 166 
Vertex 167 distance 46
0 340 393 62 167 
Vertex 168 distance 27
0 340 393 168 
Vertex 169 distance 12
0 340 325 169 
Vertex 170 distance 41
0 340 244 564 336 295 179 170 
Vertex 171 distance 30
0 340 325 570 474 329 214 171 
Vertex 172 distance 40
0 340 325 570 68 276 552 172 
Vertex 173 distance 42
0 340 466 273 173 
Vertex 174 distance 37
0 340 244 451 254 174 
Vertex 175 distance 42
0 340 325 511 485 109 175 
Vertex 176 distance 31
0 340 325 169 104 53 176 
Vertex 177 distance 44
0 340 244 451 278 402 347 625 177 
Vertex 178 distance 28
0 340 244 563 178 
Vertex 179 distance 36
0 340 244 564 336 295 179 
Vertex 180 distance 33
0 340 244 451 191 592 83 100 180 
Vertex 181 distance 37
0 340 325 511 485 109 446 181 
Vertex 182 distance 34
0 340 165 483 182 
Vertex 183 distance 38
0 340 244 451 1 221 183 
Vertex 184 distance 29
0 340 244 451 191 337 581 407 184 
Vertex 185 distance 29
0 340 325 570 245 185 
Vertex 186 distance 33
0 340 325 551 186 
Vertex 187 distance 44
0 340 325 528 121 187 
Vertex 188 distance 43
0 340 244 451 254 174 610 188 
Vertex 189 distance 28
0 340 244 484 161 189 
Vertex 190 distance 38
0 340 244 451 191 337 581 297 324 542 190 
Vertex 191 distance 15
0 340 244 451 191 
Vertex 192 distance 27
0 340 244 484 161 192 
Vertex 193 distance 40
0 340 325 551 193 
Vertex 194 distance 28
0 537 321 500 194 
Vertex 195 distance 39
0 340 393 527 195 
Vertex 196 distance 30
0 340 325 169 104 53 419 595 196 
Vertex 197 distance 42
0 340 244 451 1 93 14 197 
Vertex 198 distance 29
0 340 244 484 161 198 
Vertex 199 distance 25
0 340 470 199 
Vertex 200 distance 39
0 340 325 511 385 5 200 
Vertex 201 distance 38
0 340 244 451 191 30 98 423 105 266 201 
Vertex 202 distance 37
0 340 244 451 191 337 581 407 184 202 
Vertex 203 distance 43
0 537 525 203 
Vertex 204 distance 31
0 340 325 169 104 53 419 595 196 204 
Vertex 205 distance 40
0 340 393 513 371 112 205 
Vertex 206 distance 38
0 340 466 463 282 206 
Vertex 207 distance 35
0 340 325 511 399 360 207 
Vertex 208 distance 34
0 340 325 169 530 612 211 435 208 
Vertex 209 distance 42
0 340 325 570 68 442 122 209 
Vertex 210 distance 30
0 340 325 169 530 612 210 
Vertex 211 distance 26
0 340 325 169 530 612 211 
Vertex 212 distance 17
0 340 244 484 212 
Vertex 213 distance 32
0 340 244 213 
Vertex 214 distance 29
0 340 325 570 474 329 214 
Vertex 215 distance 32
0 340 244 451 191 337 459 215 
Vertex 216 distance 31
0 340 244 451 191 30 357 216 
Vertex 217 distance 41
0 340 244 451 74 217 
Vertex 218 distance 35
0 340 165 483 487 218 
Vertex 219 distance 28
0 340 244 451 278 402 590 219 
Vertex 220 distance 30
0 340 466 463 282 267 220 
Vertex 221 distance 36
0 340 244 451 1 221 
Vertex 222 distance 30
0 340 470 437 222 
Vertex 223 distance 39
0 340 325 570 474 627 223 
Vertex 224 distance 25
0 340 325 169 224 
Vertex 225 distance 29
0 340 244 451 191 30 98 423 225 
Vertex 226 distance 28
0 340 470 226 
Vertex 227 distance 54
0 340 325 169 104 53 443 77 227 
Vertex 228 distance 27
0 340 325 570 607 228 
Vertex 229 distance 36
0 340 244 451 191 30 98 600 128 326 229 
Vertex 230 distance 45
0 340 244 484 510 314 230 
Vertex 231 distance 34
0 340 244 451 278 402 232 130 559 231 
Vertex 232 distance 24
0 340 244 451 278 402 232 
Vertex 233 distance 28
0 340 325 169 530 612 236 233 
Vertex 234 distance 38
0 340 325 169 224 464 234 
Vertex 235 distance 35
0 340 325 169 125 235 
Vertex 236 distance 25
0 340 325 169 530 612 236 
Vertex 237 distance 44
0 340 325 169 530 612 27 237 
Vertex 238 distance 42
0 340 325 241 455 637 6 238 
Vertex 239 distance 31
0 340 244 484 212 239 
Vertex 240 distance 30
0 340 325 551 256 240 
Vertex 241 distance 22
0 340 325 241 
Vertex 242 distance 38
0 340 244 484 212 524 242 
Vertex 243 distance 52
0 340 325 169 125 354 243 
Vertex 244 distance 9
0 340 244 
Vertex 245 distance 25
0 340 325 570 245 
Vertex 246 distance 25
0 340 325 169 530 612 246 
Vertex 247 distance 38
0 340 244 484 510 314 247 
Vertex 248 distance 23
0 340 325 241 248 
Vertex 249 distance 29
0 340 325 511 485 495 249 
Vertex 250 distance 44
0 340 325 511 485 495 392 67 519 250 
Vertex 251 distance 33
0 340 244 484 212 251 
Vertex 252 distance 38
0 340 325 511 310 313 252 
Vertex 253 distance 27
0 340 393 253 
Vertex 254 distance 33
0 340 244 451 254 
Vertex 255 distance 39
0 340 325 511 485 109 597 255 
Vertex 256 distance 22
0 340 325 551 256 
Vertex 257 distance 33
0 340 466 463 282 257 
Vertex 258 distance 43
0 340 244 451 278 402 347 553 258 
Vertex 259 distance 31
0 340 244 564 47 259 
Vertex 260 distance 35
0 340 325 169 104 53 443 77 284 260 
Vertex 261 distance 36
0 340 244 484 161 198 261 
Vertex 262 distance 38
0 340 244 451 278 402 232 130 430 262 
Vertex 263 distance 41
0 340 325 570 68 276 263 
Vertex 264 distance 29
0 340 244 451 191 30 98 600 59 264 
Vertex 265 distance 30
0 340 244 451 191 30 265 
Vertex 266 distance 34
0 340 244 451 191 30 98 423 105 266 
Vertex 267 distance 29
0 340 466 463 282 267 
Vertex 268 distance 33
0 340 470 226 268 
Vertex 269 distance 40
0 340 244 484 269 
Vertex 270 distance 35
0 340 244 451 270 
Vertex 271 distance 28
0 340 325 570 245 271 
Vertex 272 distance 41
0 340 325 551 193 272 
Vertex 273 distance 22
0 340 466 273 
Vertex 274 distance 37
0 340 325 169 104 53 274 
Vertex 275 distance 36
0 340 244 564 47 259 275 
Vertex 276 distance 27
0 340 325 570 68 276 
Vertex 277 distance 42
0 340 244 484 161 192 152 29 277 
Vertex 278 distance 19
0 340 244 451 278 
Vertex 279 distance 34
0 340 325 551 279 
Vertex 280 distance 32
0 340 244 451 191 546 280 
Vertex 281 distance 33
0 340 244 451 191 546 280 281 
Vertex 282 distance 24
0 340 466 463 282 
Vertex 283 distance 36
0 340 325 511 385 283 
Vertex 284 distance 34
0 340 325 169 104 53 443 77 284 
Vertex 285 distance 37
0 340 325 169 530 612 3 285 
Vertex 286 distance 48
0 340 325 570 68 286 
Vertex 287 distance 46
0 340 325 169 104 53 419 287 
Vertex 288 distance 32
0 340 470 437 222 288 
Vertex 289 distance 41
0 340 325 570 245 615 289 
Vertex 290 distance 43
0 340 325 511 310 313 252 290 
Vertex 291 distance 33
0 340 393 62 291 
Vertex 292 distance 31
0 340 393 527 292 
Vertex 293 distance 39
0 340 325 169 224 481 544 293 
Vertex 294 distance 36
0 340 393 527 292 294 
Vertex 295 distance 34
0 340 244 564 336 295 
Vertex 296 distance 43
0 340 325 570 474 329 99 296 
Vertex 297 distance 28
0 340 244 451 191 337 581 297 
Vertex 298 distance 51
0 340 325 169 530 612 210 298 
Vertex 299 distance 34
0 340 466 535 299 
Vertex 300 distance 35
0 340 244 451 191 30 98 300 
Vertex 301 distance 39
0 340 244 451 191 337 581 407 426 486 301 
Vertex 302 distance 37
0 340 244 451 191 364 418 302 
Vertex 303 distance 41
0 340 325 511 399 360 207 303 
Vertex 304 distance 30
0 340 244 589 144 304 
Vertex 305 distance 31
0 340 325 570 474 329 305 
Vertex 306 distance 40
0 340 325 169 104 53 419 595 196 204 145 306 
Vertex 307 distance 35
0 340 325 551 256 240 307 
Vertex 308 distance 40
0 340 244 563 151 308 
Vertex 309 distance 41
0 340 325 169 104 53 443 376 309 
Vertex 310 distance 24
0 340 325 511 310 
Vertex 311 distance 49
0 340 244 451 191 30 357 322 311 
Vertex 312 distance 24
0 340 325 570 312 
Vertex 313 distance 36
0 340 325 511 310 313 
Vertex 314 distance 37
0 340 244 484 510 314 
Vertex 315 distance 59
0 340 393 513 371 129 315 
Vertex 316 distance 43
0 340 244 564 47 259 2 316 
Vertex 317 distance 43
0 340 244 451 74 317 
Vertex 318 distance 26
0 340 325 169 224 318 
Vertex 319 distance 33
0 340 244 589 144 319 
Vertex 320 distance 35
0 340 466 463 473 320 
Vertex 321 distance 23
0 537 321 
Vertex 322 distance 30
0 340 244 451 191 30 357 322 
Vertex 323 distance 20
0 340 244 451 191 337 49 323 
Vertex 324 distance 35
0 340 244 451 191 337 581 297 324 
Vertex 325 distance 11
0 340 325 
Vertex 326 distance 34
0 340 244 451 191 30 98 600 128 326 
Vertex 327 distance 40
0 340 244 484 510 42 518 327 
Vertex 328 distance 45
0 340 244 451 1 93 328 
Vertex 329 distance 28
0 340 325 570 474 329 
Vertex 330 distance 34
0 340 244 484 212 524 330 
Vertex 331 distance 28
0 340 325 169 104 331 
Vertex 332 distance 42
0 340 325 169 530 612 3 332 
Vertex 333 distance 40
0 340 325 169 530 353 333 
Vertex 334 distance 37
0 340 325 511 385 5 334 
Vertex 335 distance 38
0 340 325 570 68 611 335 
Vertex 336 distance 22
0 340 244 564 336 
Vertex 337 distance 16
0 340 244 451 191 337 
Vertex 338 distance 44
0 340 466 463 282 599 338 
Vertex 339 distance 31
0 340 244 484 510 42 339 
Vertex 340 distance 7
0 340 
Vertex 341 distance 26
0 340 244 564 336 341 
Vertex 342 distance 31
0 340 325 169 530 612 246 342 
Vertex 343 distance 41
0 340 244 484 161 192 152 29 343 
Vertex 344 distance 38
0 340 244 451 191 337 581 407 426 486 344 
Vertex 345 distance 31
0 340 470 437 63 345 
Vertex 346 distance 42
0 340 244 484 212 251 346 
Vertex 347 distance 22
0 340 244 451 278 402 347 
Vertex 348 distance 44
0 340 325 570 68 26 348 
Vertex 349 distance 32
0 340 244 563 349 
Vertex 350 distance 39
0 340 325 551 350 
Vertex 351 distance 28
0 340 470 351 
Vertex 352 distance 32
0 340 466 535 369 352 
Vertex 353 distance 29
0 340 325 169 530 353 
Vertex 354 distance 32
0 340 325 169 125 354 
Vertex 355 distance 36
0 340 244 451 191 337 581 407 184 355 
Vertex 356 distance 37
0 340 325 511 310 445 356 
Vertex 357 distance 26
0 340 244 451 191 30 357 
Vertex 358 distance 33
0 340 325 241 455 428 358 
Vertex 359 distance 34
0 340 325 511 399 359 
Vertex 360 distance 30
0 340 325 511 399 360 
Vertex 361 distance 51
0 340 244 451 191 592 83 100 577 361 
Vertex 362 distance 34
0 340 244 451 191 337 49 323 420 362 
Vertex 363 distance 35
0 340 325 570 606 363 
Vertex 364 distance 21
0 340 244 451 191 364 
Vertex 365 distance 42
0 340 244 451 278 402 590 219 554 365 
Vertex 366 distance 38
0 340 393 513 371 572 366 
Vertex 367 distance 32
0 340 325 570 367 
Vertex 368 distance 41
0 340 165 483 182 368 
Vertex 369 distance 24
0 340 466 535 369 
Vertex 370 distance 30
0 340 244 451 191 30 357 370 
Vertex 371 distance 30
0 340 393 513 371 
Vertex 372 distance 42
0 340 325 169 530 12 372 
Vertex 373 distance 47
0 340 244 484 373 
Vertex 374 distance 31
0 340 325 551 256 374 
Vertex 375 distance 32
0 340 244 451 191 30 98 423 105 375 
Vertex 376 distance 33
0 340 325 169 104 53 443 376 
Vertex 377 distance 48
0 340 325 570 68 276 263 377 
Vertex 378 distance 38
0 340 165 483 487 378 
Vertex 379 distance 34
0 340 325 169 104 53 419 56 379 
Vertex 380 distance 50
0 340 244 451 191 30 98 600 59 264 380 
Vertex 381 distance 40
0 340 325 551 350 381 
Vertex 382 distance 39
0 340 325 511 485 495 382 
Vertex 383 distance 35
0 340 393 383 
Vertex 384 distance 42
0 340 325 511 485 109 446 533 384 
Vertex 385 distance 28
0 340 325 511 385 
Vertex 386 distance 38
0 340 244 451 191 337 581 297 324 386 
Vertex 387 distance 47
0 340 244 589 144 319 387 
Vertex 388 distance 26
0 340 470 388 
Vertex 389 distance 36
0 340 325 169 530 12 526 389 
Vertex 390 distance 28
0 340 325 570 607 228 390 
Vertex 391 distance 28
0 340 244 484 161 192 391 
Vertex 392 distance 32
0 340 325 511 485 495 392 
Vertex 393 distance 25
0 340 393 
Vertex 394 distance 41
0 340 466 273 394 
Vertex 395 distance 35
0 340 325 511 485 409 395 
Vertex 396 distance 29
0 340 244 564 336 396 
Vertex 397 distance 27
0 340 325 241 248 397 
Vertex 398 distance 38
0 340 325 511 385 120 398 
Vertex 399 distance 27
0 340 325 511 399 
Vertex 400 distance 37
0 340 244 451 191 30 98 400 
Vertex 401 distance 46
0 340 470 388 401 
Vertex 402 distance 21
0 340 244 451 278 402 
Vertex 403 distance 49
0 340 244 451 191 337 459 215 403 
Vertex 404 distance 44
0 340 393 168 433 404 
Vertex 405 distance 52
0 340 470 388 405 
Vertex 406 distance 39
0 340 325 511 485 409 406 
Vertex 407 distance 27
0 340 244 451 191 337 581 407 
Vertex 408 distance 47
0 340 244 451 278 402 436 150 162 408 
Vertex 409 distance 32
0 340 325 511 485 409 
Vertex 410 distance 42
0 340 325 169 530 410 
Vertex 411 distance 30
0 340 470 351 411 
Vertex 412 distance 32
0 340 325 169 104 412 
Vertex 413 distance 59
0 340 244 564 336 341 413 
Vertex 414 distance 38
0 340 325 570 312 414 
Vertex 415 distance 33
0 340 244 484 212 524 415 
Vertex 416 distance 43
0 340 325 570 474 329 214 171 416 
Vertex 417 distance 40
0 340 325 565 417 
Vertex 418 distance 36
0 340 244 451 191 364 418 
Vertex 419 distance 26
0 340 325 169 104 53 419 
Vertex 420 distance 29
0 340 244 451 191 337 49 323 420 
Vertex 421 distance 42
0 340 470 437 63 421 
Vertex 422 distance 42
0 340 325 169 530 612 211 435 422 
Vertex 423 distance 21
0 340 244 451 191 30 98 423 
Vertex 424 distance 33
0 340 393 253 424 
Vertex 425 distance 41
0 340 325 169 530 612 3 285 113 425 
Vertex 426 distance 35
0 340 244 451 191 337 581 407 426 
Vertex 427 distance 31
0 340 244 451 191 337 581 407 427 
Vertex 428 distance 32
0 340 325 241 455 428 
Vertex 429 distance 34
0 340 325 241 248 397 155 429 
Vertex 430 distance 36
0 340 244 451 278 402 232 130 430 
Vertex 431 distance 31
0 340 325 511 431 
Vertex 432 distance 41
0 340 244 451 191 337 459 215 502 92 432 
Vertex 433 distance 31
0 340 393 168 433 
Vertex 434 distance 38
0 340 325 169 530 612 3 434 
Vertex 435 distance 31
0 340 325 169 530 612 211 435 
Vertex 436 distance 36
0 340 244 451 278 402 436 
Vertex 437 distance 28
0 340 470 437 
Vertex 438 distance 32
0 340 244 451 278 402 347 438 
Vertex 439 distance 39
0 340 244 451 278 402 347 625 439 
Vertex 440 distance 45
0 340 244 484 20 440 
Vertex 441 distance 44
0 340 244 451 278 441 
Vertex 442 distance 24
0 340 325 570 68 442 
Vertex 443 distance 29
0 340 325 169 104 53 443 
Vertex 444 distance 25
0 340 244 451 191 30 98 444 
Vertex 445 distance 36
0 340 325 511 310 445 
Vertex 446 distance 27
0 340 325 511 485 109 446 
Vertex 447 distance 34
0 340 244 451 278 402 590 219 447 
Vertex 448 distance 30
0 340 244 484 510 42 448 
Vertex 449 distance 33
0 340 466 463 282 267 449 
Vertex 450 distance 42
0 340 244 451 191 30 98 300 35 450 
Vertex 451 distance 14
0 340 244 451 
Vertex 452 distance 36
0 340 244 451 191 592 83 452 
Vertex 453 distance 35
0 340 325 551 456 477 453 
Vertex 454 distance 26
0 340 244 451 1 454 
Vertex 455 distance 24
0 340 325 241 455 
Vertex 456 distance 25
0 340 325 551 456 
Vertex 457 distance 45
0 340 470 351 411 457 
Vertex 458 distance 54
0 340 466 463 282 458 
Vertex 459 distance 30
0 340 244 451 191 337 459 
Vertex 460 distance 41
0 340 325 511 485 495 461 460 
Vertex 461 distance 27
0 340 325 511 485 495 461 
Vertex 462 distance 30
0 340 325 511 485 109 462 
Vertex 463 distance 23
0 340 466 463 
Vertex 464 distance 34
0 340 325 169 224 464 
Vertex 465 distance 40
0 340 325 551 279 628 465 
Vertex 466 distance 16
0 340 466 
Vertex 467 distance 34
0 340 244 484 467 
Vertex 468 distance 27
0 340 325 570 468 
Vertex 469 distance 40
0 340 393 253 424 504 469 
Vertex 470 distance 23
0 340 470 
Vertex 471 distance 39
0 340 325 570 474 627 471 
Vertex 472 distance 42
0 340 244 451 191 337 472 
Vertex 473 distance 32
0 340 466 463 473 
Vertex 474 distance 24
0 340 325 570 474 
Vertex 475 distance 45
0 340 244 451 191 546 280 281 475 
Vertex 476 distance 46
0 340 325 169 530 612 211 435 422 476 
Vertex 477 distance 32
0 340 325 551 456 477 
Vertex 478 distance 32
0 340 470 437 478 
Vertex 479 distance 41
0 340 325 479 
Vertex 480 distance 38
0 340 325 511 485 495 392 480 
Vertex 481 distance 33
0 340 325 169 224 481 
Vertex 482 distance 33
0 340 325 169 104 53 419 595 196 204 482 
Vertex 483 distance 22
0 340 165 483 
Vertex 484 distance 16
0 340 244 484 
Vertex 485 distance 21
0 340 325 511 485 
Vertex 486 distance 37
0 340 244 451 191 337 581 407 426 486 
Vertex 487 distance 28
0 340 165 483 487 
Vertex 488 distance 41
0 340 325 511 485 495 392 67 519 488 
Vertex 489 distance 27
0 340 466 535 369 489 
Vertex 490 distance 41
0 340 325 169 104 412 490 
Vertex 491 distance 41
0 340 325 565 491 
Vertex 492 distance 28
0 340 244 451 191 30 98 600 492 
Vertex 493 distance 34
0 340 244 451 191 592 83 100 493 
Vertex 494 distance 34
0 340 75 494 
Vertex 495 distance 26
0 340 325 511 485 495 
Vertex 496 distance 21
0 340 244 564 496 
Vertex 497 distance 32
0 340 325 169 104 497 
Vertex 498 distance 38
0 340 244 451 1 93 498 
Vertex 499 distance 38
0 340 244 451 191 30 98 600 128 326 499 
Vertex 500 distance 25
0 537 321 500 
Vertex 501 distance 58
0 340 244 564 38 501 
Vertex 502 distance 34
0 340 244 451 191 337 459 215 502 
Vertex 503 distance 26
0 340 244 451 191 364 503 
Vertex 504 distance 35
0 340 393 253 424 504 
Vertex 505 distance 48
0 340 244 451 191 30 98 423 105 266 201 505 
Vertex 506 distance 34
0 340 325 169 104 53 443 506 
Vertex 507 distance 44
0 340 244 451 191 30 98 507 
Vertex 508 distance 50
0 340 325 169 530 612 3 285 508 
Vertex 509 distance 47
0 340 325 241 455 509 
Vertex 510 distance 24
0 340 244 484 510 
Vertex 511 distance 19
0 340 325 511 
Vertex 512 distance 45
0 340 244 451 191 337 49 323 420 362 512 
Vertex 513 distance 27
0 340 393 513 
Vertex 514 distance 39
0 340 325 511 310 313 514 
Vertex 515 distance 35
0 340 325 570 68 276 515 
Vertex 516 distance 54
0 340 325 570 468 516 
Vertex 517 distance 41
0 340 244 484 161 198 261 517 
Vertex 518 distance 38
0 340 244 484 510 42 518 
Vertex 519 distance 39
0 340 325 511 485 495 392 67 519 
Vertex 520 distance 36
0 340 165 483 182 520 
Vertex 521 distance 38
0 340 325 241 455 637 6 521 
Vertex 522 distance 37
0 340 325 169 530 612 236 558 522 
Vertex 523 distance 59
0 340 325 169 530 166 8 65 523 
Vertex 524 distance 25
0 340 244 484 212 524 
Vertex 525 distance 29
0 537 525 
Vertex 526 distance 32
0 340 325 169 530 12 526 
Vertex 527 distance 29
0 340 393 527 
Vertex 528 distance 30
0 340 325 528 
Vertex 529 distance 29
0 340 244 451 191 30 98 423 529 
Vertex 530 distance 21
0 340 325 169 530 
Vertex 531 distance 36
0 340 325 570 245 615 617 531 
Vertex 532 distance 37
0 340 325 511 399 359 532 
Vertex 533 distance 35
0 340 325 511 485 109 446 533 
Vertex 534 distance 41
0 340 470 437 478 534 
Vertex 535 distance 17
0 340 466 535 
Vertex 536 distance 44
0 340 244 451 191 337 581 536 
Vertex 537 distance 22
0 537 
Vertex 538 distance 37
0 340 325 551 279 538 
Vertex 539 distance 51
0 340 466 535 369 539 
Vertex 540 distance 43
0 340 75 540 
Vertex 541 distance 42
0 340 325 551 193 541 
Vertex 542 distance 37
0 340 244 451 191 337 581 297 324 542 
Vertex 543 distance 37
0 340 325 511 485 495 249 543 
Vertex 544 distance 35
0 340 325 169 224 481 544 
Vertex 545 distance 45
0 340 325 511 310 313 545 
Vertex 546 distance 27
0 340 244 451 191 546 
Vertex 547 distance 33
0 340 325 511 485 109 597 547 
Vertex 548 distance 35
0 340 325 511 385 560 548 
Vertex 549 distance 34
0 340 325 511 485 109 446 549 
Vertex 550 distance 36
0 340 325 570 68 26 33 550 
Vertex 551 distance 17
0 340 325 551 
Vertex 552 distance 32
0 340 325 570 68 276 552 
Vertex 553 distance 23
0 340 244 451 278 402 347 553 
Vertex 554 distance 38
0 340 244 451 278 402 590 219 554 
Vertex 555 distance 27
0 340 244 451 191 30 357 555 
Vertex 556 distance 42
0 340 244 451 191 337 581 407 184 556 
Vertex 557 distance 47
0 340 325 570 474 557 
Vertex 558 distance 36
0 340 325 169 530 612 236 558 
Vertex 559 distance 33
0 340 244 451 278 402 232 130 559 
Vertex 560 distance 30
0 340 325 511 385 560 
Vertex 561 distance 44
0 340 244 484 510 42 518 561 
Vertex 562 distance 38
0 340 244 451 278 402 590 562 
Vertex 563 distance 25
0 340 244 563 
Vertex 564 distance 14
0 340 244 564 
Vertex 565 distance 29
0 340 325 565 
Vertex 566 distance 36
0 340 325 570 474 329 214 103 566 
Vertex 567 distance 46
0 340 325 551 456 163 567 
Vertex 568 distance 37
0 340 325 511 485 495 249 114 568 
Vertex 569 distance 23
0 340 244 484 161 569 
Vertex 570 distance 19
0 340 325 570 
Vertex 571 distance 30
0 340 165 483 487 571 
Vertex 572 distance 36
0 340 393 513 371 572 
Vertex 573 distance 26
0 340 244 564 496 573 
Vertex 574 distance 38
0 340 244 451 191 30 98 300 35 574 
Vertex 575 distance 44
0 340 244 451 191 337 49 323 420 575 
Vertex 576 distance 32
0 340 466 535 369 489 576 
Vertex 577 distance 37
0 340 244 451 191 592 83 100 577 
Vertex 578 distance 30
0 340 244 484 161 569 578 
Vertex 579 distance 39
0 340 325 551 256 579 
Vertex 580 distance 38
0 340 244 451 278 44 580 
Vertex 581 distance 23
0 340 244 451 191 337 581 
Vertex 582 distance 34
0 340 244 564 336 396 34 582 
Vertex 583 distance 33
0 340 325 169 104 53 419 583 
Vertex 584 distance 39
0 340 325 511 385 283 584 
Vertex 585 distance 38
0 340 325 511 399 360 585 
Vertex 586 distance 28
0 340 244 451 191 30 98 423 586 
Vertex 587 distance 32
0 340 325 511 385 560 587 
Vertex 588 distance 35
0 340 244 564 336 396 34 149 588 
Vertex 589 distance 21
0 340 244 589 
Vertex 590 distance 27
0 340 244 451 278 402 590 
Vertex 591 distance 44
0 340 393 513 156 591 
Vertex 592 distance 24
0 340 244 451 191 592 
Vertex 593 distance 37
0 340 470 437 63 593 
Vertex 594 distance 48
0 340 325 169 530 612 236 233 619 594 
Vertex 595 distance 28
0 340 325 169 104 53 419 595 
Vertex 596 distance 38
0 340 244 484 161 192 391 596 
Vertex 597 distance 29
0 340 325 511 485 109 597 
Vertex 598 distance 38
0 340 244 598 
Vertex 599 distance 34
0 340 466 463 282 599 
Vertex 600 distance 22
0 340 244 451 191 30 98 600 
Vertex 601 distance 39
0 340 393 383 601 
Vertex 602 distance 44
0 340 325 551 279 538 602 
Vertex 603 distance 32
0 340 325 169 104 53 419 595 603 
Vertex 604 distance 37
0 340 244 451 191 337 459 604 
Vertex 605 distance 47
0 340 325 570 607 228 605 
Vertex 606 distance 34
0 340 325 570 606 
Vertex 607 distance 26
0 340 325 570 607 
Vertex 608 distance 45
0 340 325 169 224 318 608 
Vertex 609 distance 37
0 340 244 451 191 364 503 609 
Vertex 610 distance 41
0 340 244 451 254 174 610 
Vertex 611 distance 36
0 340 325 570 68 611 
Vertex 612 distance 22
0 340 325 169 530 612 
Vertex 613 distance 35
0 340 325 570 68 442 40 36 613 
Vertex 614 distance 50
0 340 165 483 614 
Vertex 615 distance 26
0 340 325 570 245 615 
Vertex 616 distance 31
0 340 325 241 455 637 6 616 
Vertex 617 distance 30
0 340 325 570 245 615 617 
Vertex 618 distance 47
0 340 244 451 191 30 98 423 529 618 
Vertex 619 distance 29
0 340 325 169 530 612 236 233 619 
Vertex 620 distance 42
0 340 325 570 606 363 620 
Vertex 621 distance 37
0 340 466 463 473 320 621 
Vertex 622 distance 34
0 340 325 169 104 53 419 595 196 622 
Vertex 623 distance 45
0 340 244 451 278 623 
Vertex 624 distance 36
0 340 244 563 624 
Vertex 625 distance 33
0 340 244 451 278 402 347 625 
Vertex 626 distance 40
0 340 393 527 292 294 626 
Vertex 627 distance 35
0 340 325 570 474 627 
Vertex 628 distance 38
0 340 325 551 279 628 
Vertex 629 distance 39
0 340 244 484 161 192 391 596 629 
Vertex 630 distance 40
0 340 393 168 433 630 
Vertex 631 distance 30
0 340 244 451 191 337 49 323 420 631 
Vertex 632 distance 44
0 340 325 169 104 53 443 77 632 
Vertex 633 distance 35
0 340 244 451 191 30 357 555 633 
Vertex 634 distance 41
0 340 244 451 191 337 581 407 426 486 301 634 
Vertex 635 distance 37
0 340 325 570 474 329 214 635 
Vertex 636 distance 41
0 340 325 511 485 495 392 480 636 
Vertex 637 distance 26
0 340 325 241 455 637 
Vertex 638 distance 40
0 340 325 169 224 481 544 638 
Vertex 639 distance 49
0 340 244 451 191 337 581 407 184 355 639 
