Vertex 0 distance 0
0 0 
Vertex 1 distance 16
0 65 155 257 122 335 498 1 
Vertex 2 distance 22
0 144 539 110 603 524 2 
Vertex 3 distance 16
0 144 465 410 10 3 
Vertex 4 distance 18
0 65 155 257 625 347 4 
Vertex 5 distance 11
0 65 155 257 436 344 5 
Vertex 6 distance 9
0 6 
Vertex 7 distance 18
0 144 539 89 7 
Vertex 8 distance 18
0 183 8 
Vertex 9 distance 10
0 144 211 511 9 
Vertex 10 distance 15
0 144 465 410 10 
Vertex 11 distance 16
0 65 155 319 580 484 126 11 
Vertex 12 distance 16
0 144 84 597 293 115 12 
Vertex 13 distance 21
0 144 538 22 329 13 
Vertex 14 distance 22
0 144 211 511 388 228 579 628 14 
Vertex 15 distance 8
0 65 155 257 15 
Vertex 16 distance 18
0 144 211 382 315 322 16 
Vertex 17 distance 19
0 144 538 496 222 456 17 
Vertex 18 distance 17
0 65 155 257 436 344 5 310 18 
Vertex 19 distance 24
0 433 386 468 19 
Vertex 20 distance 18
0 65 155 257 436 344 5 310 18 20 
Vertex 21 distance 18
0 65 155 257 625 187 626 119 21 
Vertex 22 distance 9
0 144 538 22 
Vertex 23 distance 12
0 65 359 23 
Vertex 24 distance 17
0 144 84 597 324 24 
Vertex 25 distance 18
0 144 211 511 9 573 383 25 
Vertex 26 distance 15
0 144 211 511 9 573 26 
Vertex 27 distance 17
0 65 155 257 625 187 626 253 27 
Vertex 28 distance 16
0 144 538 377 303 28 
Vertex 29 distance 11
0 144 465 410 204 29 
Vertex 30 distance 22
0 65 155 319 580 599 30 
Vertex 31 distance 19
0 65 399 168 515 120 233 374 31 
Vertex 32 distance 16
0 144 465 410 185 32 
Vertex 33 distance 20
0 65 155 257 122 335 391 33 
Vertex 34 distance 14
0 65 155 257 436 344 34 
Vertex 35 distance 16
0 459 50 105 35 
Vertex 36 distance 19
0 65 155 257 436 344 5 563 188 246 189 36 
Vertex 37 distance 18
0 65 155 257 625 380 486 37 
Vertex 38 distance 18
0 144 538 496 38 
Vertex 39 distance 15
0 65 399 168 515 120 233 39 
Vertex 40 distance 14
0 65 155 319 580 484 40 
Vertex 41 distance 14
0 144 211 511 9 573 41 
Vertex 42 distance 23
0 65 155 257 517 181 104 42 
Vertex 43 distance 16
0 144 465 410 204 311 502 43 
Vertex 44 distance 17
0 144 465 282 639 407 44 
Vertex 45 distance 17
0 144 84 597 293 115 129 45 
Vertex 46 distance 18
0 144 538 377 193 499 46 
Vertex 47 distance 17
0 65 399 419 341 370 362 47 
Vertex 48 distance 14
0 144 465 410 255 48 
Vertex 49 distance 16
0 144 465 282 639 554 49 
Vertex 50 distance 10
0 459 50 
Vertex 51 distance 17
0 144 465 410 10 51 
Vertex 52 distance 18
0 144 465 410 418 52 
Vertex 53 distance 13
0 65 155 53 
Vertex 54 distance 16
0 65 399 419 440 108 314 54 
Vertex 55 distance 14
0 65 155 257 122 335 391 591 55 
Vertex 56 distance 12
0 144 84 597 56 
Vertex 57 distance 18
0 65 359 117 57 
Vertex 58 distance 18
0 295 241 546 58 
Vertex 59 distance 15
0 65 399 168 515 120 59 
Vertex 60 distance 19
0 144 538 22 630 60 
Vertex 61 distance 19
0 144 465 282 639 407 44 61 
Vertex 62 distance 20
0 65 155 257 436 344 5 310 340 62 
Vertex 63 distance 18
0 65 155 319 63 
Vertex 64 distance 18
0 144 84 170 220 483 64 
Vertex 65 distance 3
0 65 
Vertex 66 distance 14
0 144 465 410 255 66 
Vertex 67 distance 16
0 65 155 257 436 162 67 
Vertex 68 distance 17
0 65 155 257 122 411 223 68 
Vertex 69 distance 12
0 65 155 257 436 344 5 69 
Vertex 70 distance 17
0 144 538 485 123 70 
Vertex 71 distance 12
0 144 191 422 71 
Vertex 72 distance 20
0 144 211 143 417 72 
Vertex 73 distance 20
0 65 155 257 436 344 5 310 227 177 389 73 
Vertex 74 distance 17
0 65 155 257 436 162 466 309 301 74 
Vertex 75 distance 17
0 65 155 257 517 181 75 
Vertex 76 distance 19
0 65 155 257 625 380 486 37 76 
Vertex 77 distance 15
0 65 399 419 341 77 
Vertex 78 distance 14
0 65 155 257 122 335 391 78 
Vertex 79 distance 21
0 144 465 410 605 79 
Vertex 80 distance 15
0 144 465 410 255 48 80 
Vertex 81 distance 17
0 65 155 257 436 162 466 309 81 
Vertex 82 distance 12
0 65 155 257 82 
Vertex 83 distance 20
0 144 211 511 9 550 400 83 
Vertex 84 distance 3
0 144 84 
Vertex 85 distance 11
0 65 399 85 
Vertex 86 distance 19
0 144 539 89 481 86 
Vertex 87 distance 16
0 144 84 597 56 87 
Vertex 88 distance 16
0 144 211 143 417 88 
Vertex 89 distance 15
0 144 539 89 
Vertex 90 distance 15
0 144 465 410 255 48 90 
Vertex 91 distance 17
0 144 84 597 293 551 91 
Vertex 92 distance 17
0 65 155 257 517 181 198 92 
Vertex 93 distance 16
0 144 465 410 130 93 
Vertex 94 distance 15
0 65 155 319 209 94 
Vertex 95 distance 13
0 459 50 95 
Vertex 96 distance 20
0 144 84 170 595 280 96 
Vertex 97 distance 13
0 65 155 257 15 97 
Vertex 98 distance 18
0 144 191 422 71 98 
Vertex 99 distance 16
0 65 155 319 209 99 
Vertex 100 distance 15
0 144 211 382 315 494 127 100 
Vertex 101 distance 23
0 65 399 404 545 356 101 
Vertex 102 distance 13
0 144 538 485 102 
Vertex 103 distance 16
0 144 465 471 637 103 
Vertex 104 distance 16
0 65 155 257 517 181 104 
Vertex 105 distance 13
0 459 50 105 
Vertex 106 distance 20
0 144 84 597 293 115 192 265 106 
Vertex 107 distance 16
0 144 191 422 107 
Vertex 108 distance 13
0 65 399 419 440 108 
Vertex 109 distance 14
0 144 538 377 109 
Vertex 110 distance 14
0 144 539 110 
Vertex 111 distance 18
0 65 155 257 111 
Vertex 112 distance 19
0 144 211 112 
Vertex 113 distance 18
0 65 155 257 122 335 498 113 
Vertex 114 distance 18
0 459 252 114 
Vertex 115 distance 13
0 144 84 597 293 115 
Vertex 116 distance 22
0 144 211 143 473 116 
Vertex 117 distance 13
0 65 359 117 
Vertex 118 distance 18
0 144 84 597 423 118 
Vertex 119 distance 15
0 65 155 257 625 187 626 119 
Vertex 120 distance 11
0 65 399 168 515 120 
Vertex 121 distance 17
0 144 121 
Vertex 122 distance 9
0 65 155 257 122 
Vertex 123 distance 16
0 144 538 485 123 
Vertex 124 distance 16
0 144 211 143 473 124 
Vertex 125 distance 20
0 144 211 382 315 494 127 450 125 
Vertex 126 distance 15
0 65 155 319 580 484 126 
Vertex 127 distance 14
0 144 211 382 315 494 127 
Vertex 128 distance 22
0 65 155 257 436 344 195 128 
Vertex 129 distance 14
0 144 84 597 293 115 129 
Vertex 130 distance 14
0 144 465 410 130 
Vertex 131 distance 19
0 65 155 319 580 599 131 
Vertex 132 distance 18
0 144 191 422 107 273 132 
Vertex 133 distance 16
0 65 155 319 580 238 133 
Vertex 134 distance 18
0 65 155 257 625 187 134 
Vertex 135 distance 16
0 144 191 529 135 
Vertex 136 distance 12
0 433 136 
Vertex 137 distance 17
0 295 467 137 
Vertex 138 distance 15
0 65 155 257 625 615 138 
Vertex 139 distance 19
0 65 155 257 436 344 5 310 227 177 462 139 
Vertex 140 distance 16
0 65 399 419 341 140 
Vertex 141 distance 21
0 65 155 257 625 237 141 
Vertex 142 distance 11
0 65 155 257 517 181 142 
Vertex 143 distance 12
0 144 211 143 
Vertex 144 distance 2
0 144 
Vertex 145 distance 16
0 65 155 257 625 237 145 
Vertex 146 distance 20
0 65 155 257 625 380 486 37 146 
Vertex 147 distance 14
0 65 155 257 122 335 391 147 
Vertex 148 distance 17
0 144 211 382 315 494 127 148 
Vertex 149 distance 18
0 144 211 511 388 228 152 149 
Vertex 150 distance 18
0 65 155 319 580 484 126 11 150 
Vertex 151 distance 15
0 65 155 319 580 238 151 
Vertex 152 distance 16
0 144 211 511 388 228 152 
Vertex 153 distance 21
0 65 155 257 625 187 510 153 
Vertex 154 distance 21
0 144 538 485 102 623 154 
Vertex 155 distance 6
0 65 155 
Vertex 156 distance 19
0 144 211 511 9 573 202 618 156 
Vertex 157 distance 21
0 65 359 157 
Vertex 158 distance 18
0 144 465 410 204 29 158 
Vertex 159 distance 20
0 144 191 529 159 
Vertex 160 distance 20
0 65 155 257 122 411 223 68 160 
Vertex 161 distance 18
0 65 399 168 515 120 59 161 
Vertex 162 distance 11
0 65 155 257 436 162 
Vertex 163 distance 20
0 65 155 319 580 484 126 163 
Vertex 164 distance 23
0 144 211 511 388 228 579 457 164 
Vertex 165 distance 21
0 65 155 319 209 99 165 
Vertex 166 distance 19
0 65 155 257 436 162 67 166 
Vertex 167 distance 17
0 144 538 377 193 167 
Vertex 168 distance 9
0 65 399 168 
Vertex 169 distance 17
0 65 155 257 436 162 67 169 
Vertex 170 distance 10
0 144 84 170 
Vertex 171 distance 24
0 144 538 485 102 623 154 171 
Vertex 172 distance 21
0 144 465 410 204 311 502 43 172 
Vertex 173 distance 16
0 65 399 419 173 
Vertex 174 distance 17
0 65 155 257 517 181 306 330 174 
Vertex 175 distance 18
0 65 399 168 515 175 
Vertex 176 distance 21
0 65 399 419 341 77 176 
Vertex 177 distance 16
0 65 155 257 436 344 5 310 227 177 
Vertex 178 distance 17
0 144 211 249 283 178 
Vertex 179 distance 16
0 429 179 
Vertex 180 distance 13
0 144 211 180 
Vertex 181 distance 10
0 65 155 257 517 181 
Vertex 182 distance 14
0 65 155 257 436 344 182 
Vertex 183 distance 15
0 183 
Vertex 184 distance 25
0 144 538 377 303 278 636 184 
Vertex 185 distance 14
0 144 465 410 185 
Vertex 186 distance 19
0 65 155 257 436 344 5 563 188 186 
Vertex 187 distance 10
0 65 155 257 625 187 
Vertex 188 distance 14
0 65 155 257 436 344 5 563 188 
Vertex 189 distance 18
0 65 155 257 436 344 5 563 188 246 189 
Vertex 190 distance 23
0 144 538 496 222 456 613 190 
Vertex 191 distance 10
0 144 191 
Vertex 192 distance 14
0 144 84 597 293 115 192 
Vertex 193 distance 14
0 144 538 377 193 
Vertex 194 distance 17
0 65 155 257 436 344 5 69 194 
Vertex 195 distance 13
0 65 155 257 436 344 195 
Vertex 196 distance 17
0 144 84 597 293 115 12 196 
Vertex 197 distance 16
0 65 155 257 436 344 195 197 
Vertex 198 distance 14
0 65 155 257 517 181 198 
Vertex 199 distance 17
0 65 155 257 122 199 
Vertex 200 distance 16
0 144 191 200 
Vertex 201 distance 16
0 459 50 201 
Vertex 202 distance 15
0 144 211 511 9 573 202 
Vertex 203 distance 14
0 65 399 419 341 370 203 
Vertex 204 distance 10
0 144 465 410 204 
Vertex 205 distance 23
0 144 465 410 130 205 
Vertex 206 distance 14
0 65 287 206 
Vertex 207 distance 16
0 65 399 419 341 207 
Vertex 208 distance 15
0 144 211 245 208 
Vertex 209 distance 10
0 65 155 319 209 
Vertex 210 distance 22
0 459 50 452 210 
Vertex 211 distance 7
0 144 211 
Vertex 212 distance 14
0 144 84 597 212 
Vertex 213 distance 13
0 144 465 471 213 
Vertex 214 distance 15
0 144 211 511 388 214 
Vertex 215 distance 19
0 65 155 257 517 405 215 
Vertex 216 distance 17
0 459 50 475 403 216 
Vertex 217 distance 12
0 65 155 257 122 411 217 
Vertex 218 distance 14
0 65 155 257 122 335 218 
Vertex 219 distance 19
0 144 465 410 204 311 502 43 219 
Vertex 220 distance 12
0 144 84 170 220 
Vertex 221 distance 17
0 65 155 257 122 335 391 78 358 221 
Vertex 222 distance 15
0 144 538 496 222 
Vertex 223 distance 16
0 65 155 257 122 411 223 
Vertex 224 distance 20
0 65 155 257 436 224 
Vertex 225 distance 17
0 65 287 349 225 
Vertex 226 distance 20
0 459 259 226 
Vertex 227 distance 15
0 65 155 257 436 344 5 310 227 
Vertex 228 distance 14
0 144 211 511 388 228 
Vertex 229 distance 17
0 65 155 257 436 344 5 310 229 
Vertex 230 distance 18
0 144 211 323 448 230 
Vertex 231 distance 16
0 144 84 231 
Vertex 232 distance 19
0 65 399 419 341 370 203 235 232 
Vertex 233 distance 12
0 65 399 168 515 120 233 
Vertex 234 distance 12
0 144 538 234 
Vertex 235 distance 16
0 65 399 419 341 370 203 235 
Vertex 236 distance 16
0 144 211 180 236 
Vertex 237 distance 11
0 65 155 257 625 237 
Vertex 238 distance 11
0 65 155 319 580 238 
Vertex 239 distance 12
0 65 155 319 239 
Vertex 240 distance 20
0 459 240 
Vertex 241 distance 12
0 295 241 
Vertex 242 distance 19
0 144 465 282 639 407 44 242 
Vertex 243 distance 14
0 295 243 
Vertex 244 distance 21
0 65 399 404 545 455 244 
Vertex 245 distance 13
0 144 211 245 
Vertex 246 distance 17
0 65 155 257 436 344 5 563 188 246 
Vertex 247 distance 14
0 144 211 511 388 247 
Vertex 248 distance 19
0 144 538 234 532 248 
Vertex 249 distance 11
0 144 211 249 
Vertex 250 distance 18
0 65 155 257 436 344 5 69 250 
Vertex 251 distance 21
0 144 191 422 251 
Vertex 252 distance 17
0 459 252 
Vertex 253 distance 15
0 65 155 257 625 187 626 253 
Vertex 254 distance 15
0 144 539 110 254 
Vertex 255 distance 13
0 144 465 410 255 
Vertex 256 distance 13
0 144 539 256 
Vertex 257 distance 7
0 65 155 257 
Vertex 258 distance 20
0 65 155 319 580 258 
Vertex 259 distance 19
0 459 259 
Vertex 260 distance 19
0 65 155 257 436 162 466 309 301 74 260 
Vertex 261 distance 22
0 144 211 511 388 214 261 
Vertex 262 distance 21
0 65 155 257 122 335 391 78 292 262 
Vertex 263 distance 20
0 144 538 496 222 574 368 263 
Vertex 264 distance 23
0 144 465 410 204 311 502 43 264 
Vertex 265 distance 16
0 144 84 597 293 115 192 265 
Vertex 266 distance 16
0 459 50 266 
Vertex 267 distance 22
0 144 121 474 267 
Vertex 268 distance 18
0 144 211 180 268 
Vertex 269 distance 16
0 65 399 168 269 
Vertex 270 distance 18
0 65 155 257 625 380 486 270 
Vertex 271 distance 16
0 65 155 257 82 441 271 
Vertex 272 distance 19
0 144 211 511 9 573 495 272 
Vertex 273 distance 17
0 144 191 422 107 273 
Vertex 274 distance 16
0 65 399 168 515 120 233 39 274 
Vertex 275 distance 20
0 144 211 511 9 550 400 275 
Vertex 276 distance 18
0 65 155 257 122 335 498 276 
Vertex 277 distance 18
0 144 84 231 277 
Vertex 278 distance 14
0 144 538 377 303 278 
Vertex 279 distance 16
0 6 279 
Vertex 280 distance 16
0 144 84 170 595 280 
Vertex 281 distance 20
0 144 538 485 281 
Vertex 282 distance 11
0 144 465 282 
Vertex 283 distance 14
0 144 211 249 283 
Vertex 284 distance 16
0 65 399 168 515 120 284 
Vertex 285 distance 18
0 144 211 511 388 228 152 285 
Vertex 286 distance 15
0 65 155 257 436 344 5 69 286 
Vertex 287 distance 9
0 65 287 
Vertex 288 distance 19
0 433 386 468 288 
Vertex 289 distance 19
0 65 155 319 580 484 339 289 
Vertex 290 distance 14
0 144 465 410 418 290 
Vertex 291 distance 19
0 144 211 361 291 
Vertex 292 distance 16
0 65 155 257 122 335 391 78 292 
Vertex 293 distance 9
0 144 84 597 293 
Vertex 294 distance 17
0 144 191 422 71 294 
Vertex 295 distance 11
0 295 
Vertex 296 distance 22
0 144 84 231 277 296 
Vertex 297 distance 19
0 65 155 257 122 411 297 
Vertex 298 distance 19
0 65 399 168 515 298 
Vertex 299 distance 16
0 144 211 299 
Vertex 300 distance 19
0 144 465 282 639 407 300 
Vertex 301 distance 16
0 65 155 257 436 162 466 309 301 
Vertex 302 distance 19
0 144 211 382 315 494 302 
Vertex 303 distance 13
0 144 538 377 303 
Vertex 304 distance 25
0 65 155 257 436 304 
Vertex 305 distance 20
0 144 211 511 9 573 495 272 305 
Vertex 306 distance 12
0 65 155 257 517 181 306 
Vertex 307 distance 24
0 144 211 143 417 88 307 
Vertex 308 distance 19
0 65 155 257 122 335 218 308 
Vertex 309 distance 14
0 65 155 257 436 162 466 309 
Vertex 310 distance 12
0 65 155 257 436 344 5 310 
Vertex 311 distance 14
0 144 465 410 204 311 
Vertex 312 distance 16
0 144 465 471 312 
Vertex 313 distance 15
0 144 211 361 313 
Vertex 314 distance 14
0 65 399 419 440 108 314 
Vertex 315 distance 12
0 144 211 382 315 
Vertex 316 distance 17
0 144 211 249 283 434 316 
Vertex 317 distance 18
0 65 155 257 82 317 
Vertex 318 distance 13
0 65 287 349 318 
Vertex 319 distance 9
0 65 155 319 
Vertex 320 distance 24
0 144 465 410 10 51 320 
Vertex 321 distance 12
0 144 84 597 321 
Vertex 322 distance 17
0 144 211 382 315 322 
Vertex 323 distance 14
0 144 211 323 
Vertex 324 distance 14
0 144 84 597 324 
Vertex 325 distance 19
0 65 155 257 122 335 391 591 325 
Vertex 326 distance 19
0 65 155 257 625 187 626 119 326 
Vertex 327 distance 14
0 65 155 257 517 181 327 
Vertex 328 distance 22
0 65 155 257 122 335 350 390 328 
Vertex 329 distance 16
0 144 538 22 329 
Vertex 330 distance 13
0 65 155 257 517 181 306 330 
Vertex 331 distance 17
0 65 155 257 122 335 331 
Vertex 332 distance 19
0 65 621 491 332 
Vertex 333 distance 18
0 65 631 416 333 
Vertex 334 distance 23
0 144 538 485 281 334 
Vertex 335 distance 11
0 65 155 257 122 335 
Vertex 336 distance 18
0 65 359 336 
Vertex 337 distance 17
0 144 538 485 102 623 461 337 
Vertex 338 distance 17
0 65 399 168 515 120 233 39 338 
Vertex 339 distance 14
0 65 155 319 580 484 339 
Vertex 340 distance 17
0 65 155 257 436 344 5 310 340 
Vertex 341 distance 12
0 65 399 419 341 
Vertex 342 distance 17
0 295 342 
Vertex 343 distance 23
0 65 155 257 517 181 343 
Vertex 344 distance 10
0 65 155 257 436 344 
Vertex 345 distance 17
0 144 465 410 130 345 
Vertex 346 distance 20
0 144 84 170 220 483 346 
Vertex 347 distance 12
0 65 155 257 625 347 
Vertex 348 distance 17
0 144 211 249 348 
Vertex 349 distance 11
0 65 287 349 
Vertex 350 distance 16
0 65 155 257 122 335 350 
Vertex 351 distance 18
0 144 465 471 213 460 351 
Vertex 352 distance 13
0 65 155 257 517 181 352 
Vertex 353 distance 18
0 144 465 410 204 629 353 
Vertex 354 distance 21
0 65 399 404 545 455 354 
Vertex 355 distance 14
0 65 155 257 436 344 5 563 355 
Vertex 356 distance 19
0 65 399 404 545 356 
Vertex 357 distance 24
0 183 8 357 
Vertex 358 distance 16
0 65 155 257 122 335 391 78 358 
Vertex 359 distance 10
0 65 359 
Vertex 360 distance 17
0 144 211 382 360 
Vertex 361 distance 11
0 144 211 361 
Vertex 362 distance 15
0 65 399 419 341 370 362 
Vertex 363 distance 20
0 65 287 349 533 363 
Vertex 364 distance 14
0 144 465 410 255 364 
Vertex 365 distance 18
0 144 538 377 303 28 365 
Vertex 366 distance 18
0 144 465 282 366 
Vertex 367 distance 18
0 65 287 367 
Vertex 368 distance 18
0 144 538 496 222 574 368 
Vertex 369 distance 20
0 65 399 419 341 207 369 
Vertex 370 distance 13
0 65 399 419 341 370 
Vertex 371 distance 18
0 144 538 377 371 
Vertex 372 distance 17
0 65 155 319 209 372 
Vertex 373 distance 14
0 65 155 257 122 411 373 
Vertex 374 distance 17
0 65 399 168 515 120 233 374 
Vertex 375 distance 20
0 65 155 319 580 238 133 375 
Vertex 376 distance 22
0 65 155 319 580 238 376 
Vertex 377 distance 9
0 144 538 377 
Vertex 378 distance 18
0 144 465 282 639 554 49 378 
Vertex 379 distance 15
0 144 538 377 379 
Vertex 380 distance 16
0 65 155 257 625 380 
Vertex 381 distance 19
0 429 179 381 
Vertex 382 distance 10
0 144 211 382 
Vertex 383 distance 17
0 144 211 511 9 573 383 
Vertex 384 distance 17
0 144 211 382 315 494 127 100 384 
Vertex 385 distance 20
0 65 155 319 209 94 385 
Vertex 386 distance 15
0 433 386 
Vertex 387 distance 20
0 144 211 382 315 494 127 100 384 387 
Vertex 388 distance 13
0 144 211 511 388 
Vertex 389 distance 17
0 65 155 257 436 344 5 310 227 177 389 
Vertex 390 distance 18
0 65 155 257 122 335 350 390 
Vertex 391 distance 12
0 65 155 257 122 335 391 
Vertex 392 distance 17
0 144 465 471 637 103 392 
Vertex 393 distance 19
0 429 179 393 
Vertex 394 distance 21
0 144 84 170 595 280 96 394 
Vertex 395 distance 14
0 65 155 257 517 395 
Vertex 396 distance 20
0 65 399 168 515 120 396 
Vertex 397 distance 20
0 144 539 110 603 397 
Vertex 398 distance 12
0 65 155 257 517 398 
Vertex 399 distance 7
0 65 399 
Vertex 400 distance 12
0 144 211 511 9 550 400 
Vertex 401 distance 9
0 144 211 509 401 
Vertex 402 distance 15
0 65 399 419 341 370 402 
Vertex 403 distance 15
0 459 50 475 403 
Vertex 404 distance 12
0 65 399 404 
Vertex 405 distance 17
0 65 155 257 517 405 
Vertex 406 distance 20
0 144 211 245 208 553 406 
Vertex 407 distance 15
0 144 465 282 639 407 
Vertex 408 distance 18
0 65 155 257 625 187 408 
Vertex 409 distance 19
0 65 155 257 436 162 466 409 
Vertex 410 distance 9
0 144 465 410 
Vertex 411 distance 11
0 65 155 257 122 411 
Vertex 412 distance 17
0 144 211 382 412 
Vertex 413 distance 25
0 65 287 588 413 
Vertex 414 distance 23
0 65 399 168 515 120 233 39 274 414 
Vertex 415 distance 21
0 144 211 249 283 434 316 415 
Vertex 416 distance 17
0 65 631 416 
Vertex 417 distance 15
0 144 211 143 417 
Vertex 418 distance 12
0 144 465 410 418 
Vertex 419 distance 9
0 65 399 419 
Vertex 420 distance 17
0 144 420 
Vertex 421 distance 17
0 144 421 
Vertex 422 distance 11
0 144 191 422 
Vertex 423 distance 11
0 144 84 597 423 
Vertex 424 distance 21
0 65 399 419 440 108 424 
Vertex 425 distance 16
0 144 538 496 425 
Vertex 426 distance 19
0 144 538 377 193 499 426 
Vertex 427 distance 20
0 144 538 496 222 557 427 
Vertex 428 distance 19
0 144 211 382 412 428 
Vertex 429 distance 13
0 429 
Vertex 430 distance 20
0 65 155 257 122 335 430 
Vertex 431 distance 17
0 65 155 257 436 344 195 431 
Vertex 432 distance 20
0 144 465 410 130 93 432 
Vertex 433 distance 8
0 433 
Vertex 434 distance 16
0 144 211 249 283 434 
Vertex 435 distance 16
0 144 465 410 204 311 502 435 
Vertex 436 distance 9
0 65 155 257 436 
Vertex 437 distance 24
0 144 84 597 56 537 437 
Vertex 438 distance 18
0 144 211 511 388 228 438 
Vertex 439 distance 20
0 65 155 257 436 344 5 310 227 439 
Vertex 440 distance 11
0 65 399 419 440 
Vertex 441 distance 13
0 65 155 257 82 441 
Vertex 442 distance 19
0 65 155 257 15 442 
Vertex 443 distance 18
0 144 84 597 324 24 443 
Vertex 444 distance 18
0 144 211 382 315 494 127 100 444 
Vertex 445 distance 19
0 65 155 257 436 445 
Vertex 446 distance 14
0 144 84 597 293 446 
Vertex 447 distance 19
0 65 155 257 625 237 565 447 
Vertex 448 distance 17
0 144 211 323 448 
Vertex 449 distance 13
0 65 155 257 436 162 449 
Vertex 450 distance 15
0 144 211 382 315 494 127 450 
Vertex 451 distance 15
0 65 155 257 517 181 327 451 
Vertex 452 distance 13
0 459 50 452 
Vertex 453 distance 15
0 144 211 511 9 550 458 453 
Vertex 454 distance 19
0 65 155 257 625 615 138 454 
Vertex 455 distance 19
0 65 399 404 545 455 
Vertex 456 distance 16
0 144 538 496 222 456 
Vertex 457 distance 17
0 144 211 511 388 228 579 457 
Vertex 458 distance 12
0 144 211 511 9 550 458 
Vertex 459 distance 8
0 459 
Vertex 460 distance 15
0 144 465 471 213 460 
Vertex 461 distance 16
0 144 538 485 102 623 461 
Vertex 462 distance 17
0 65 155 257 436 344 5 310 227 177 462 
Vertex 463 distance 16
0 144 84 170 463 
Vertex 464 distance 24
0 65 155 257 517 181 327 478 464 
Vertex 465 distance 3
0 144 465 
Vertex 466 distance 13
0 65 155 257 436 162 466 
Vertex 467 distance 15
0 295 467 
Vertex 468 distance 16
0 433 386 468 
Vertex 469 distance 17
0 144 465 410 204 311 502 469 
Vertex 470 distance 17
0 144 538 377 303 278 470 
Vertex 471 distance 9
0 144 465 471 
Vertex 472 distance 19
0 144 191 422 71 472 
Vertex 473 distance 14
0 144 211 143 473 
Vertex 474 distance 18
0 144 121 474 
Vertex 475 distance 13
0 459 50 475 
Vertex 476 distance 15
0 65 399 168 515 476 
Vertex 477 distance 18
0 144 465 471 637 103 477 
Vertex 478 distance 19
0 65 155 257 517 181 327 478 
Vertex 479 distance 19
0 144 211 249 283 434 479 
Vertex 480 distance 21
0 65 399 419 341 370 362 480 
Vertex 481 distance 16
0 144 539 89 481 
Vertex 482 distance 17
0 65 399 482 
Vertex 483 distance 15
0 144 84 170 220 483 
Vertex 484 distance 13
0 65 155 319 580 484 
Vertex 485 distance 12
0 144 538 485 
Vertex 486 distance 17
0 65 155 257 625 380 486 
Vertex 487 distance 16
0 65 399 419 341 370 487 
Vertex 488 distance 18
0 144 539 89 583 488 
Vertex 489 distance 18
0 144 538 234 527 489 
Vertex 490 distance 19
0 65 155 257 436 344 5 310 229 490 
Vertex 491 distance 17
0 65 621 491 
Vertex 492 distance 16
0 144 211 143 417 492 
Vertex 493 distance 21
0 295 241 546 493 
Vertex 494 distance 13
0 144 211 382 315 494 
Vertex 495 distance 15
0 144 211 511 9 573 495 
Vertex 496 distance 11
0 144 538 496 
Vertex 497 distance 14
0 65 155 257 122 411 497 
Vertex 498 distance 14
0 65 155 257 122 335 498 
Vertex 499 distance 15
0 144 538 377 193 499 
Vertex 500 distance 16
0 65 155 257 517 181 306 330 500 
Vertex 501 distance 28
0 65 155 257 436 344 195 501 
Vertex 502 distance 15
0 144 465 410 204 311 502 
Vertex 503 distance 17
0 65 287 349 503 
Vertex 504 distance 23
0 65 399 419 341 370 362 504 
Vertex 505 distance 19
0 144 211 382 360 505 
Vertex 506 distance 17
0 65 155 257 517 181 198 506 
Vertex 507 distance 13
0 144 465 410 204 629 507 
Vertex 508 distance 17
0 144 538 377 193 559 508 
Vertex 509 distance 8
0 144 211 509 
Vertex 510 distance 18
0 65 155 257 625 187 510 
Vertex 511 distance 8
0 144 211 511 
Vertex 512 distance 21
0 144 465 410 204 512 
Vertex 513 distance 16
0 144 465 410 255 513 
Vertex 514 distance 19
0 65 399 419 341 370 362 514 
Vertex 515 distance 10
0 65 399 168 515 
Vertex 516 distance 18
0 144 465 410 605 516 
Vertex 517 distance 9
0 65 155 257 517 
Vertex 518 distance 22
0 65 155 257 436 344 5 563 188 246 189 518 
Vertex 519 distance 19
0 144 538 377 303 278 636 519 
Vertex 520 distance 21
0 65 155 257 122 199 520 
Vertex 521 distance 16
0 65 155 257 82 521 
Vertex 522 distance 19
0 144 211 361 313 562 522 
Vertex 523 distance 18
0 144 211 382 412 523 
Vertex 524 distance 17
0 144 539 110 603 524 
Vertex 525 distance 17
0 144 211 382 315 525 
Vertex 526 distance 20
0 65 399 419 526 
Vertex 527 distance 17
0 144 538 234 527 
Vertex 528 distance 17
0 144 465 471 637 528 
Vertex 529 distance 14
0 144 191 529 
Vertex 530 distance 19
0 144 211 143 417 88 530 
Vertex 531 distance 18
0 65 155 257 436 344 5 69 286 531 
Vertex 532 distance 15
0 144 538 234 532 
Vertex 533 distance 17
0 65 287 349 533 
Vertex 534 distance 18
0 65 155 257 122 335 391 78 292 534 
Vertex 535 distance 14
0 65 155 257 436 535 
Vertex 536 distance 15
0 65 399 419 440 108 536 
Vertex 537 distance 18
0 144 84 597 56 537 
Vertex 538 distance 4
0 144 538 
Vertex 539 distance 12
0 144 539 
Vertex 540 distance 19
0 65 155 257 122 411 223 68 540 
Vertex 541 distance 21
0 144 538 377 303 278 541 
Vertex 542 distance 19
0 144 465 410 620 542 
Vertex 543 distance 19
0 65 155 257 517 181 306 543 
Vertex 544 distance 19
0 144 465 282 366 544 
Vertex 545 distance 17
0 65 399 404 545 
Vertex 546 distance 17
0 295 241 546 
Vertex 547 distance 16
0 65 155 257 625 187 626 547 
Vertex 548 distance 16
0 144 539 256 548 
Vertex 549 distance 17
0 144 538 377 549 
Vertex 550 distance 11
0 144 211 511 9 550 
Vertex 551 distance 15
0 144 84 597 293 551 
Vertex 552 distance 28
0 65 155 257 625 380 486 37 552 
Vertex 553 distance 19
0 144 211 245 208 553 
Vertex 554 distance 15
0 144 465 282 639 554 
Vertex 555 distance 19
0 144 84 231 555 
Vertex 556 distance 16
0 65 399 168 515 120 59 556 
Vertex 557 distance 16
0 144 538 496 222 557 
Vertex 558 distance 18
0 65 399 168 515 120 233 374 558 
Vertex 559 distance 15
0 144 538 377 193 559 
Vertex 560 distance 17
0 429 179 560 
Vertex 561 distance 18
0 65 155 257 122 335 350 561 
Vertex 562 distance 16
0 144 211 361 313 562 
Vertex 563 distance 13
0 65 155 257 436 344 5 563 
Vertex 564 distance 19
0 65 399 419 341 140 596 564 
Vertex 565 distance 18
0 65 155 257 625 237 565 
Vertex 566 distance 19
0 65 155 257 625 187 510 566 
Vertex 567 distance 14
0 144 465 282 639 567 
Vertex 568 distance 18
0 65 399 419 440 108 568 
Vertex 569 distance 21
0 65 155 257 517 181 306 330 569 
Vertex 570 distance 18
0 65 155 257 517 181 198 92 570 
Vertex 571 distance 15
0 65 399 168 575 571 
Vertex 572 distance 21
0 65 155 257 517 181 327 478 572 
Vertex 573 distance 13
0 144 211 511 9 573 
Vertex 574 distance 17
0 144 538 496 222 574 
Vertex 575 distance 13
0 65 399 168 575 
Vertex 576 distance 21
0 295 241 546 58 576 
Vertex 577 distance 17
0 144 211 511 9 573 202 577 
Vertex 578 distance 14
0 65 155 257 625 347 578 
Vertex 579 distance 15
0 144 211 511 388 228 579 
Vertex 580 distance 10
0 65 155 319 580 
Vertex 581 distance 20
0 65 155 257 122 335 391 581 
Vertex 582 distance 16
0 65 155 319 580 484 339 582 
Vertex 583 distance 16
0 144 539 89 583 
Vertex 584 distance 15
0 65 155 319 580 484 584 
Vertex 585 distance 18
0 144 84 170 220 483 585 
Vertex 586 distance 18
0 144 465 410 255 48 90 586 
Vertex 587 distance 19
0 65 359 336 587 
Vertex 588 distance 15
0 65 287 588 
Vertex 589 distance 12
0 433 589 
Vertex 590 distance 18
0 65 155 257 436 344 590 
Vertex 591 distance 13
0 65 155 257 122 335 391 591 
Vertex 592 distance 18
0 65 287 349 225 592 
Vertex 593 distance 16
0 144 84 170 595 593 
Vertex 594 distance 13
0 144 84 597 423 594 
Vertex 595 distance 15
0 144 84 170 595 
Vertex 596 distance 18
0 65 399 419 341 140 596 
Vertex 597 distance 5
0 144 84 597 
Vertex 598 distance 15
0 144 465 410 204 598 
Vertex 599 distance 17
0 65 155 319 580 599 
Vertex 600 distance 13
0 65 155 257 625 600 
Vertex 601 distance 18
0 144 211 382 412 601 
Vertex 602 distance 18
0 65 155 257 436 162 466 602 
Vertex 603 distance 16
0 144 539 110 603 
Vertex 604 distance 21
0 144 465 410 255 48 90 604 
Vertex 605 distance 15
0 144 465 410 605 
Vertex 606 distance 17
0 144 84 597 293 115 192 606 
Vertex 607 distance 19
0 144 465 471 637 528 607 
Vertex 608 distance 19
0 65 359 23 608 
Vertex 609 distance 20
0 65 399 168 515 120 233 39 274 609 
Vertex 610 distance 17
0 144 211 249 283 434 610 
Vertex 611 distance 17
0 144 211 143 611 
Vertex 612 distance 26
0 144 420 612 
Vertex 613 distance 17
0 144 538 496 222 456 613 
Vertex 614 distance 13
0 144 84 170 220 614 
Vertex 615 distance 13
0 65 155 257 625 615 
Vertex 616 distance 19
0 65 155 319 580 616 
Vertex 617 distance 17
0 144 539 89 481 617 
Vertex 618 distance 18
0 144 211 511 9 573 202 618 
Vertex 619 distance 20
0 144 211 361 313 562 619 
Vertex 620 distance 18
0 144 465 410 620 
Vertex 621 distance 15
0 65 621 
Vertex 622 distance 19
0 65 155 257 122 335 391 78 622 
Vertex 623 distance 14
0 144 538 485 102 623 
Vertex 624 distance 23
0 459 252 624 
Vertex 625 distance 9
0 65 155 257 625 
Vertex 626 distance 14
0 65 155 257 625 187 626 
Vertex 627 distance 18
0 65 155 257 517 627 
Vertex 628 distance 17
0 144 211 511 388 228 579 628 
Vertex 629 distance 12
0 144 465 410 204 629 
Vertex 630 distance 16
0 144 538 22 630 
Vertex 631 distance 16
0 65 631 
Vertex 632 distance 23
0 144 538 377 303 632 
Vertex 633 distance 19
0 65 155 257 122 335 391 78 633 
Vertex 634 distance 19
0 144 539 89 583 488 634 
Vertex 635 distance 20
0 144 191 635 
Vertex 636 distance 15
0 144 538 377 303 278 636 
Vertex 637 distance 11
0 144 465 471 637 
Vertex 638 distance 15
0 144 211 509 401 638 
Vertex 639 distance 13
0 144 465 282 639 
