Vertex 0 distance 0
0 0 
Vertex 1 distance 33
0 271 639 451 489 622 596 1 
Vertex 2 distance 27
0 614 2 
Vertex 3 distance 23
0 614 632 147 388 516 305 3 
Vertex 4 distance 38
0 271 639 451 489 315 287 135 4 
Vertex 5 distance 28
0 271 639 46 310 133 521 5 
Vertex 6 distance 33
0 271 639 46 310 133 521 6 
Vertex 7 distance 30
0 336 576 7 
Vertex 8 distance 28
0 271 639 451 489 315 186 8 
Vertex 9 distance 32
0 614 632 147 388 516 305 182 9 
Vertex 10 distance 40
0 271 639 451 10 
Vertex 11 distance 29
0 271 639 46 310 629 636 11 
Vertex 12 distance 33
0 271 639 12 
Vertex 13 distance 31
0 614 594 568 13 
Vertex 14 distance 37
0 491 329 397 554 48 14 
Vertex 15 distance 26
0 614 632 365 503 15 
Vertex 16 distance 28
0 491 329 397 393 89 128 16 
Vertex 17 distance 34
0 614 632 147 388 92 17 
Vertex 18 distance 28
0 271 639 451 371 18 
Vertex 19 distance 34
0 271 639 451 489 315 287 400 19 
Vertex 20 distance 40
0 165 258 495 70 20 
Vertex 21 distance 41
0 271 639 451 276 533 589 155 21 
Vertex 22 distance 38
0 491 411 22 
Vertex 23 distance 29
0 491 387 485 507 23 
Vertex 24 distance 31
0 491 387 485 171 462 24 
Vertex 25 distance 33
0 491 329 397 25 
Vertex 26 distance 32
0 491 387 506 436 26 
Vertex 27 distance 32
0 271 639 451 276 454 256 149 27 
Vertex 28 distance 51
0 614 632 365 503 590 88 28 
Vertex 29 distance 26
0 491 329 397 393 542 29 
Vertex 30 distance 32
0 336 330 448 31 136 30 
Vertex 31 distance 23
0 336 330 448 31 
Vertex 32 distance 33
0 271 639 451 489 622 425 114 416 32 
Vertex 33 distance 21
0 399 33 
Vertex 34 distance 34
0 491 387 485 171 385 34 
Vertex 35 distance 34
0 336 330 448 40 248 35 
Vertex 36 distance 32
0 491 329 397 36 
Vertex 37 distance 30
0 271 639 451 276 454 415 37 
Vertex 38 distance 37
0 152 150 544 38 
Vertex 39 distance 39
0 271 639 451 276 454 72 617 450 39 
Vertex 40 distance 26
0 336 330 448 40 
Vertex 41 distance 47
0 165 258 211 112 420 353 509 41 
Vertex 42 distance 37
0 271 639 46 310 603 42 
Vertex 43 distance 34
0 614 632 127 43 
Vertex 44 distance 35
0 271 639 451 489 622 425 114 44 
Vertex 45 distance 29
0 491 387 506 45 
Vertex 46 distance 19
0 271 639 46 
Vertex 47 distance 33
0 336 576 7 47 
Vertex 48 distance 30
0 491 329 397 554 48 
Vertex 49 distance 33
0 614 594 61 345 49 
Vertex 50 distance 43
0 491 430 131 319 50 
Vertex 51 distance 32
0 614 359 477 510 51 
Vertex 52 distance 41
0 614 632 147 482 52 
Vertex 53 distance 37
0 271 639 451 489 315 287 53 
Vertex 54 distance 38
0 271 639 46 310 133 521 342 54 
Vertex 55 distance 34
0 614 594 638 347 55 
Vertex 56 distance 41
0 491 329 56 
Vertex 57 distance 38
0 271 639 46 310 629 57 
Vertex 58 distance 33
0 491 387 58 
Vertex 59 distance 41
0 614 594 638 347 253 59 
Vertex 60 distance 27
0 271 639 451 276 533 60 
Vertex 61 distance 25
0 614 594 61 
Vertex 62 distance 37
0 271 639 46 310 133 207 111 62 
Vertex 63 distance 34
0 271 639 451 276 367 63 
Vertex 64 distance 41
0 614 632 365 503 15 241 64 
Vertex 65 distance 33
0 271 639 451 489 622 65 
Vertex 66 distance 38
0 271 639 451 489 315 287 121 354 139 66 
Vertex 67 distance 34
0 614 632 365 503 609 67 
Vertex 68 distance 37
0 614 632 147 388 516 305 236 68 
Vertex 69 distance 37
0 614 359 477 510 69 
Vertex 70 distance 36
0 165 258 495 70 
Vertex 71 distance 41
0 614 594 568 71 
Vertex 72 distance 24
0 271 639 451 276 454 72 
Vertex 73 distance 23
0 614 632 73 
Vertex 74 distance 39
0 271 639 451 489 315 287 121 354 74 
Vertex 75 distance 28
0 456 75 
Vertex 76 distance 26
0 491 430 76 
Vertex 77 distance 32
0 271 639 46 310 629 636 382 77 
Vertex 78 distance 35
0 491 329 101 78 
Vertex 79 distance 33
0 614 632 147 388 516 99 79 
Vertex 80 distance 29
0 165 258 211 112 80 
Vertex 81 distance 38
0 271 639 46 310 133 207 98 146 116 188 81 
Vertex 82 distance 38
0 271 639 451 82 
Vertex 83 distance 34
0 152 272 83 
Vertex 84 distance 30
0 614 632 147 388 516 305 84 
Vertex 85 distance 27
0 271 639 46 310 85 
Vertex 86 distance 25
0 336 330 448 86 
Vertex 87 distance 34
0 271 639 451 290 87 
Vertex 88 distance 36
0 614 632 365 503 590 88 
Vertex 89 distance 24
0 491 329 397 393 89 
Vertex 90 distance 36
0 614 632 147 388 516 305 3 534 90 
Vertex 91 distance 32
0 614 537 538 91 
Vertex 92 distance 24
0 614 632 147 388 92 
Vertex 93 distance 26
0 614 537 538 214 93 
Vertex 94 distance 34
0 336 330 448 40 94 
Vertex 95 distance 38
0 271 639 451 276 454 72 617 95 
Vertex 96 distance 39
0 152 150 544 362 96 
Vertex 97 distance 28
0 336 576 97 
Vertex 98 distance 28
0 271 639 46 310 133 207 98 
Vertex 99 distance 29
0 614 632 147 388 516 99 
Vertex 100 distance 40
0 165 258 211 112 420 353 100 
Vertex 101 distance 27
0 491 329 101 
Vertex 102 distance 35
0 271 639 46 310 133 207 98 318 102 
Vertex 103 distance 37
0 614 632 365 503 609 103 
Vertex 104 distance 42
0 271 639 451 276 454 256 520 104 
Vertex 105 distance 24
0 614 618 105 
Vertex 106 distance 30
0 271 639 46 310 629 636 382 106 
Vertex 107 distance 31
0 165 258 211 112 420 107 
Vertex 108 distance 31
0 614 350 352 108 
Vertex 109 distance 24
0 614 632 127 109 
Vertex 110 distance 43
0 165 258 495 110 
Vertex 111 distance 34
0 271 639 46 310 133 207 111 
Vertex 112 distance 27
0 165 258 211 112 
Vertex 113 distance 31
0 456 75 113 
Vertex 114 distance 30
0 271 639 451 489 622 425 114 
Vertex 115 distance 31
0 483 552 208 115 
Vertex 116 distance 31
0 271 639 46 310 133 207 98 146 116 
Vertex 117 distance 33
0 271 639 46 310 85 117 
Vertex 118 distance 36
0 614 594 568 153 293 118 
Vertex 119 distance 49
0 614 632 147 482 119 
Vertex 120 distance 32
0 271 639 46 310 629 335 563 120 
Vertex 121 distance 29
0 271 639 451 489 315 287 121 
Vertex 122 distance 17
0 122 
Vertex 123 distance 38
0 491 387 485 507 23 459 123 
Vertex 124 distance 42
0 271 639 451 489 622 585 124 
Vertex 125 distance 30
0 614 537 196 529 125 
Vertex 126 distance 36
0 614 350 352 232 126 
Vertex 127 distance 17
0 614 632 127 
Vertex 128 distance 27
0 491 329 397 393 89 128 
Vertex 129 distance 43
0 491 387 506 519 320 129 
Vertex 130 distance 39
0 271 639 451 489 622 425 130 
Vertex 131 distance 23
0 491 430 131 
Vertex 132 distance 33
0 614 632 487 132 
Vertex 133 distance 25
0 271 639 46 310 133 
Vertex 134 distance 40
0 271 639 451 489 315 134 
Vertex 135 distance 30
0 271 639 451 489 315 287 135 
Vertex 136 distance 31
0 336 330 448 31 136 
Vertex 137 distance 28
0 165 137 
Vertex 138 distance 29
0 491 387 485 467 138 
Vertex 139 distance 33
0 271 639 451 489 315 287 121 354 139 
Vertex 140 distance 30
0 491 329 140 
Vertex 141 distance 29
0 614 537 538 141 
Vertex 142 distance 30
0 491 387 485 171 142 
Vertex 143 distance 32
0 271 639 451 489 315 287 400 143 
Vertex 144 distance 37
0 614 537 196 529 179 543 144 
Vertex 145 distance 34
0 271 639 46 310 409 145 
Vertex 146 distance 30
0 271 639 46 310 133 207 98 146 
Vertex 147 distance 15
0 614 632 147 
Vertex 148 distance 32
0 483 148 
Vertex 149 distance 31
0 271 639 451 276 454 256 149 
Vertex 150 distance 26
0 152 150 
Vertex 151 distance 44
0 271 639 402 151 
Vertex 152 distance 21
0 152 
Vertex 153 distance 28
0 614 594 568 153 
Vertex 154 distance 36
0 614 594 303 221 154 
Vertex 155 distance 32
0 271 639 451 276 533 589 155 
Vertex 156 distance 36
0 614 350 341 156 
Vertex 157 distance 34
0 271 639 46 157 
Vertex 158 distance 39
0 491 387 158 
Vertex 159 distance 48
0 298 159 
Vertex 160 distance 35
0 466 160 
Vertex 161 distance 33
0 271 639 451 235 161 
Vertex 162 distance 43
0 152 150 544 362 162 
Vertex 163 distance 37
0 614 428 163 
Vertex 164 distance 35
0 614 594 568 528 202 444 164 
Vertex 165 distance 20
0 165 
Vertex 166 distance 40
0 456 75 166 
Vertex 167 distance 25
0 167 
Vertex 168 distance 26
0 614 632 147 388 516 168 
Vertex 169 distance 34
0 165 258 211 112 420 169 
Vertex 170 distance 45
0 614 537 196 529 179 170 
Vertex 171 distance 24
0 491 387 485 171 
Vertex 172 distance 37
0 491 387 506 45 525 172 
Vertex 173 distance 31
0 271 639 451 489 622 173 
Vertex 174 distance 37
0 614 618 174 
Vertex 175 distance 51
0 614 632 147 388 175 
Vertex 176 distance 40
0 614 537 538 91 176 
Vertex 177 distance 32
0 491 430 76 177 
Vertex 178 distance 36
0 271 639 451 276 454 256 520 178 
Vertex 179 distance 29
0 614 537 196 529 179 
Vertex 180 distance 24
0 614 632 147 388 180 
Vertex 181 distance 36
0 614 537 538 214 93 607 181 
Vertex 182 distance 27
0 614 632 147 388 516 305 182 
Vertex 183 distance 29
0 491 387 301 337 183 
Vertex 184 distance 30
0 165 258 211 112 420 184 
Vertex 185 distance 36
0 614 632 147 388 516 305 182 185 
Vertex 186 distance 26
0 271 639 451 489 315 186 
Vertex 187 distance 25
0 614 632 147 388 516 305 187 
Vertex 188 distance 32
0 271 639 46 310 133 207 98 146 116 188 
Vertex 189 distance 36
0 271 639 451 276 454 72 617 189 
Vertex 190 distance 28
0 152 190 
Vertex 191 distance 38
0 271 639 46 317 191 
Vertex 192 distance 32
0 271 639 46 310 133 521 192 
Vertex 193 distance 40
0 614 618 105 524 523 193 
Vertex 194 distance 39
0 456 75 113 194 
Vertex 195 distance 34
0 614 428 195 
Vertex 196 distance 21
0 614 537 196 
Vertex 197 distance 32
0 614 537 197 
Vertex 198 distance 39
0 491 387 485 171 462 24 198 
Vertex 199 distance 26
0 614 537 196 199 
Vertex 200 distance 47
0 271 639 46 310 133 207 98 146 116 200 
Vertex 201 distance 40
0 271 639 46 310 133 207 111 62 201 
Vertex 202 distance 27
0 614 594 568 528 202 
Vertex 203 distance 48
0 614 594 568 13 203 
Vertex 204 distance 32
0 491 329 397 393 89 204 
Vertex 205 distance 42
0 491 329 397 393 542 29 222 224 205 
Vertex 206 distance 30
0 336 330 448 625 206 
Vertex 207 distance 27
0 271 639 46 310 133 207 
Vertex 208 distance 30
0 483 552 208 
Vertex 209 distance 45
0 152 150 544 362 209 
Vertex 210 distance 30
0 336 330 448 625 269 210 
Vertex 211 distance 25
0 165 258 211 
Vertex 212 distance 35
0 614 632 147 388 516 597 380 360 212 
Vertex 213 distance 43
0 614 537 538 214 93 607 213 
Vertex 214 distance 24
0 614 537 538 214 
Vertex 215 distance 40
0 152 272 285 215 
Vertex 216 distance 30
0 491 329 397 615 216 
Vertex 217 distance 27
0 491 217 
Vertex 218 distance 34
0 165 258 218 
Vertex 219 distance 34
0 167 219 
Vertex 220 distance 27
0 271 639 451 404 220 
Vertex 221 distance 33
0 614 594 303 221 
Vertex 222 distance 32
0 491 329 397 393 542 29 222 
Vertex 223 distance 35
0 491 387 485 264 223 
Vertex 224 distance 38
0 491 329 397 393 542 29 222 224 
Vertex 225 distance 37
0 614 632 225 
Vertex 226 distance 32
0 614 632 147 388 226 
Vertex 227 distance 40
0 491 430 76 177 227 
Vertex 228 distance 39
0 152 190 386 228 
Vertex 229 distance 35
0 491 387 506 436 261 545 229 
Vertex 230 distance 22
0 614 594 230 
Vertex 231 distance 34
0 271 639 451 489 622 425 231 
Vertex 232 distance 34
0 614 350 352 232 
Vertex 233 distance 46
0 271 639 451 276 454 415 37 233 
Vertex 234 distance 38
0 399 33 348 234 
Vertex 235 distance 30
0 271 639 451 235 
Vertex 236 distance 30
0 614 632 147 388 516 305 236 
Vertex 237 distance 27
0 614 618 237 
Vertex 238 distance 29
0 271 639 451 276 367 238 
Vertex 239 distance 47
0 336 330 448 625 269 239 
Vertex 240 distance 39
0 614 632 73 240 
Vertex 241 distance 33
0 614 632 365 503 15 241 
Vertex 242 distance 34
0 614 594 568 13 242 
Vertex 243 distance 37
0 491 387 485 264 243 
Vertex 244 distance 38
0 271 639 46 310 133 244 
Vertex 245 distance 33
0 152 272 285 245 
Vertex 246 distance 34
0 271 639 451 276 367 414 246 
Vertex 247 distance 34
0 122 251 247 
Vertex 248 distance 29
0 336 330 448 40 248 
Vertex 249 distance 28
0 614 618 237 249 
Vertex 250 distance 37
0 614 632 127 109 610 250 
Vertex 251 distance 24
0 122 251 
Vertex 252 distance 32
0 483 552 208 252 
Vertex 253 distance 38
0 614 594 638 347 253 
Vertex 254 distance 35
0 483 552 208 254 
Vertex 255 distance 32
0 614 632 73 602 255 
Vertex 256 distance 27
0 271 639 451 276 454 256 
Vertex 257 distance 38
0 614 594 568 13 257 
Vertex 258 distance 23
0 165 258 
Vertex 259 distance 37
0 491 387 506 45 525 259 
Vertex 260 distance 33
0 614 632 147 388 516 305 3 260 
Vertex 261 distance 26
0 491 387 506 436 261 
Vertex 262 distance 28
0 491 430 76 262 
Vertex 263 distance 26
0 271 639 451 276 263 
Vertex 264 distance 22
0 491 387 485 264 
Vertex 265 distance 30
0 271 639 451 489 622 265 
Vertex 266 distance 31
0 614 632 147 388 516 305 236 266 
Vertex 267 distance 28
0 456 267 
Vertex 268 distance 24
0 271 639 451 489 268 
Vertex 269 distance 27
0 336 330 448 625 269 
Vertex 270 distance 34
0 614 2 270 
Vertex 271 distance 12
0 271 
Vertex 272 distance 31
0 152 272 
Vertex 273 distance 35
0 271 639 451 276 533 589 273 
Vertex 274 distance 49
0 336 330 448 31 136 30 591 274 
Vertex 275 distance 30
0 271 639 46 275 
Vertex 276 distance 19
0 271 639 451 276 
Vertex 277 distance 36
0 271 639 46 310 629 636 382 277 
Vertex 278 distance 26
0 614 594 230 278 
Vertex 279 distance 50
0 491 329 397 393 542 29 279 
Vertex 280 distance 29
0 271 639 451 276 454 280 
Vertex 281 distance 39
0 614 359 477 510 69 281 
Vertex 282 distance 33
0 271 639 451 489 622 585 282 
Vertex 283 distance 39
0 336 330 448 40 283 
Vertex 284 distance 35
0 271 639 46 284 
Vertex 285 distance 32
0 152 272 285 
Vertex 286 distance 27
0 614 632 147 388 516 305 187 286 
Vertex 287 distance 25
0 271 639 451 489 315 287 
Vertex 288 distance 27
0 614 632 365 503 288 
Vertex 289 distance 38
0 614 632 147 388 516 597 380 360 212 289 
Vertex 290 distance 21
0 271 639 451 290 
Vertex 291 distance 37
0 271 639 451 276 533 60 291 
Vertex 292 distance 42
0 614 537 196 292 
Vertex 293 distance 33
0 614 594 568 153 293 
Vertex 294 distance 38
0 614 594 230 570 358 294 
Vertex 295 distance 50
0 271 639 46 275 295 
Vertex 296 distance 37
0 614 359 580 296 
Vertex 297 distance 36
0 614 632 147 388 516 305 182 9 297 
Vertex 298 distance 26
0 298 
Vertex 299 distance 33
0 271 639 451 276 533 589 299 
Vertex 300 distance 34
0 491 329 378 300 
Vertex 301 distance 23
0 491 387 301 
Vertex 302 distance 37
0 614 594 638 513 302 
Vertex 303 distance 27
0 614 594 303 
Vertex 304 distance 43
0 271 639 46 310 133 207 98 146 116 188 81 304 
Vertex 305 distance 21
0 614 632 147 388 516 305 
Vertex 306 distance 32
0 165 258 211 112 420 107 306 
Vertex 307 distance 34
0 271 639 451 276 307 
Vertex 308 distance 31
0 271 639 451 371 308 
Vertex 309 distance 38
0 614 632 487 309 
Vertex 310 distance 22
0 271 639 46 310 
Vertex 311 distance 42
0 491 387 506 45 525 259 311 
Vertex 312 distance 33
0 491 217 312 
Vertex 313 distance 28
0 491 329 397 313 
Vertex 314 distance 33
0 271 639 46 310 629 636 314 
Vertex 315 distance 23
0 271 639 451 489 315 
Vertex 316 distance 30
0 399 316 
Vertex 317 distance 28
0 271 639 46 317 
Vertex 318 distance 34
0 271 639 46 310 133 207 98 318 
Vertex 319 distance 24
0 491 430 131 319 
Vertex 320 distance 40
0 491 387 506 519 320 
Vertex 321 distance 40
0 491 387 506 519 321 
Vertex 322 distance 34
0 271 639 46 310 629 636 382 106 322 
Vertex 323 distance 39
0 614 323 
Vertex 324 distance 36
0 165 258 211 112 420 324 
Vertex 325 distance 31
0 271 639 46 310 409 325 
Vertex 326 distance 39
0 271 639 46 310 409 325 530 326 
Vertex 327 distance 42
0 614 537 538 141 327 
Vertex 328 distance 41
0 614 632 73 328 
Vertex 329 distance 11
0 491 329 
Vertex 330 distance 21
0 336 330 
Vertex 331 distance 42
0 614 632 147 388 516 305 331 
Vertex 332 distance 37
0 491 329 397 554 332 
Vertex 333 distance 44
0 491 217 312 333 
Vertex 334 distance 35
0 491 387 485 171 559 334 
Vertex 335 distance 26
0 271 639 46 310 629 335 
Vertex 336 distance 19
0 336 
Vertex 337 distance 26
0 491 387 301 337 
Vertex 338 distance 29
0 614 537 538 214 93 338 
Vertex 339 distance 26
0 614 632 127 109 339 
Vertex 340 distance 36
0 614 2 340 
Vertex 341 distance 31
0 614 350 341 
Vertex 342 distance 36
0 271 639 46 310 133 521 342 
Vertex 343 distance 38
0 271 639 46 310 133 207 111 343 
Vertex 344 distance 37
0 491 387 485 171 142 403 344 
Vertex 345 distance 30
0 614 594 61 345 
Vertex 346 distance 36
0 165 258 211 112 420 169 346 
Vertex 347 distance 31
0 614 594 638 347 
Vertex 348 distance 27
0 399 33 348 
Vertex 349 distance 42
0 614 349 
Vertex 350 distance 22
0 614 350 
Vertex 351 distance 34
0 271 639 46 310 133 438 572 351 
Vertex 352 distance 23
0 614 350 352 
Vertex 353 distance 35
0 165 258 211 112 420 353 
Vertex 354 distance 32
0 271 639 451 489 315 287 121 354 
Vertex 355 distance 46
0 271 639 451 276 367 238 379 355 
Vertex 356 distance 43
0 271 639 451 489 622 596 356 
Vertex 357 distance 36
0 271 639 451 276 263 565 357 
Vertex 358 distance 30
0 614 594 230 570 358 
Vertex 359 distance 24
0 614 359 
Vertex 360 distance 34
0 614 632 147 388 516 597 380 360 
Vertex 361 distance 41
0 456 75 113 361 
Vertex 362 distance 37
0 152 150 544 362 
Vertex 363 distance 41
0 614 632 147 388 516 597 380 360 212 289 363 
Vertex 364 distance 34
0 271 639 451 235 364 
Vertex 365 distance 22
0 614 632 365 
Vertex 366 distance 38
0 165 258 495 366 
Vertex 367 distance 21
0 271 639 451 276 367 
Vertex 368 distance 37
0 614 537 538 91 368 
Vertex 369 distance 38
0 483 552 208 115 369 
Vertex 370 distance 39
0 491 370 
Vertex 371 distance 24
0 271 639 451 371 
Vertex 372 distance 30
0 122 251 469 372 
Vertex 373 distance 39
0 491 430 131 437 373 
Vertex 374 distance 24
0 614 618 374 
Vertex 375 distance 46
0 399 375 
Vertex 376 distance 31
0 336 576 97 376 
Vertex 377 distance 37
0 614 632 147 388 516 305 182 9 377 
Vertex 378 distance 18
0 491 329 378 
Vertex 379 distance 36
0 271 639 451 276 367 238 379 
Vertex 380 distance 32
0 614 632 147 388 516 597 380 
Vertex 381 distance 35
0 614 359 497 496 381 
Vertex 382 distance 26
0 271 639 46 310 629 636 382 
Vertex 383 distance 32
0 399 33 383 
Vertex 384 distance 37
0 271 639 451 276 454 256 384 
Vertex 385 distance 25
0 491 387 485 171 385 
Vertex 386 distance 32
0 152 190 386 
Vertex 387 distance 15
0 491 387 
Vertex 388 distance 16
0 614 632 147 388 
Vertex 389 distance 28
0 491 329 397 393 89 128 389 
Vertex 390 distance 33
0 271 639 451 489 315 287 121 354 390 
Vertex 391 distance 33
0 336 330 448 391 
Vertex 392 distance 38
0 614 632 127 109 610 250 392 
Vertex 393 distance 21
0 491 329 397 393 
Vertex 394 distance 31
0 491 411 394 
Vertex 395 distance 24
0 614 350 352 395 
Vertex 396 distance 32
0 165 258 211 112 80 396 
Vertex 397 distance 17
0 491 329 397 
Vertex 398 distance 24
0 491 329 398 
Vertex 399 distance 17
0 399 
Vertex 400 distance 31
0 271 639 451 489 315 287 400 
Vertex 401 distance 33
0 271 639 451 276 454 401 
Vertex 402 distance 32
0 271 639 402 
Vertex 403 distance 36
0 491 387 485 171 142 403 
Vertex 404 distance 19
0 271 639 451 404 
Vertex 405 distance 31
0 614 632 487 405 
Vertex 406 distance 28
0 165 258 211 112 406 
Vertex 407 distance 31
0 167 407 
Vertex 408 distance 35
0 491 329 397 408 
Vertex 409 distance 23
0 271 639 46 310 409 
Vertex 410 distance 45
0 165 258 211 112 80 410 
Vertex 411 distance 30
0 491 411 
Vertex 412 distance 52
0 271 639 451 489 315 412 
Vertex 413 distance 43
0 336 330 448 40 94 413 
Vertex 414 distance 32
0 271 639 451 276 367 414 
Vertex 415 distance 28
0 271 639 451 276 454 415 
Vertex 416 distance 31
0 271 639 451 489 622 425 114 416 
Vertex 417 distance 40
0 614 594 303 417 
Vertex 418 distance 35
0 399 498 418 
Vertex 419 distance 33
0 271 639 451 489 315 186 419 
Vertex 420 distance 29
0 165 258 211 112 420 
Vertex 421 distance 38
0 614 618 174 421 
Vertex 422 distance 47
0 271 639 46 310 629 636 382 106 322 422 
Vertex 423 distance 41
0 614 594 638 347 423 
Vertex 424 distance 37
0 614 618 374 424 
Vertex 425 distance 23
0 271 639 451 489 622 425 
Vertex 426 distance 26
0 491 387 485 171 426 
Vertex 427 distance 37
0 271 639 46 310 133 207 98 146 116 427 
Vertex 428 distance 31
0 614 428 
Vertex 429 distance 41
0 271 639 46 310 133 429 
Vertex 430 distance 21
0 491 430 
Vertex 431 distance 38
0 491 387 485 171 385 34 431 
Vertex 432 distance 22
0 271 639 432 
Vertex 433 distance 42
0 614 618 105 433 
Vertex 434 distance 29
0 614 350 352 395 434 
Vertex 435 distance 39
0 491 430 76 435 
Vertex 436 distance 24
0 491 387 506 436 
Vertex 437 distance 30
0 491 430 131 437 
Vertex 438 distance 30
0 271 639 46 310 133 438 
Vertex 439 distance 44
0 614 537 538 214 439 
Vertex 440 distance 42
0 336 330 448 31 440 
Vertex 441 distance 34
0 614 632 147 388 516 305 3 534 441 
Vertex 442 distance 38
0 271 639 451 290 442 
Vertex 443 distance 45
0 614 632 147 388 516 305 3 260 443 
Vertex 444 distance 28
0 614 594 568 528 202 444 
Vertex 445 distance 45
0 271 639 451 276 454 72 445 
Vertex 446 distance 45
0 271 639 46 310 629 636 382 77 446 
Vertex 447 distance 37
0 165 258 211 112 420 324 447 
Vertex 448 distance 22
0 336 330 448 
Vertex 449 distance 39
0 271 639 451 276 454 280 449 
Vertex 450 distance 36
0 271 639 451 276 454 72 617 450 
Vertex 451 distance 18
0 271 639 451 
Vertex 452 distance 43
0 271 639 451 489 622 425 114 44 452 
Vertex 453 distance 42
0 614 537 538 214 93 338 453 
Vertex 454 distance 23
0 271 639 451 276 454 
Vertex 455 distance 38
0 614 359 497 455 
Vertex 456 distance 24
0 456 
Vertex 457 distance 39
0 165 258 211 457 
Vertex 458 distance 35
0 491 430 131 437 458 
Vertex 459 distance 34
0 491 387 485 507 23 459 
Vertex 460 distance 34
0 491 329 397 393 460 
Vertex 461 distance 34
0 271 639 46 310 603 461 
Vertex 462 distance 30
0 491 387 485 171 462 
Vertex 463 distance 35
0 614 594 568 528 202 463 
Vertex 464 distance 33
0 614 594 568 528 202 444 464 
Vertex 465 distance 45
0 271 639 46 310 133 465 
Vertex 466 distance 31
0 466 
Vertex 467 distance 28
0 491 387 485 467 
Vertex 468 distance 35
0 271 639 451 276 533 589 299 468 
Vertex 469 distance 29
0 122 251 469 
Vertex 470 distance 33
0 614 350 352 108 470 
Vertex 471 distance 37
0 491 329 397 393 517 471 
Vertex 472 distance 39
0 491 411 22 472 
Vertex 473 distance 33
0 614 594 230 278 473 
Vertex 474 distance 36
0 271 639 451 276 454 256 474 
Vertex 475 distance 34
0 614 632 147 388 516 631 475 
Vertex 476 distance 39
0 271 639 451 489 315 186 419 476 
Vertex 477 distance 28
0 614 359 477 
Vertex 478 distance 38
0 614 359 477 510 69 478 
Vertex 479 distance 30
0 456 75 479 
Vertex 480 distance 40
0 614 632 127 109 610 480 
Vertex 481 distance 36
0 336 576 97 376 481 
Vertex 482 distance 35
0 614 632 147 482 
Vertex 483 distance 20
0 483 
Vertex 484 distance 38
0 122 251 484 
Vertex 485 distance 21
0 491 387 485 
Vertex 486 distance 32
0 614 359 477 510 486 
Vertex 487 distance 24
0 614 632 487 
Vertex 488 distance 33
0 271 639 46 310 133 207 98 146 488 
Vertex 489 distance 19
0 271 639 451 489 
Vertex 490 distance 35
0 491 387 485 264 490 
Vertex 491 distance 10
0 491 
Vertex 492 distance 35
0 271 639 451 276 454 256 149 492 
Vertex 493 distance 34
0 491 387 506 493 
Vertex 494 distance 34
0 152 150 494 
Vertex 495 distance 33
0 165 258 495 
Vertex 496 distance 34
0 614 359 497 496 
Vertex 497 distance 32
0 614 359 497 
Vertex 498 distance 23
0 399 498 
Vertex 499 distance 35
0 614 594 638 347 55 499 
Vertex 500 distance 37
0 336 330 448 31 136 30 500 
Vertex 501 distance 45
0 271 639 46 310 629 636 501 
Vertex 502 distance 31
0 271 639 46 310 629 335 502 
Vertex 503 distance 25
0 614 632 365 503 
Vertex 504 distance 44
0 271 639 46 310 629 636 382 77 588 504 
Vertex 505 distance 31
0 271 639 451 276 454 505 
Vertex 506 distance 22
0 491 387 506 
Vertex 507 distance 28
0 491 387 485 507 
Vertex 508 distance 30
0 491 387 485 507 23 508 
Vertex 509 distance 38
0 165 258 211 112 420 353 509 
Vertex 510 distance 31
0 614 359 477 510 
Vertex 511 distance 32
0 271 639 451 489 268 511 
Vertex 512 distance 33
0 614 632 487 405 512 
Vertex 513 distance 32
0 614 594 638 513 
Vertex 514 distance 41
0 614 632 147 388 92 17 514 
Vertex 515 distance 33
0 491 387 506 436 515 
Vertex 516 distance 19
0 614 632 147 388 516 
Vertex 517 distance 34
0 491 329 397 393 517 
Vertex 518 distance 51
0 165 258 218 518 
Vertex 519 distance 34
0 491 387 506 519 
Vertex 520 distance 34
0 271 639 451 276 454 256 520 
Vertex 521 distance 27
0 271 639 46 310 133 521 
Vertex 522 distance 47
0 614 618 174 522 
Vertex 523 distance 37
0 614 618 105 524 523 
Vertex 524 distance 32
0 614 618 105 524 
Vertex 525 distance 30
0 491 387 506 45 525 
Vertex 526 distance 27
0 152 526 
Vertex 527 distance 36
0 271 639 451 276 454 256 520 527 
Vertex 528 distance 23
0 614 594 568 528 
Vertex 529 distance 25
0 614 537 196 529 
Vertex 530 distance 34
0 271 639 46 310 409 325 530 
Vertex 531 distance 50
0 456 75 479 593 531 
Vertex 532 distance 50
0 165 258 211 112 420 353 509 532 
Vertex 533 distance 25
0 271 639 451 276 533 
Vertex 534 distance 30
0 614 632 147 388 516 305 3 534 
Vertex 535 distance 35
0 271 639 451 276 454 256 149 535 
Vertex 536 distance 29
0 491 387 485 171 385 536 
Vertex 537 distance 19
0 614 537 
Vertex 538 distance 22
0 614 537 538 
Vertex 539 distance 34
0 614 632 147 388 516 99 79 539 
Vertex 540 distance 32
0 271 639 46 275 540 
Vertex 541 distance 36
0 271 639 46 310 133 207 98 318 102 541 
Vertex 542 distance 25
0 491 329 397 393 542 
Vertex 543 distance 30
0 614 537 196 529 179 543 
Vertex 544 distance 30
0 152 150 544 
Vertex 545 distance 31
0 491 387 506 436 261 545 
Vertex 546 distance 41
0 152 272 546 
Vertex 547 distance 34
0 547 
Vertex 548 distance 28
0 271 639 46 310 548 
Vertex 549 distance 38
0 271 639 46 310 409 549 
Vertex 550 distance 43
0 614 632 147 388 516 597 380 360 550 
Vertex 551 distance 30
0 614 350 352 395 434 551 
Vertex 552 distance 25
0 483 552 
Vertex 553 distance 39
0 491 387 506 436 261 553 
Vertex 554 distance 25
0 491 329 397 554 
Vertex 555 distance 33
0 271 639 451 489 315 287 135 555 
Vertex 556 distance 30
0 614 632 127 109 339 556 
Vertex 557 distance 47
0 614 350 557 
Vertex 558 distance 32
0 614 537 538 558 
Vertex 559 distance 25
0 491 387 485 171 559 
Vertex 560 distance 34
0 271 639 46 310 629 335 502 561 560 
Vertex 561 distance 33
0 271 639 46 310 629 335 502 561 
Vertex 562 distance 35
0 614 537 196 529 562 
Vertex 563 distance 27
0 271 639 46 310 629 335 563 
Vertex 564 distance 31
0 614 632 127 109 564 
Vertex 565 distance 28
0 271 639 451 276 263 565 
Vertex 566 distance 42
0 614 632 147 388 516 631 475 566 
Vertex 567 distance 26
0 614 537 196 529 567 
Vertex 568 distance 22
0 614 594 568 
Vertex 569 distance 41
0 614 632 365 569 
Vertex 570 distance 28
0 614 594 230 570 
Vertex 571 distance 43
0 614 537 196 529 571 
Vertex 572 distance 32
0 271 639 46 310 133 438 572 
Vertex 573 distance 29
0 614 594 568 528 202 573 
Vertex 574 distance 42
0 271 639 451 489 622 596 611 574 
Vertex 575 distance 29
0 271 639 451 276 454 72 575 
Vertex 576 distance 27
0 336 576 
Vertex 577 distance 29
0 614 350 577 
Vertex 578 distance 33
0 271 639 451 276 454 72 575 578 
Vertex 579 distance 41
0 456 75 479 579 
Vertex 580 distance 28
0 614 359 580 
Vertex 581 distance 38
0 483 148 581 
Vertex 582 distance 30
0 271 639 451 276 454 72 582 
Vertex 583 distance 23
0 583 
Vertex 584 distance 25
0 614 632 487 584 
Vertex 585 distance 27
0 271 639 451 489 622 585 
Vertex 586 distance 51
0 165 258 211 112 80 410 586 
Vertex 587 distance 43
0 271 639 451 489 315 287 135 4 587 
Vertex 588 distance 37
0 271 639 46 310 629 636 382 77 588 
Vertex 589 distance 29
0 271 639 451 276 533 589 
Vertex 590 distance 27
0 614 632 365 503 590 
Vertex 591 distance 38
0 336 330 448 31 136 30 591 
Vertex 592 distance 24
0 483 592 
Vertex 593 distance 36
0 456 75 479 593 
Vertex 594 distance 16
0 614 594 
Vertex 595 distance 31
0 271 639 451 489 315 287 121 595 
Vertex 596 distance 24
0 271 639 451 489 622 596 
Vertex 597 distance 28
0 614 632 147 388 516 597 
Vertex 598 distance 25
0 491 329 598 
Vertex 599 distance 35
0 271 639 46 310 409 325 530 599 
Vertex 600 distance 36
0 614 2 600 
Vertex 601 distance 52
0 271 639 46 310 629 335 502 561 560 601 
Vertex 602 distance 27
0 614 632 73 602 
Vertex 603 distance 32
0 271 639 46 310 603 
Vertex 604 distance 52
0 614 537 196 529 125 604 
Vertex 605 distance 45
0 336 576 605 
Vertex 606 distance 44
0 614 632 147 606 
Vertex 607 distance 28
0 614 537 538 214 93 607 
Vertex 608 distance 36
0 491 387 485 608 
Vertex 609 distance 33
0 614 632 365 503 609 
Vertex 610 distance 34
0 614 632 127 109 610 
Vertex 611 distance 36
0 271 639 451 489 622 596 611 
Vertex 612 distance 37
0 271 639 46 310 629 636 382 277 612 
Vertex 613 distance 55
0 614 618 374 613 
Vertex 614 distance 12
0 614 
Vertex 615 distance 28
0 491 329 397 615 
Vertex 616 distance 40
0 491 387 506 45 616 
Vertex 617 distance 31
0 271 639 451 276 454 72 617 
Vertex 618 distance 22
0 614 618 
Vertex 619 distance 42
0 336 576 97 376 481 619 
Vertex 620 distance 43
0 271 639 451 276 454 401 620 
Vertex 621 distance 34
0 399 33 621 
Vertex 622 distance 20
0 271 639 451 489 622 
Vertex 623 distance 36
0 491 430 131 623 
Vertex 624 distance 30
0 271 639 451 290 624 
Vertex 625 distance 24
0 336 330 448 625 
Vertex 626 distance 33
0 491 387 485 171 559 626 
Vertex 627 distance 43
0 614 359 477 510 69 627 
Vertex 628 distance 25
0 271 639 451 489 268 628 
Vertex 629 distance 24
0 271 639 46 310 629 
Vertex 630 distance 33
0 491 329 397 393 89 128 630 
Vertex 631 distance 30
0 614 632 147 388 516 631 
Vertex 632 distance 13
0 614 632 
Vertex 633 distance 49
0 165 258 495 110 633 
Vertex 634 distance 37
0 614 618 237 249 634 
Vertex 635 distance 39
0 491 329 397 393 542 635 
Vertex 636 distance 25
0 271 639 46 310 629 636 
Vertex 637 distance 43
0 271 639 451 489 315 287 53 637 
Vertex 638 distance 23
0 614 594 638 
Vertex 639 distance 16
0 271 639 
