Vertex 0 distance 0
0 0 
Vertex 1 distance 17
0 322 307 108 142 78 581 1 
Vertex 2 distance 9
0 322 85 2 
Vertex 3 distance 18
0 322 307 100 308 361 468 3 
Vertex 4 distance 20
0 322 85 192 8 405 173 145 4 
Vertex 5 distance 13
0 322 307 636 597 5 
Vertex 6 distance 14
0 322 307 108 543 415 609 524 76 499 529 6 
Vertex 7 distance 10
0 322 624 112 589 7 
Vertex 8 distance 12
0 322 85 192 8 
Vertex 9 distance 14
0 340 90 9 
Vertex 10 distance 16
0 322 307 108 543 415 609 524 76 143 486 10 
Vertex 11 distance 14
0 230 273 156 141 11 
Vertex 12 distance 21
0 340 97 259 71 416 12 
Vertex 13 distance 17
0 322 624 112 589 535 216 13 
Vertex 14 distance 15
0 322 307 108 543 415 609 516 342 14 
Vertex 15 distance 14
0 322 624 112 258 224 174 218 15 
Vertex 16 distance 19
0 322 307 108 543 415 609 524 613 266 16 
Vertex 17 distance 16
0 322 307 108 543 415 609 524 149 17 
Vertex 18 distance 16
0 230 18 
Vertex 19 distance 13
0 19 
Vertex 20 distance 13
0 322 307 108 543 415 609 179 401 20 
Vertex 21 distance 13
0 322 307 100 389 30 21 
Vertex 22 distance 21
0 322 624 112 65 52 492 22 
Vertex 23 distance 13
0 322 307 108 543 415 609 524 76 23 
Vertex 24 distance 16
0 322 624 112 589 487 618 469 24 
Vertex 25 distance 19
0 322 624 112 253 25 
Vertex 26 distance 18
0 322 307 108 315 50 26 
Vertex 27 distance 12
0 322 624 547 334 27 
Vertex 28 distance 16
0 322 307 108 543 415 609 524 76 143 447 28 
Vertex 29 distance 15
0 340 321 626 29 
Vertex 30 distance 12
0 322 307 100 389 30 
Vertex 31 distance 13
0 322 624 112 244 31 
Vertex 32 distance 17
0 322 307 108 543 415 609 524 76 499 529 32 
Vertex 33 distance 16
0 322 624 112 258 39 349 33 
Vertex 34 distance 17
0 322 624 34 
Vertex 35 distance 19
0 340 97 201 206 35 
Vertex 36 distance 13
0 230 273 156 36 
Vertex 37 distance 20
0 322 85 2 434 402 37 
Vertex 38 distance 19
0 340 97 201 291 38 
Vertex 39 distance 9
0 322 624 112 258 39 
Vertex 40 distance 17
0 322 85 2 40 
Vertex 41 distance 16
0 230 273 156 457 41 
Vertex 42 distance 13
0 322 624 112 244 356 42 
Vertex 43 distance 18
0 322 624 112 65 576 439 43 
Vertex 44 distance 14
0 322 307 107 140 337 44 
Vertex 45 distance 20
0 322 624 112 258 224 174 218 370 45 
Vertex 46 distance 19
0 322 307 108 315 50 26 46 
Vertex 47 distance 16
0 322 624 112 65 576 47 
Vertex 48 distance 20
0 322 624 112 589 487 48 
Vertex 49 distance 15
0 322 624 112 355 110 375 426 49 
Vertex 50 distance 12
0 322 307 108 315 50 
Vertex 51 distance 14
0 322 307 108 142 390 51 
Vertex 52 distance 8
0 322 624 112 65 52 
Vertex 53 distance 17
0 340 53 
Vertex 54 distance 28
0 322 307 108 417 483 451 54 
Vertex 55 distance 13
0 322 307 107 406 55 
Vertex 56 distance 13
0 230 273 156 289 56 
Vertex 57 distance 18
0 322 307 108 601 297 178 343 83 57 
Vertex 58 distance 15
0 322 307 108 473 255 58 
Vertex 59 distance 20
0 322 624 112 258 224 174 412 59 
Vertex 60 distance 13
0 322 307 108 601 316 606 60 
Vertex 61 distance 14
0 230 273 156 205 61 
Vertex 62 distance 22
0 340 97 259 623 62 
Vertex 63 distance 10
0 322 307 108 142 63 
Vertex 64 distance 10
0 322 307 108 543 467 64 
Vertex 65 distance 7
0 322 624 112 65 
Vertex 66 distance 22
0 322 624 112 355 110 68 67 66 
Vertex 67 distance 13
0 322 624 112 355 110 68 67 
Vertex 68 distance 12
0 322 624 112 355 110 68 
Vertex 69 distance 16
0 322 307 108 601 316 606 60 385 368 69 
Vertex 70 distance 21
0 340 97 201 117 70 
Vertex 71 distance 12
0 340 97 259 71 
Vertex 72 distance 21
0 322 307 108 543 415 609 524 72 
Vertex 73 distance 24
0 340 97 73 
Vertex 74 distance 13
0 322 363 317 569 553 74 
Vertex 75 distance 19
0 322 307 636 597 541 75 
Vertex 76 distance 9
0 322 307 108 543 415 609 524 76 
Vertex 77 distance 14
0 322 624 360 77 
Vertex 78 distance 12
0 322 307 108 142 78 
Vertex 79 distance 18
0 322 624 112 65 52 588 531 79 
Vertex 80 distance 15
0 322 307 108 601 316 606 408 80 
Vertex 81 distance 16
0 322 307 108 543 415 609 524 76 499 168 81 
Vertex 82 distance 16
0 230 625 82 
Vertex 83 distance 16
0 322 307 108 601 297 178 343 83 
Vertex 84 distance 12
0 322 307 108 315 84 
Vertex 85 distance 6
0 322 85 
Vertex 86 distance 20
0 322 624 112 355 504 352 546 86 
Vertex 87 distance 15
0 322 307 108 142 390 51 87 
Vertex 88 distance 17
0 322 307 107 414 88 
Vertex 89 distance 15
0 322 307 108 543 415 609 524 158 89 
Vertex 90 distance 10
0 340 90 
Vertex 91 distance 18
0 322 624 112 244 356 91 
Vertex 92 distance 12
0 340 92 
Vertex 93 distance 17
0 322 307 108 543 415 609 524 76 499 93 
Vertex 94 distance 16
0 322 307 636 597 384 286 94 
Vertex 95 distance 21
0 322 307 108 142 78 581 1 489 95 
Vertex 96 distance 17
0 322 307 107 406 96 
Vertex 97 distance 8
0 340 97 
Vertex 98 distance 19
0 322 85 192 8 405 135 98 
Vertex 99 distance 17
0 340 97 604 99 
Vertex 100 distance 8
0 322 307 100 
Vertex 101 distance 16
0 230 570 101 
Vertex 102 distance 17
0 340 321 481 102 
Vertex 103 distance 15
0 322 307 108 601 299 249 103 
Vertex 104 distance 15
0 322 307 107 406 104 
Vertex 105 distance 16
0 322 307 108 473 505 494 105 
Vertex 106 distance 18
0 322 624 112 355 110 462 574 566 106 
Vertex 107 distance 4
0 322 307 107 
Vertex 108 distance 4
0 322 307 108 
Vertex 109 distance 22
0 322 624 112 355 452 615 241 109 
Vertex 110 distance 10
0 322 624 112 355 110 
Vertex 111 distance 15
0 322 624 112 65 576 374 111 
Vertex 112 distance 6
0 322 624 112 
Vertex 113 distance 15
0 322 624 112 244 123 113 
Vertex 114 distance 14
0 322 307 108 142 203 114 
Vertex 115 distance 16
0 230 625 572 282 115 
Vertex 116 distance 17
0 322 307 107 406 306 116 
Vertex 117 distance 11
0 340 97 201 117 
Vertex 118 distance 16
0 322 624 112 244 123 113 118 
Vertex 119 distance 13
0 322 307 108 543 415 609 524 76 499 119 
Vertex 120 distance 12
0 322 307 108 601 299 423 120 
Vertex 121 distance 14
0 322 307 108 543 415 609 524 76 143 121 
Vertex 122 distance 16
0 322 155 122 
Vertex 123 distance 12
0 322 624 112 244 123 
Vertex 124 distance 18
0 322 624 112 244 31 196 124 
Vertex 125 distance 15
0 322 307 108 601 299 423 533 125 
Vertex 126 distance 19
0 322 307 108 315 50 126 
Vertex 127 distance 14
0 322 307 108 601 299 423 533 127 
Vertex 128 distance 19
0 219 128 
Vertex 129 distance 18
0 230 290 129 
Vertex 130 distance 19
0 230 273 156 130 
Vertex 131 distance 16
0 322 624 360 77 131 
Vertex 132 distance 19
0 322 307 107 324 132 
Vertex 133 distance 20
0 322 307 107 406 55 329 133 
Vertex 134 distance 19
0 230 485 134 
Vertex 135 distance 18
0 322 85 192 8 405 135 
Vertex 136 distance 17
0 322 624 547 334 136 
Vertex 137 distance 17
0 322 307 108 601 297 178 343 371 137 
Vertex 138 distance 21
0 322 307 107 406 306 138 
Vertex 139 distance 16
0 322 624 112 65 576 374 111 139 
Vertex 140 distance 6
0 322 307 107 140 
Vertex 141 distance 12
0 230 273 156 141 
Vertex 142 distance 5
0 322 307 108 142 
Vertex 143 distance 11
0 322 307 108 543 415 609 524 76 143 
Vertex 144 distance 22
0 322 307 108 543 415 609 524 76 499 587 397 144 
Vertex 145 distance 19
0 322 85 192 8 405 173 145 
Vertex 146 distance 27
0 322 307 636 597 384 445 575 437 146 
Vertex 147 distance 15
0 230 273 156 205 147 
Vertex 148 distance 14
0 322 624 112 258 224 148 
Vertex 149 distance 14
0 322 307 108 543 415 609 524 149 
Vertex 150 distance 25
0 230 625 572 282 150 
Vertex 151 distance 23
0 322 624 112 589 535 216 470 151 
Vertex 152 distance 12
0 322 307 108 315 367 152 
Vertex 153 distance 15
0 322 624 112 258 224 174 218 370 153 
Vertex 154 distance 15
0 340 321 481 154 
Vertex 155 distance 14
0 322 155 
Vertex 156 distance 9
0 230 273 156 
Vertex 157 distance 7
0 322 85 157 
Vertex 158 distance 12
0 322 307 108 543 415 609 524 158 
Vertex 159 distance 13
0 230 273 156 159 
Vertex 160 distance 16
0 322 624 360 160 
Vertex 161 distance 20
0 322 307 108 543 415 609 524 613 266 16 161 
Vertex 162 distance 13
0 322 307 107 140 162 
Vertex 163 distance 17
0 230 273 156 141 607 163 
Vertex 164 distance 15
0 322 624 547 592 164 
Vertex 165 distance 16
0 322 624 112 355 504 165 
Vertex 166 distance 8
0 322 307 107 406 166 
Vertex 167 distance 14
0 322 624 112 65 52 257 167 
Vertex 168 distance 11
0 322 307 108 543 415 609 524 76 499 168 
Vertex 169 distance 19
0 230 273 568 169 
Vertex 170 distance 14
0 340 97 201 117 170 
Vertex 171 distance 15
0 322 307 100 171 
Vertex 172 distance 14
0 322 307 636 597 541 577 172 
Vertex 173 distance 15
0 322 85 192 8 405 173 
Vertex 174 distance 11
0 322 624 112 258 224 174 
Vertex 175 distance 18
0 322 307 108 473 264 175 
Vertex 176 distance 17
0 230 273 156 289 56 176 
Vertex 177 distance 24
0 322 307 636 597 384 339 327 347 177 
Vertex 178 distance 13
0 322 307 108 601 297 178 
Vertex 179 distance 10
0 322 307 108 543 415 609 179 
Vertex 180 distance 12
0 322 307 108 543 415 609 179 180 
Vertex 181 distance 15
0 322 307 108 543 415 609 524 76 499 529 181 
Vertex 182 distance 15
0 322 307 108 543 415 609 182 
Vertex 183 distance 17
0 322 307 636 336 183 
Vertex 184 distance 17
0 322 624 112 65 52 588 531 184 
Vertex 185 distance 22
0 340 321 481 474 185 
Vertex 186 distance 16
0 322 624 547 583 186 
Vertex 187 distance 18
0 340 90 537 500 187 
Vertex 188 distance 16
0 340 321 481 188 
Vertex 189 distance 19
0 340 90 537 399 453 189 
Vertex 190 distance 19
0 322 307 108 543 415 609 524 76 143 409 325 190 
Vertex 191 distance 12
0 340 321 191 
Vertex 192 distance 7
0 322 85 192 
Vertex 193 distance 11
0 322 85 2 193 
Vertex 194 distance 18
0 322 307 108 543 415 609 516 194 
Vertex 195 distance 17
0 322 307 108 543 415 609 179 491 195 
Vertex 196 distance 16
0 322 624 112 244 31 196 
Vertex 197 distance 17
0 322 307 108 543 415 609 179 557 450 197 
Vertex 198 distance 18
0 322 307 108 543 415 609 524 76 499 168 81 198 
Vertex 199 distance 8
0 322 85 157 199 
Vertex 200 distance 17
0 322 307 108 601 430 200 
Vertex 201 distance 10
0 340 97 201 
Vertex 202 distance 15
0 322 624 112 355 504 202 
Vertex 203 distance 11
0 322 307 108 142 203 
Vertex 204 distance 17
0 464 204 
Vertex 205 distance 11
0 230 273 156 205 
Vertex 206 distance 15
0 340 97 201 206 
Vertex 207 distance 17
0 322 307 108 142 203 207 
Vertex 208 distance 20
0 221 493 208 
Vertex 209 distance 15
0 322 307 108 543 467 64 209 
Vertex 210 distance 19
0 340 90 537 271 210 
Vertex 211 distance 14
0 322 307 211 
Vertex 212 distance 20
0 212 
Vertex 213 distance 13
0 322 307 107 406 166 213 
Vertex 214 distance 16
0 340 321 191 214 
Vertex 215 distance 19
0 322 624 547 583 186 215 
Vertex 216 distance 14
0 322 624 112 589 535 216 
Vertex 217 distance 16
0 322 307 298 217 
Vertex 218 distance 13
0 322 624 112 258 224 174 218 
Vertex 219 distance 14
0 219 
Vertex 220 distance 19
0 322 307 108 543 302 220 
Vertex 221 distance 11
0 221 
Vertex 222 distance 19
0 322 624 112 244 123 222 
Vertex 223 distance 17
0 322 307 108 601 299 423 223 
Vertex 224 distance 9
0 322 624 112 258 224 
Vertex 225 distance 22
0 230 273 156 141 225 
Vertex 226 distance 11
0 322 307 108 543 415 496 226 
Vertex 227 distance 21
0 322 307 108 543 415 609 524 76 499 529 6 227 
Vertex 228 distance 22
0 322 307 108 543 467 265 228 
Vertex 229 distance 14
0 322 624 112 589 7 229 
Vertex 230 distance 5
0 230 
Vertex 231 distance 15
0 322 624 112 589 535 231 
Vertex 232 distance 15
0 322 307 108 315 84 466 232 
Vertex 233 distance 18
0 322 624 547 334 136 233 
Vertex 234 distance 18
0 322 307 108 473 377 234 
Vertex 235 distance 16
0 322 624 112 65 52 588 548 235 
Vertex 236 distance 20
0 322 624 547 583 536 236 
Vertex 237 distance 19
0 340 321 634 237 
Vertex 238 distance 17
0 322 307 108 601 430 501 552 238 
Vertex 239 distance 15
0 322 307 107 406 306 239 
Vertex 240 distance 12
0 340 321 240 
Vertex 241 distance 14
0 322 624 112 355 452 615 241 
Vertex 242 distance 14
0 322 307 108 543 415 496 226 242 
Vertex 243 distance 16
0 230 273 568 243 
Vertex 244 distance 8
0 322 624 112 244 
Vertex 245 distance 16
0 230 273 245 
Vertex 246 distance 14
0 322 307 108 543 415 609 179 557 246 
Vertex 247 distance 17
0 322 307 636 597 384 445 575 437 247 
Vertex 248 distance 17
0 322 307 108 601 299 249 248 
Vertex 249 distance 13
0 322 307 108 601 299 249 
Vertex 250 distance 21
0 322 307 108 250 
Vertex 251 distance 17
0 322 624 547 583 519 251 
Vertex 252 distance 14
0 322 307 100 389 30 252 
Vertex 253 distance 14
0 322 624 112 253 
Vertex 254 distance 21
0 322 307 108 543 415 609 524 76 143 486 254 
Vertex 255 distance 14
0 322 307 108 473 255 
Vertex 256 distance 17
0 322 307 108 543 415 609 524 76 143 486 312 256 
Vertex 257 distance 13
0 322 624 112 65 52 257 
Vertex 258 distance 7
0 322 624 112 258 
Vertex 259 distance 9
0 340 97 259 
Vertex 260 distance 19
0 322 307 108 473 505 260 
Vertex 261 distance 14
0 322 307 636 597 354 261 
Vertex 262 distance 18
0 340 53 262 
Vertex 263 distance 14
0 322 624 112 589 487 618 469 263 
Vertex 264 distance 17
0 322 307 108 473 264 
Vertex 265 distance 15
0 322 307 108 543 467 265 
Vertex 266 distance 14
0 322 307 108 543 415 609 524 613 266 
Vertex 267 distance 17
0 322 624 112 589 535 216 267 
Vertex 268 distance 13
0 322 363 317 268 
Vertex 269 distance 19
0 322 307 108 543 415 609 179 491 269 
Vertex 270 distance 15
0 322 307 107 140 337 44 270 
Vertex 271 distance 15
0 340 90 537 271 
Vertex 272 distance 14
0 322 307 108 601 316 606 60 272 
Vertex 273 distance 6
0 230 273 
Vertex 274 distance 18
0 322 624 112 589 535 216 13 274 
Vertex 275 distance 17
0 322 624 112 355 504 202 275 
Vertex 276 distance 18
0 322 624 112 244 31 276 
Vertex 277 distance 12
0 322 307 636 597 541 577 277 
Vertex 278 distance 12
0 340 97 201 278 
Vertex 279 distance 17
0 365 602 279 
Vertex 280 distance 26
0 221 493 280 
Vertex 281 distance 17
0 322 307 108 142 390 281 
Vertex 282 distance 15
0 230 625 572 282 
Vertex 283 distance 17
0 322 307 108 601 316 606 60 283 
Vertex 284 distance 16
0 322 624 112 355 452 615 284 
Vertex 285 distance 18
0 322 155 285 
Vertex 286 distance 14
0 322 307 636 597 384 286 
Vertex 287 distance 13
0 322 624 112 65 576 287 
Vertex 288 distance 21
0 340 321 191 214 288 
Vertex 289 distance 11
0 230 273 156 289 
Vertex 290 distance 15
0 230 290 
Vertex 291 distance 15
0 340 97 201 291 
Vertex 292 distance 18
0 322 307 107 292 
Vertex 293 distance 16
0 340 97 201 117 318 293 
Vertex 294 distance 15
0 322 307 108 543 415 496 226 242 294 
Vertex 295 distance 19
0 322 624 112 65 52 588 531 184 295 
Vertex 296 distance 14
0 322 307 107 406 296 
Vertex 297 distance 12
0 322 307 108 601 297 
Vertex 298 distance 15
0 322 307 298 
Vertex 299 distance 9
0 322 307 108 601 299 
Vertex 300 distance 13
0 322 307 108 601 299 423 300 
Vertex 301 distance 16
0 322 307 108 543 415 609 524 76 499 119 301 
Vertex 302 distance 10
0 322 307 108 543 302 
Vertex 303 distance 18
0 322 363 317 569 515 303 
Vertex 304 distance 24
0 340 321 481 474 185 304 
Vertex 305 distance 19
0 322 307 636 597 384 445 619 614 305 
Vertex 306 distance 9
0 322 307 107 406 306 
Vertex 307 distance 2
0 322 307 
Vertex 308 distance 9
0 322 307 100 308 
Vertex 309 distance 21
0 322 307 108 601 297 178 309 
Vertex 310 distance 10
0 230 273 156 310 
Vertex 311 distance 17
0 322 307 108 601 316 606 60 385 368 69 311 
Vertex 312 distance 14
0 322 307 108 543 415 609 524 76 143 486 312 
Vertex 313 distance 14
0 340 321 313 
Vertex 314 distance 20
0 322 624 112 589 487 618 314 
Vertex 315 distance 10
0 322 307 108 315 
Vertex 316 distance 9
0 322 307 108 601 316 
Vertex 317 distance 8
0 322 363 317 
Vertex 318 distance 13
0 340 97 201 117 318 
Vertex 319 distance 13
0 322 307 108 543 467 64 319 
Vertex 320 distance 14
0 322 307 108 142 203 320 
Vertex 321 distance 10
0 340 321 
Vertex 322 distance 1
0 322 
Vertex 323 distance 19
0 322 307 636 597 384 445 323 
Vertex 324 distance 12
0 322 307 107 324 
Vertex 325 distance 17
0 322 307 108 543 415 609 524 76 143 409 325 
Vertex 326 distance 20
0 322 307 108 315 418 326 
Vertex 327 distance 17
0 322 307 636 597 384 339 327 
Vertex 328 distance 15
0 230 273 156 289 56 328 
Vertex 329 distance 14
0 322 307 107 406 55 329 
Vertex 330 distance 14
0 322 624 112 589 330 
Vertex 331 distance 21
0 322 307 108 473 505 260 331 
Vertex 332 distance 16
0 340 97 201 332 
Vertex 333 distance 15
0 322 307 108 543 415 609 524 76 143 333 
Vertex 334 distance 9
0 322 624 547 334 
Vertex 335 distance 19
0 322 307 108 315 335 
Vertex 336 distance 14
0 322 307 636 336 
Vertex 337 distance 13
0 322 307 107 140 337 
Vertex 338 distance 16
0 340 97 259 71 338 
Vertex 339 distance 11
0 322 307 636 597 384 339 
Vertex 340 distance 6
0 340 
Vertex 341 distance 12
0 322 307 107 406 306 341 
Vertex 342 distance 14
0 322 307 108 543 415 609 516 342 
Vertex 343 distance 15
0 322 307 108 601 297 178 343 
Vertex 344 distance 19
0 322 307 108 543 415 609 524 76 143 486 312 256 344 
Vertex 345 distance 16
0 322 307 636 597 384 286 345 
Vertex 346 distance 18
0 322 85 346 
Vertex 347 distance 22
0 322 307 636 597 384 339 327 347 
Vertex 348 distance 15
0 322 624 112 355 110 68 67 348 
Vertex 349 distance 15
0 322 624 112 258 39 349 
Vertex 350 distance 16
0 322 624 112 258 224 174 218 15 350 
Vertex 351 distance 18
0 230 351 
Vertex 352 distance 15
0 322 624 112 355 504 352 
Vertex 353 distance 17
0 322 307 108 315 84 466 353 
Vertex 354 distance 13
0 322 307 636 597 354 
Vertex 355 distance 8
0 322 624 112 355 
Vertex 356 distance 12
0 322 624 112 244 356 
Vertex 357 distance 13
0 322 85 192 357 
Vertex 358 distance 16
0 322 307 108 142 78 358 
Vertex 359 distance 19
0 340 321 481 154 359 
Vertex 360 distance 10
0 322 624 360 
Vertex 361 distance 12
0 322 307 100 308 361 
Vertex 362 distance 13
0 322 85 192 362 
Vertex 363 distance 4
0 322 363 
Vertex 364 distance 15
0 322 624 547 595 364 
Vertex 365 distance 11
0 365 
Vertex 366 distance 18
0 322 85 2 193 366 
Vertex 367 distance 11
0 322 307 108 315 367 
Vertex 368 distance 15
0 322 307 108 601 316 606 60 385 368 
Vertex 369 distance 18
0 322 307 108 473 505 494 105 369 
Vertex 370 distance 14
0 322 624 112 258 224 174 218 370 
Vertex 371 distance 16
0 322 307 108 601 297 178 343 371 
Vertex 372 distance 18
0 322 624 112 258 224 174 218 372 
Vertex 373 distance 15
0 322 307 107 406 166 373 
Vertex 374 distance 13
0 322 624 112 65 576 374 
Vertex 375 distance 12
0 322 624 112 355 110 375 
Vertex 376 distance 15
0 322 307 108 601 430 501 552 376 
Vertex 377 distance 17
0 322 307 108 473 377 
Vertex 378 distance 19
0 322 624 547 583 378 
Vertex 379 distance 17
0 322 307 108 142 78 379 
Vertex 380 distance 18
0 322 85 192 380 
Vertex 381 distance 18
0 322 624 112 589 535 216 381 
Vertex 382 distance 14
0 322 624 112 355 110 68 67 382 
Vertex 383 distance 14
0 322 307 108 383 
Vertex 384 distance 8
0 322 307 636 597 384 
Vertex 385 distance 14
0 322 307 108 601 316 606 60 385 
Vertex 386 distance 17
0 322 307 108 315 84 466 386 
Vertex 387 distance 12
0 322 307 636 597 387 
Vertex 388 distance 15
0 322 307 108 601 316 606 60 385 388 
Vertex 389 distance 11
0 322 307 100 389 
Vertex 390 distance 7
0 322 307 108 142 390 
Vertex 391 distance 14
0 322 307 108 543 415 609 524 76 391 
Vertex 392 distance 8
0 322 307 392 
Vertex 393 distance 14
0 322 307 107 414 393 
Vertex 394 distance 18
0 322 307 636 597 5 394 
Vertex 395 distance 17
0 322 624 112 65 52 395 
Vertex 396 distance 19
0 340 97 259 71 338 396 
Vertex 397 distance 16
0 322 307 108 543 415 609 524 76 499 587 397 
Vertex 398 distance 16
0 230 398 
Vertex 399 distance 13
0 340 90 537 399 
Vertex 400 distance 12
0 322 624 547 334 400 
Vertex 401 distance 11
0 322 307 108 543 415 609 179 401 
Vertex 402 distance 19
0 322 85 2 434 402 
Vertex 403 distance 18
0 322 624 112 244 498 403 
Vertex 404 distance 13
0 322 624 112 355 110 68 404 
Vertex 405 distance 14
0 322 85 192 8 405 
Vertex 406 distance 7
0 322 307 107 406 
Vertex 407 distance 15
0 322 307 107 406 166 534 407 
Vertex 408 distance 13
0 322 307 108 601 316 606 408 
Vertex 409 distance 13
0 322 307 108 543 415 609 524 76 143 409 
Vertex 410 distance 14
0 322 624 547 592 410 
Vertex 411 distance 13
0 322 624 112 258 39 411 
Vertex 412 distance 14
0 322 624 112 258 224 174 412 
Vertex 413 distance 15
0 322 307 108 473 505 494 413 
Vertex 414 distance 11
0 322 307 107 414 
Vertex 415 distance 6
0 322 307 108 543 415 
Vertex 416 distance 14
0 340 97 259 71 416 
Vertex 417 distance 16
0 322 307 108 417 
Vertex 418 distance 13
0 322 307 108 315 418 
Vertex 419 distance 14
0 322 307 107 419 
Vertex 420 distance 21
0 322 624 112 589 487 591 420 
Vertex 421 distance 15
0 322 624 112 589 421 
Vertex 422 distance 20
0 322 307 100 389 30 252 422 
Vertex 423 distance 10
0 322 307 108 601 299 423 
Vertex 424 distance 15
0 322 85 157 199 424 
Vertex 425 distance 13
0 322 307 425 
Vertex 426 distance 14
0 322 624 112 355 110 375 426 
Vertex 427 distance 17
0 322 624 547 595 427 
Vertex 428 distance 21
0 322 624 360 77 428 
Vertex 429 distance 18
0 322 624 112 589 535 216 13 429 
Vertex 430 distance 10
0 322 307 108 601 430 
Vertex 431 distance 16
0 322 307 636 597 384 339 431 
Vertex 432 distance 16
0 322 307 636 597 384 339 432 
Vertex 433 distance 19
0 322 307 108 543 415 609 524 76 499 119 436 433 
Vertex 434 distance 13
0 322 85 2 434 
Vertex 435 distance 20
0 322 307 108 601 299 423 223 435 
Vertex 436 distance 14
0 322 307 108 543 415 609 524 76 499 119 436 
Vertex 437 distance 15
0 322 307 636 597 384 445 575 437 
Vertex 438 distance 18
0 322 85 438 
Vertex 439 distance 15
0 322 624 112 65 576 439 
Vertex 440 distance 14
0 322 307 636 597 541 577 277 440 
Vertex 441 distance 15
0 322 624 112 244 356 42 441 
Vertex 442 distance 15
0 230 625 442 
Vertex 443 distance 19
0 322 307 636 597 387 443 
Vertex 444 distance 16
0 230 625 572 282 444 
Vertex 445 distance 12
0 322 307 636 597 384 445 
Vertex 446 distance 21
0 322 307 108 601 297 178 343 83 57 446 
Vertex 447 distance 12
0 322 307 108 543 415 609 524 76 143 447 
Vertex 448 distance 19
0 322 307 108 601 316 606 408 448 
Vertex 449 distance 15
0 322 624 112 589 535 449 
Vertex 450 distance 15
0 322 307 108 543 415 609 179 557 450 
Vertex 451 distance 18
0 322 307 108 417 483 451 
Vertex 452 distance 11
0 322 624 112 355 452 
Vertex 453 distance 17
0 340 90 537 399 453 
Vertex 454 distance 15
0 322 307 108 543 415 609 524 76 499 529 6 454 
Vertex 455 distance 22
0 322 363 317 569 553 455 
Vertex 456 distance 15
0 322 307 108 543 467 64 503 456 
Vertex 457 distance 14
0 230 273 156 457 
Vertex 458 distance 18
0 322 307 100 389 30 252 458 
Vertex 459 distance 19
0 340 321 191 214 611 459 
Vertex 460 distance 15
0 322 307 108 543 415 609 524 613 266 460 
Vertex 461 distance 19
0 322 363 317 569 461 
Vertex 462 distance 14
0 322 624 112 355 110 462 
Vertex 463 distance 11
0 322 624 360 463 
Vertex 464 distance 12
0 464 
Vertex 465 distance 22
0 322 307 108 543 415 609 524 76 143 121 465 
Vertex 466 distance 13
0 322 307 108 315 84 466 
Vertex 467 distance 8
0 322 307 108 543 467 
Vertex 468 distance 15
0 322 307 100 308 361 468 
Vertex 469 distance 12
0 322 624 112 589 487 618 469 
Vertex 470 distance 22
0 322 624 112 589 535 216 470 
Vertex 471 distance 14
0 322 307 108 315 471 
Vertex 472 distance 20
0 322 624 547 592 472 
Vertex 473 distance 7
0 322 307 108 473 
Vertex 474 distance 20
0 340 321 481 474 
Vertex 475 distance 21
0 322 624 112 65 576 439 475 
Vertex 476 distance 14
0 322 307 108 543 415 609 476 
Vertex 477 distance 20
0 322 307 108 315 84 466 353 477 
Vertex 478 distance 22
0 322 307 108 543 415 496 478 
Vertex 479 distance 20
0 322 85 2 479 
Vertex 480 distance 17
0 322 545 480 
Vertex 481 distance 12
0 340 321 481 
Vertex 482 distance 17
0 340 97 201 332 482 
Vertex 483 distance 17
0 322 307 108 417 483 
Vertex 484 distance 15
0 322 624 112 589 487 558 484 
Vertex 485 distance 17
0 230 485 
Vertex 486 distance 12
0 322 307 108 543 415 609 524 76 143 486 
Vertex 487 distance 10
0 322 624 112 589 487 
Vertex 488 distance 17
0 322 624 112 355 488 
Vertex 489 distance 20
0 322 307 108 142 78 581 1 489 
Vertex 490 distance 18
0 322 624 112 244 31 196 490 
Vertex 491 distance 13
0 322 307 108 543 415 609 179 491 
Vertex 492 distance 19
0 322 624 112 65 52 492 
Vertex 493 distance 17
0 221 493 
Vertex 494 distance 13
0 322 307 108 473 505 494 
Vertex 495 distance 19
0 340 321 626 495 
Vertex 496 distance 10
0 322 307 108 543 415 496 
Vertex 497 distance 19
0 322 307 108 543 467 64 209 497 
Vertex 498 distance 13
0 322 624 112 244 498 
Vertex 499 distance 10
0 322 307 108 543 415 609 524 76 499 
Vertex 500 distance 14
0 340 90 537 500 
Vertex 501 distance 12
0 322 307 108 601 430 501 
Vertex 502 distance 14
0 322 307 107 406 306 502 
Vertex 503 distance 14
0 322 307 108 543 467 64 503 
Vertex 504 distance 13
0 322 624 112 355 504 
Vertex 505 distance 11
0 322 307 108 473 505 
Vertex 506 distance 12
0 322 307 100 389 506 
Vertex 507 distance 16
0 322 307 108 601 316 606 60 518 507 
Vertex 508 distance 18
0 322 624 112 589 535 216 13 508 
Vertex 509 distance 22
0 322 624 112 258 224 174 412 509 
Vertex 510 distance 21
0 322 307 108 315 84 466 510 
Vertex 511 distance 14
0 322 624 112 355 110 68 67 511 
Vertex 512 distance 15
0 322 307 108 543 415 609 524 76 143 486 512 
Vertex 513 distance 13
0 322 307 108 142 390 513 
Vertex 514 distance 20
0 322 624 112 355 488 514 
Vertex 515 distance 16
0 322 363 317 569 515 
Vertex 516 distance 13
0 322 307 108 543 415 609 516 
Vertex 517 distance 18
0 322 624 112 355 110 517 
Vertex 518 distance 15
0 322 307 108 601 316 606 60 518 
Vertex 519 distance 16
0 322 624 547 583 519 
Vertex 520 distance 17
0 322 624 112 589 535 449 520 
Vertex 521 distance 14
0 322 545 521 
Vertex 522 distance 16
0 322 307 108 543 415 609 524 149 522 
Vertex 523 distance 11
0 340 97 523 
Vertex 524 distance 8
0 322 307 108 543 415 609 524 
Vertex 525 distance 16
0 322 307 108 601 525 
Vertex 526 distance 19
0 322 307 108 142 390 526 
Vertex 527 distance 17
0 322 307 108 601 527 
Vertex 528 distance 15
0 322 624 112 355 528 
Vertex 529 distance 12
0 322 307 108 543 415 609 524 76 499 529 
Vertex 530 distance 31
0 322 307 108 601 297 178 343 83 57 446 530 
Vertex 531 distance 13
0 322 624 112 65 52 588 531 
Vertex 532 distance 15
0 322 307 108 142 63 532 
Vertex 533 distance 11
0 322 307 108 601 299 423 533 
Vertex 534 distance 12
0 322 307 107 406 166 534 
Vertex 535 distance 12
0 322 624 112 589 535 
Vertex 536 distance 14
0 322 624 547 583 536 
Vertex 537 distance 11
0 340 90 537 
Vertex 538 distance 26
0 322 307 636 597 384 445 575 437 538 
Vertex 539 distance 14
0 322 307 108 601 299 539 
Vertex 540 distance 17
0 322 307 108 543 467 265 540 
Vertex 541 distance 9
0 322 307 636 597 541 
Vertex 542 distance 15
0 322 624 112 589 487 618 469 542 
Vertex 543 distance 5
0 322 307 108 543 
Vertex 544 distance 24
0 322 307 108 543 415 609 524 76 23 544 
Vertex 545 distance 13
0 322 545 
Vertex 546 distance 18
0 322 624 112 355 504 352 546 
Vertex 547 distance 7
0 322 624 547 
Vertex 548 distance 13
0 322 624 112 65 52 588 548 
Vertex 549 distance 19
0 322 624 112 589 487 549 
Vertex 550 distance 18
0 230 273 245 550 
Vertex 551 distance 17
0 230 273 156 551 
Vertex 552 distance 14
0 322 307 108 601 430 501 552 
Vertex 553 distance 12
0 322 363 317 569 553 
Vertex 554 distance 22
0 322 307 636 597 354 605 554 
Vertex 555 distance 17
0 322 307 636 597 5 555 
Vertex 556 distance 19
0 322 624 112 355 504 165 556 
Vertex 557 distance 13
0 322 307 108 543 415 609 179 557 
Vertex 558 distance 14
0 322 624 112 589 487 558 
Vertex 559 distance 14
0 340 90 537 559 
Vertex 560 distance 19
0 340 321 191 214 611 560 
Vertex 561 distance 18
0 230 273 156 36 561 
Vertex 562 distance 18
0 322 307 108 543 467 64 562 
Vertex 563 distance 19
0 322 307 108 543 415 609 524 613 266 563 
Vertex 564 distance 14
0 322 307 107 414 564 
Vertex 565 distance 15
0 322 624 112 355 110 68 67 511 565 
Vertex 566 distance 16
0 322 624 112 355 110 462 574 566 
Vertex 567 distance 24
0 322 624 112 258 224 174 218 372 567 
Vertex 568 distance 11
0 230 273 568 
Vertex 569 distance 11
0 322 363 317 569 
Vertex 570 distance 15
0 230 570 
Vertex 571 distance 16
0 322 307 108 473 255 571 
Vertex 572 distance 13
0 230 625 572 
Vertex 573 distance 17
0 230 18 573 
Vertex 574 distance 15
0 322 624 112 355 110 462 574 
Vertex 575 distance 13
0 322 307 636 597 384 445 575 
Vertex 576 distance 10
0 322 624 112 65 576 
Vertex 577 distance 10
0 322 307 636 597 541 577 
Vertex 578 distance 18
0 322 307 108 543 467 64 209 578 
Vertex 579 distance 13
0 221 579 
Vertex 580 distance 16
0 322 85 157 199 424 580 
Vertex 581 distance 13
0 322 307 108 142 78 581 
Vertex 582 distance 14
0 340 97 259 71 582 
Vertex 583 distance 11
0 322 624 547 583 
Vertex 584 distance 16
0 322 307 108 601 297 178 584 
Vertex 585 distance 16
0 322 307 108 601 299 539 585 
Vertex 586 distance 17
0 322 624 112 258 39 411 586 
Vertex 587 distance 13
0 322 307 108 543 415 609 524 76 499 587 
Vertex 588 distance 11
0 322 624 112 65 52 588 
Vertex 589 distance 8
0 322 624 112 589 
Vertex 590 distance 14
0 322 307 107 406 306 590 
Vertex 591 distance 16
0 322 624 112 589 487 591 
Vertex 592 distance 12
0 322 624 547 592 
Vertex 593 distance 15
0 340 92 593 
Vertex 594 distance 13
0 322 307 108 543 415 609 524 594 
Vertex 595 distance 12
0 322 624 547 595 
Vertex 596 distance 16
0 322 624 112 258 596 
Vertex 597 distance 7
0 322 307 636 597 
Vertex 598 distance 11
0 322 624 112 355 110 598 
Vertex 599 distance 20
0 322 307 636 336 599 
Vertex 600 distance 15
0 322 307 636 597 384 445 575 600 
Vertex 601 distance 7
0 322 307 108 601 
Vertex 602 distance 15
0 365 602 
Vertex 603 distance 16
0 322 307 108 601 316 606 60 272 603 
Vertex 604 distance 14
0 340 97 604 
Vertex 605 distance 20
0 322 307 636 597 354 605 
Vertex 606 distance 10
0 322 307 108 601 316 606 
Vertex 607 distance 16
0 230 273 156 141 607 
Vertex 608 distance 12
0 230 608 
Vertex 609 distance 7
0 322 307 108 543 415 609 
Vertex 610 distance 12
0 322 307 108 543 610 
Vertex 611 distance 17
0 340 321 191 214 611 
Vertex 612 distance 17
0 365 612 
Vertex 613 distance 11
0 322 307 108 543 415 609 524 613 
Vertex 614 distance 16
0 322 307 636 597 384 445 619 614 
Vertex 615 distance 12
0 322 624 112 355 452 615 
Vertex 616 distance 18
0 322 307 108 543 415 609 182 616 
Vertex 617 distance 14
0 322 307 636 597 387 617 
Vertex 618 distance 11
0 322 624 112 589 487 618 
Vertex 619 distance 13
0 322 307 636 597 384 445 619 
Vertex 620 distance 18
0 322 307 392 620 
Vertex 621 distance 18
0 322 307 108 601 430 621 
Vertex 622 distance 17
0 340 97 259 623 622 
Vertex 623 distance 12
0 340 97 259 623 
Vertex 624 distance 3
0 322 624 
Vertex 625 distance 12
0 230 625 
Vertex 626 distance 13
0 340 321 626 
Vertex 627 distance 24
0 322 545 627 
Vertex 628 distance 18
0 322 307 108 543 415 609 182 628 
Vertex 629 distance 16
0 230 273 156 205 629 
Vertex 630 distance 18
0 340 90 537 399 630 
Vertex 631 distance 16
0 322 307 107 406 296 631 
Vertex 632 distance 15
0 322 307 108 473 505 494 632 
Vertex 633 distance 18
0 322 624 112 355 110 68 404 633 
Vertex 634 distance 18
0 340 321 634 
Vertex 635 distance 15
0 322 624 112 244 356 42 635 
Vertex 636 distance 6
0 322 307 636 
Vertex 637 distance 26
0 322 307 108 601 316 606 637 
Vertex 638 distance 19
0 322 307 108 601 430 638 
Vertex 639 distance 19
0 230 273 156 310 639 
