Vertex 0 distance 0
0 0 
Vertex 1 distance 22
0 259 521 154 423 469 434 1 
Vertex 2 distance 23
0 364 433 103 2 
Vertex 3 distance 20
0 259 546 3 
Vertex 4 distance 25
0 364 576 177 4 
Vertex 5 distance 24
0 364 637 532 172 207 565 5 
Vertex 6 distance 26
0 259 521 154 423 469 563 6 
Vertex 7 distance 24
0 364 637 532 172 129 130 554 631 7 
Vertex 8 distance 15
0 259 521 32 8 
Vertex 9 distance 18
0 449 552 9 
Vertex 10 distance 30
0 259 546 621 10 
Vertex 11 distance 23
0 364 576 411 128 11 
Vertex 12 distance 28
0 449 552 316 12 
Vertex 13 distance 24
0 259 521 154 524 13 
Vertex 14 distance 14
0 449 244 14 
Vertex 15 distance 18
0 449 552 316 15 
Vertex 16 distance 24
0 259 99 501 628 16 
Vertex 17 distance 19
0 259 546 157 615 17 
Vertex 18 distance 23
0 259 546 157 615 414 18 
Vertex 19 distance 21
0 259 546 157 615 414 19 
Vertex 20 distance 24
0 259 546 157 615 580 20 
Vertex 21 distance 21
0 259 612 543 534 21 
Vertex 22 distance 24
0 259 99 511 27 22 
Vertex 23 distance 23
0 449 244 14 43 105 23 
Vertex 24 distance 21
0 259 521 365 92 24 
Vertex 25 distance 23
0 449 244 589 143 314 460 219 25 
Vertex 26 distance 23
0 449 244 14 43 105 26 
Vertex 27 distance 23
0 259 99 511 27 
Vertex 28 distance 24
0 259 521 32 8 397 476 28 
Vertex 29 distance 20
0 364 637 353 29 
Vertex 30 distance 22
0 259 521 231 186 133 117 30 
Vertex 31 distance 16
0 259 31 
Vertex 32 distance 14
0 259 521 32 
Vertex 33 distance 21
0 364 637 532 172 108 325 33 
Vertex 34 distance 23
0 449 244 236 382 34 
Vertex 35 distance 20
0 259 521 154 423 469 35 
Vertex 36 distance 19
0 259 546 621 49 36 
Vertex 37 distance 16
0 259 521 475 37 
Vertex 38 distance 27
0 259 521 231 186 292 38 
Vertex 39 distance 20
0 259 521 154 524 39 
Vertex 40 distance 21
0 259 99 40 
Vertex 41 distance 24
0 497 41 
Vertex 42 distance 21
0 449 244 589 143 42 
Vertex 43 distance 15
0 449 244 14 43 
Vertex 44 distance 25
0 364 53 474 44 
Vertex 45 distance 29
0 364 637 532 172 129 130 554 510 425 499 45 
Vertex 46 distance 27
0 259 521 231 424 46 
Vertex 47 distance 23
0 259 521 231 186 47 
Vertex 48 distance 22
0 364 53 285 48 
Vertex 49 distance 18
0 259 546 621 49 
Vertex 50 distance 24
0 259 521 154 423 180 56 443 558 50 
Vertex 51 distance 24
0 259 546 621 232 64 51 
Vertex 52 distance 26
0 259 521 231 186 133 117 30 52 
Vertex 53 distance 13
0 364 53 
Vertex 54 distance 21
0 364 637 532 172 108 533 54 
Vertex 55 distance 23
0 259 521 231 424 55 
Vertex 56 distance 16
0 259 521 154 423 180 56 
Vertex 57 distance 18
0 364 637 532 172 57 
Vertex 58 distance 19
0 364 637 532 172 108 58 
Vertex 59 distance 21
0 449 552 59 
Vertex 60 distance 24
0 364 53 285 465 60 
Vertex 61 distance 23
0 259 521 365 92 24 61 
Vertex 62 distance 21
0 449 244 236 253 62 
Vertex 63 distance 20
0 259 521 154 423 180 261 63 
Vertex 64 distance 22
0 259 546 621 232 64 
Vertex 65 distance 27
0 364 637 532 172 129 130 65 
Vertex 66 distance 17
0 449 244 66 
Vertex 67 distance 23
0 259 521 32 8 67 
Vertex 68 distance 23
0 364 433 381 613 68 
Vertex 69 distance 23
0 449 415 575 205 69 
Vertex 70 distance 27
0 364 637 353 428 70 
Vertex 71 distance 22
0 364 637 532 252 71 
Vertex 72 distance 25
0 259 521 475 203 305 394 72 
Vertex 73 distance 23
0 449 244 14 557 73 
Vertex 74 distance 29
0 364 433 381 141 528 74 
Vertex 75 distance 24
0 259 521 154 423 471 75 
Vertex 76 distance 22
0 259 521 475 37 492 87 76 
Vertex 77 distance 23
0 449 552 9 344 603 77 
Vertex 78 distance 17
0 259 78 
Vertex 79 distance 26
0 259 521 154 423 180 56 79 
Vertex 80 distance 30
0 259 521 475 203 305 394 309 80 
Vertex 81 distance 24
0 364 637 495 379 81 
Vertex 82 distance 22
0 364 637 495 82 
Vertex 83 distance 23
0 259 546 157 83 
Vertex 84 distance 28
0 259 521 231 186 84 
Vertex 85 distance 25
0 259 240 85 
Vertex 86 distance 22
0 364 576 177 86 
Vertex 87 distance 19
0 259 521 475 37 492 87 
Vertex 88 distance 21
0 364 53 474 408 88 
Vertex 89 distance 23
0 259 521 154 423 180 56 89 
Vertex 90 distance 19
0 259 521 154 423 90 
Vertex 91 distance 20
0 259 521 231 126 91 
Vertex 92 distance 20
0 259 521 365 92 
Vertex 93 distance 24
0 449 244 589 143 314 460 219 25 93 
Vertex 94 distance 25
0 259 546 157 615 17 406 94 
Vertex 95 distance 27
0 259 99 511 27 95 
Vertex 96 distance 22
0 449 244 236 253 445 96 
Vertex 97 distance 25
0 259 546 157 615 414 97 
Vertex 98 distance 29
0 364 637 532 490 237 197 579 479 98 
Vertex 99 distance 18
0 259 99 
Vertex 100 distance 19
0 259 612 543 100 
Vertex 101 distance 23
0 259 521 231 342 101 
Vertex 102 distance 21
0 259 521 154 423 175 452 102 
Vertex 103 distance 18
0 364 433 103 
Vertex 104 distance 23
0 259 521 475 203 305 104 
Vertex 105 distance 17
0 449 244 14 43 105 
Vertex 106 distance 23
0 259 521 32 233 327 106 
Vertex 107 distance 16
0 259 521 475 107 
Vertex 108 distance 18
0 364 637 532 172 108 
Vertex 109 distance 23
0 259 99 511 109 
Vertex 110 distance 26
0 449 244 236 382 599 209 110 
Vertex 111 distance 25
0 449 244 589 143 111 
Vertex 112 distance 22
0 259 521 231 186 292 112 
Vertex 113 distance 22
0 259 521 231 186 221 384 113 
Vertex 114 distance 21
0 449 389 258 453 114 
Vertex 115 distance 22
0 259 521 475 107 115 
Vertex 116 distance 23
0 364 637 532 172 108 325 116 
Vertex 117 distance 18
0 259 521 231 186 133 117 
Vertex 118 distance 18
0 259 612 543 118 
Vertex 119 distance 17
0 259 521 154 423 471 119 
Vertex 120 distance 24
0 364 53 285 336 120 
Vertex 121 distance 23
0 259 546 621 121 
Vertex 122 distance 29
0 449 389 387 122 
Vertex 123 distance 28
0 259 612 543 534 485 123 
Vertex 124 distance 24
0 259 521 231 424 124 
Vertex 125 distance 24
0 259 546 3 125 
Vertex 126 distance 19
0 259 521 231 126 
Vertex 127 distance 19
0 259 521 32 233 127 
Vertex 128 distance 22
0 364 576 411 128 
Vertex 129 distance 15
0 364 637 532 172 129 
Vertex 130 distance 16
0 364 637 532 172 129 130 
Vertex 131 distance 24
0 449 131 
Vertex 132 distance 23
0 259 521 154 423 180 261 371 132 
Vertex 133 distance 17
0 259 521 231 186 133 
Vertex 134 distance 24
0 259 99 511 27 134 
Vertex 135 distance 21
0 259 546 621 232 135 
Vertex 136 distance 21
0 259 521 475 203 136 
Vertex 137 distance 24
0 449 389 258 137 
Vertex 138 distance 20
0 449 244 14 43 468 138 
Vertex 139 distance 29
0 259 521 365 438 139 
Vertex 140 distance 26
0 364 637 532 172 108 325 390 173 140 
Vertex 141 distance 22
0 364 433 381 141 
Vertex 142 distance 32
0 259 521 231 424 636 142 
Vertex 143 distance 16
0 449 244 589 143 
Vertex 144 distance 21
0 364 637 532 490 237 144 
Vertex 145 distance 28
0 364 637 532 172 108 523 145 
Vertex 146 distance 22
0 449 244 66 168 522 146 
Vertex 147 distance 18
0 259 78 147 
Vertex 148 distance 20
0 364 637 532 490 237 148 
Vertex 149 distance 24
0 364 637 572 149 
Vertex 150 distance 26
0 449 244 14 43 468 202 604 268 150 
Vertex 151 distance 21
0 449 244 236 253 216 151 
Vertex 152 distance 20
0 449 244 589 152 
Vertex 153 distance 16
0 364 637 153 
Vertex 154 distance 13
0 259 521 154 
Vertex 155 distance 23
0 259 521 154 423 180 56 443 558 155 
Vertex 156 distance 25
0 259 521 154 423 180 56 306 156 
Vertex 157 distance 15
0 259 546 157 
Vertex 158 distance 24
0 259 521 475 203 305 104 158 
Vertex 159 distance 21
0 259 521 154 423 175 159 
Vertex 160 distance 24
0 364 637 532 172 129 130 298 160 
Vertex 161 distance 22
0 449 244 562 455 161 
Vertex 162 distance 23
0 259 521 154 423 469 162 
Vertex 163 distance 24
0 449 244 163 
Vertex 164 distance 25
0 364 637 495 400 299 164 
Vertex 165 distance 19
0 449 389 165 
Vertex 166 distance 23
0 259 521 475 203 166 
Vertex 167 distance 24
0 364 637 532 172 129 130 234 167 
Vertex 168 distance 18
0 449 244 66 168 
Vertex 169 distance 21
0 259 521 154 423 180 169 
Vertex 170 distance 23
0 259 521 365 438 170 
Vertex 171 distance 30
0 259 612 184 274 171 
Vertex 172 distance 14
0 364 637 532 172 
Vertex 173 distance 25
0 364 637 532 172 108 325 390 173 
Vertex 174 distance 23
0 364 637 495 379 174 
Vertex 175 distance 18
0 259 521 154 423 175 
Vertex 176 distance 20
0 449 244 236 253 445 176 
Vertex 177 distance 19
0 364 576 177 
Vertex 178 distance 23
0 259 521 231 186 221 178 
Vertex 179 distance 21
0 449 244 589 143 330 179 
Vertex 180 distance 15
0 259 521 154 423 180 
Vertex 181 distance 22
0 449 244 236 253 216 181 
Vertex 182 distance 22
0 259 521 365 438 182 
Vertex 183 distance 26
0 449 244 589 143 314 183 
Vertex 184 distance 19
0 259 612 184 
Vertex 185 distance 20
0 259 612 543 534 185 
Vertex 186 distance 15
0 259 521 231 186 
Vertex 187 distance 20
0 259 521 32 233 127 187 
Vertex 188 distance 19
0 449 244 589 143 518 188 
Vertex 189 distance 25
0 449 244 236 382 599 209 189 
Vertex 190 distance 21
0 259 99 190 
Vertex 191 distance 23
0 364 637 532 172 57 211 191 
Vertex 192 distance 23
0 259 612 543 534 485 192 
Vertex 193 distance 31
0 364 637 532 172 129 130 298 573 570 193 
Vertex 194 distance 19
0 364 53 285 622 194 
Vertex 195 distance 22
0 449 244 589 143 42 195 
Vertex 196 distance 19
0 259 546 157 615 457 196 
Vertex 197 distance 21
0 364 637 532 490 237 197 
Vertex 198 distance 23
0 364 637 353 295 198 
Vertex 199 distance 23
0 507 317 199 
Vertex 200 distance 31
0 259 521 154 524 39 200 
Vertex 201 distance 25
0 449 244 589 143 330 201 
Vertex 202 distance 18
0 449 244 14 43 468 202 
Vertex 203 distance 16
0 259 521 475 203 
Vertex 204 distance 18
0 259 521 154 204 
Vertex 205 distance 22
0 449 415 575 205 
Vertex 206 distance 22
0 259 546 157 615 457 422 206 
Vertex 207 distance 18
0 364 637 532 172 207 
Vertex 208 distance 33
0 449 244 236 253 608 334 208 
Vertex 209 distance 22
0 449 244 236 382 599 209 
Vertex 210 distance 21
0 259 521 154 423 469 210 
Vertex 211 distance 20
0 364 637 532 172 57 211 
Vertex 212 distance 24
0 259 521 32 8 212 
Vertex 213 distance 23
0 364 637 532 172 129 130 298 213 
Vertex 214 distance 20
0 259 31 214 
Vertex 215 distance 20
0 259 521 231 186 292 215 
Vertex 216 distance 18
0 449 244 236 253 216 
Vertex 217 distance 17
0 259 521 475 203 217 
Vertex 218 distance 21
0 259 521 365 218 
Vertex 219 distance 21
0 449 244 589 143 314 460 219 
Vertex 220 distance 26
0 364 637 495 400 299 263 220 
Vertex 221 distance 17
0 259 521 231 186 221 
Vertex 222 distance 20
0 449 389 258 222 
Vertex 223 distance 27
0 364 637 243 251 620 480 223 
Vertex 224 distance 23
0 259 521 154 423 180 261 63 224 
Vertex 225 distance 22
0 259 546 157 627 225 
Vertex 226 distance 20
0 449 552 316 15 226 
Vertex 227 distance 22
0 364 637 495 277 227 
Vertex 228 distance 24
0 259 521 231 424 228 
Vertex 229 distance 20
0 259 229 
Vertex 230 distance 24
0 259 521 154 423 175 452 230 
Vertex 231 distance 13
0 259 521 231 
Vertex 232 distance 20
0 259 546 621 232 
Vertex 233 distance 17
0 259 521 32 233 
Vertex 234 distance 21
0 364 637 532 172 129 130 234 
Vertex 235 distance 22
0 364 637 532 490 555 605 235 
Vertex 236 distance 14
0 449 244 236 
Vertex 237 distance 17
0 364 637 532 490 237 
Vertex 238 distance 23
0 364 637 532 238 
Vertex 239 distance 20
0 449 244 14 239 
Vertex 240 distance 22
0 259 240 
Vertex 241 distance 20
0 449 244 14 43 265 241 
Vertex 242 distance 21
0 259 546 621 49 36 242 
Vertex 243 distance 15
0 364 637 243 
Vertex 244 distance 12
0 449 244 
Vertex 245 distance 20
0 259 521 154 423 90 245 
Vertex 246 distance 21
0 449 244 66 168 283 246 
Vertex 247 distance 20
0 259 546 621 49 247 
Vertex 248 distance 27
0 364 637 532 172 248 
Vertex 249 distance 23
0 259 521 475 249 
Vertex 250 distance 24
0 364 53 474 408 250 
Vertex 251 distance 22
0 364 637 243 251 
Vertex 252 distance 14
0 364 637 532 252 
Vertex 253 distance 15
0 449 244 236 253 
Vertex 254 distance 26
0 259 521 154 423 180 56 306 156 254 
Vertex 255 distance 23
0 449 244 66 168 505 255 
Vertex 256 distance 21
0 259 521 154 423 504 256 
Vertex 257 distance 20
0 259 521 231 186 292 257 
Vertex 258 distance 16
0 449 389 258 
Vertex 259 distance 10
0 259 
Vertex 260 distance 25
0 259 521 475 37 492 87 76 385 260 
Vertex 261 distance 19
0 259 521 154 423 180 261 
Vertex 262 distance 25
0 259 546 621 49 473 262 
Vertex 263 distance 24
0 364 637 495 400 299 263 
Vertex 264 distance 26
0 259 521 231 424 124 264 
Vertex 265 distance 17
0 449 244 14 43 265 
Vertex 266 distance 27
0 449 244 14 43 611 484 278 266 
Vertex 267 distance 23
0 449 244 589 143 314 460 417 267 
Vertex 268 distance 24
0 449 244 14 43 468 202 604 268 
Vertex 269 distance 24
0 364 53 474 269 
Vertex 270 distance 24
0 364 637 532 252 270 
Vertex 271 distance 19
0 364 637 243 271 
Vertex 272 distance 22
0 449 389 258 453 272 
Vertex 273 distance 28
0 449 244 66 168 505 273 
Vertex 274 distance 20
0 259 612 184 274 
Vertex 275 distance 24
0 259 521 231 126 91 591 275 
Vertex 276 distance 23
0 259 521 154 276 
Vertex 277 distance 16
0 364 637 495 277 
Vertex 278 distance 26
0 449 244 14 43 611 484 278 
Vertex 279 distance 21
0 259 521 32 279 
Vertex 280 distance 26
0 364 637 532 490 237 144 280 
Vertex 281 distance 25
0 259 31 214 281 
Vertex 282 distance 24
0 364 433 381 282 
Vertex 283 distance 20
0 449 244 66 168 283 
Vertex 284 distance 24
0 449 244 14 239 284 
Vertex 285 distance 17
0 364 53 285 
Vertex 286 distance 25
0 364 637 532 172 108 325 33 286 
Vertex 287 distance 26
0 259 521 231 186 133 117 30 287 
Vertex 288 distance 24
0 259 546 157 615 17 288 
Vertex 289 distance 26
0 364 637 353 454 526 289 
Vertex 290 distance 20
0 259 521 231 186 133 117 290 
Vertex 291 distance 23
0 259 546 157 615 17 545 291 
Vertex 292 distance 19
0 259 521 231 186 292 
Vertex 293 distance 24
0 364 637 495 410 293 
Vertex 294 distance 25
0 259 546 621 49 473 294 
Vertex 295 distance 17
0 364 637 353 295 
Vertex 296 distance 23
0 364 53 285 622 296 
Vertex 297 distance 24
0 449 415 360 297 
Vertex 298 distance 17
0 364 637 532 172 129 130 298 
Vertex 299 distance 22
0 364 637 495 400 299 
Vertex 300 distance 28
0 449 244 369 300 
Vertex 301 distance 29
0 449 552 316 15 301 
Vertex 302 distance 27
0 364 637 532 172 129 130 554 631 302 
Vertex 303 distance 16
0 259 612 543 303 
Vertex 304 distance 23
0 364 576 411 128 304 
Vertex 305 distance 17
0 259 521 475 203 305 
Vertex 306 distance 19
0 259 521 154 423 180 56 306 
Vertex 307 distance 20
0 259 521 154 423 180 307 
Vertex 308 distance 22
0 449 244 66 168 522 308 
Vertex 309 distance 24
0 259 521 475 203 305 394 309 
Vertex 310 distance 25
0 259 78 147 310 
Vertex 311 distance 21
0 259 521 231 126 311 
Vertex 312 distance 27
0 259 521 154 423 180 56 443 558 155 461 312 
Vertex 313 distance 30
0 364 433 103 496 313 
Vertex 314 distance 17
0 449 244 589 143 314 
Vertex 315 distance 19
0 259 521 154 423 469 315 
Vertex 316 distance 17
0 449 552 316 
Vertex 317 distance 22
0 507 317 
Vertex 318 distance 25
0 449 244 66 168 283 246 318 
Vertex 319 distance 26
0 259 521 154 423 180 56 319 
Vertex 320 distance 22
0 259 521 231 126 311 320 
Vertex 321 distance 28
0 259 521 231 126 311 321 
Vertex 322 distance 21
0 449 244 236 253 216 322 
Vertex 323 distance 20
0 364 576 177 323 
Vertex 324 distance 27
0 449 244 14 239 284 324 
Vertex 325 distance 20
0 364 637 532 172 108 325 
Vertex 326 distance 23
0 449 244 236 253 445 326 
Vertex 327 distance 20
0 259 521 32 233 327 
Vertex 328 distance 25
0 364 637 532 172 129 130 234 328 
Vertex 329 distance 23
0 449 244 66 168 283 246 329 
Vertex 330 distance 18
0 449 244 589 143 330 
Vertex 331 distance 26
0 364 637 243 251 620 331 
Vertex 332 distance 24
0 449 244 236 253 445 332 
Vertex 333 distance 23
0 364 637 353 454 526 333 
Vertex 334 distance 19
0 449 244 236 253 608 334 
Vertex 335 distance 23
0 449 552 316 15 335 
Vertex 336 distance 20
0 364 53 285 336 
Vertex 337 distance 26
0 507 317 337 
Vertex 338 distance 27
0 364 637 532 172 129 130 298 160 338 
Vertex 339 distance 29
0 364 637 532 172 129 383 339 
Vertex 340 distance 27
0 259 612 184 477 340 
Vertex 341 distance 25
0 449 244 14 239 341 
Vertex 342 distance 22
0 259 521 231 342 
Vertex 343 distance 22
0 364 637 532 490 237 144 343 
Vertex 344 distance 20
0 449 552 9 344 
Vertex 345 distance 21
0 364 637 532 490 555 605 345 
Vertex 346 distance 14
0 449 552 346 
Vertex 347 distance 23
0 364 637 532 490 347 
Vertex 348 distance 28
0 259 612 543 534 21 348 
Vertex 349 distance 21
0 364 637 532 172 129 130 554 349 
Vertex 350 distance 21
0 449 552 346 350 
Vertex 351 distance 31
0 449 244 66 168 505 550 351 
Vertex 352 distance 22
0 364 637 532 172 129 130 554 510 352 
Vertex 353 distance 13
0 364 637 353 
Vertex 354 distance 29
0 449 552 316 593 354 
Vertex 355 distance 20
0 449 389 165 355 
Vertex 356 distance 26
0 259 546 157 615 17 406 356 
Vertex 357 distance 24
0 259 357 
Vertex 358 distance 25
0 449 389 165 358 
Vertex 359 distance 24
0 259 521 32 8 67 359 
Vertex 360 distance 18
0 449 415 360 
Vertex 361 distance 21
0 449 244 589 143 361 
Vertex 362 distance 22
0 449 244 236 253 608 577 362 
Vertex 363 distance 26
0 259 31 214 281 363 
Vertex 364 distance 9
0 364 
Vertex 365 distance 12
0 259 521 365 
Vertex 366 distance 24
0 259 521 154 423 471 119 366 
Vertex 367 distance 26
0 364 53 285 336 120 367 
Vertex 368 distance 23
0 259 368 
Vertex 369 distance 19
0 449 244 369 
Vertex 370 distance 27
0 364 433 381 141 370 
Vertex 371 distance 22
0 259 521 154 423 180 261 371 
Vertex 372 distance 19
0 259 521 154 423 471 119 372 
Vertex 373 distance 22
0 449 244 369 373 
Vertex 374 distance 24
0 259 546 157 374 
Vertex 375 distance 23
0 259 521 231 186 292 112 375 
Vertex 376 distance 24
0 259 521 32 233 376 
Vertex 377 distance 25
0 449 244 589 377 
Vertex 378 distance 23
0 449 244 236 253 216 181 378 
Vertex 379 distance 19
0 364 637 495 379 
Vertex 380 distance 29
0 449 244 66 168 522 308 380 
Vertex 381 distance 20
0 364 433 381 
Vertex 382 distance 16
0 449 244 236 382 
Vertex 383 distance 23
0 364 637 532 172 129 383 
Vertex 384 distance 18
0 259 521 231 186 221 384 
Vertex 385 distance 24
0 259 521 475 37 492 87 76 385 
Vertex 386 distance 22
0 259 521 154 423 471 119 590 386 
Vertex 387 distance 18
0 449 389 387 
Vertex 388 distance 22
0 259 78 388 
Vertex 389 distance 13
0 449 389 
Vertex 390 distance 23
0 364 637 532 172 108 325 390 
Vertex 391 distance 22
0 364 391 
Vertex 392 distance 26
0 449 244 236 253 216 181 392 
Vertex 393 distance 23
0 449 244 589 143 42 393 
Vertex 394 distance 20
0 259 521 475 203 305 394 
Vertex 395 distance 24
0 259 521 32 233 327 106 395 
Vertex 396 distance 31
0 259 78 147 310 525 396 
Vertex 397 distance 19
0 259 521 32 8 397 
Vertex 398 distance 23
0 449 244 14 43 105 512 398 
Vertex 399 distance 21
0 449 415 575 399 
Vertex 400 distance 16
0 364 637 495 400 
Vertex 401 distance 16
0 364 637 532 490 401 
Vertex 402 distance 23
0 449 244 14 43 402 
Vertex 403 distance 23
0 364 637 532 172 129 130 554 510 425 403 
Vertex 404 distance 25
0 259 521 231 186 221 404 
Vertex 405 distance 24
0 364 53 474 408 88 405 
Vertex 406 distance 24
0 259 546 157 615 17 406 
Vertex 407 distance 23
0 259 78 388 407 
Vertex 408 distance 20
0 364 53 474 408 
Vertex 409 distance 19
0 449 389 258 409 
Vertex 410 distance 20
0 364 637 495 410 
Vertex 411 distance 19
0 364 576 411 
Vertex 412 distance 24
0 259 521 231 424 636 412 
Vertex 413 distance 20
0 259 78 147 413 
Vertex 414 distance 20
0 259 546 157 615 414 
Vertex 415 distance 15
0 449 415 
Vertex 416 distance 25
0 364 637 572 416 
Vertex 417 distance 21
0 449 244 589 143 314 460 417 
Vertex 418 distance 23
0 364 637 495 400 299 418 
Vertex 419 distance 32
0 449 244 236 382 34 419 
Vertex 420 distance 28
0 259 546 621 232 135 491 420 
Vertex 421 distance 19
0 259 521 154 423 471 421 
Vertex 422 distance 20
0 259 546 157 615 457 422 
Vertex 423 distance 14
0 259 521 154 423 
Vertex 424 distance 21
0 259 521 231 424 
Vertex 425 distance 22
0 364 637 532 172 129 130 554 510 425 
Vertex 426 distance 21
0 364 637 353 564 426 
Vertex 427 distance 22
0 449 244 14 43 265 241 427 
Vertex 428 distance 20
0 364 637 353 428 
Vertex 429 distance 24
0 449 244 66 168 505 429 
Vertex 430 distance 23
0 449 389 258 453 430 
Vertex 431 distance 21
0 364 576 431 
Vertex 432 distance 33
0 364 637 572 416 432 
Vertex 433 distance 17
0 364 433 
Vertex 434 distance 19
0 259 521 154 423 469 434 
Vertex 435 distance 21
0 259 546 157 615 435 
Vertex 436 distance 20
0 364 637 532 172 129 130 298 436 
Vertex 437 distance 21
0 437 
Vertex 438 distance 21
0 259 521 365 438 
Vertex 439 distance 20
0 364 576 411 439 
Vertex 440 distance 21
0 259 521 154 423 471 119 372 440 
Vertex 441 distance 26
0 364 637 532 172 108 533 54 441 
Vertex 442 distance 20
0 259 521 32 8 446 442 
Vertex 443 distance 17
0 259 521 154 423 180 56 443 
Vertex 444 distance 22
0 364 637 532 490 555 605 444 
Vertex 445 distance 19
0 449 244 236 253 445 
Vertex 446 distance 17
0 259 521 32 8 446 
Vertex 447 distance 25
0 364 433 381 282 447 
Vertex 448 distance 21
0 259 521 32 8 446 448 
Vertex 449 distance 11
0 449 
Vertex 450 distance 22
0 259 521 231 450 
Vertex 451 distance 23
0 364 637 532 172 129 130 451 
Vertex 452 distance 19
0 259 521 154 423 175 452 
Vertex 453 distance 18
0 449 389 258 453 
Vertex 454 distance 16
0 364 637 353 454 
Vertex 455 distance 21
0 449 244 562 455 
Vertex 456 distance 25
0 449 389 165 456 
Vertex 457 distance 18
0 259 546 157 615 457 
Vertex 458 distance 25
0 364 53 285 465 60 458 
Vertex 459 distance 21
0 449 244 66 168 522 459 
Vertex 460 distance 18
0 449 244 589 143 314 460 
Vertex 461 distance 25
0 259 521 154 423 180 56 443 558 155 461 
Vertex 462 distance 28
0 259 546 157 615 17 462 
Vertex 463 distance 20
0 449 244 14 43 463 
Vertex 464 distance 27
0 507 464 
Vertex 465 distance 20
0 364 53 285 465 
Vertex 466 distance 21
0 449 244 589 466 
Vertex 467 distance 25
0 449 415 360 297 467 
Vertex 468 distance 17
0 449 244 14 43 468 
Vertex 469 distance 16
0 259 521 154 423 469 
Vertex 470 distance 25
0 449 244 14 470 
Vertex 471 distance 15
0 259 521 154 423 471 
Vertex 472 distance 22
0 449 389 165 355 472 
Vertex 473 distance 19
0 259 546 621 49 473 
Vertex 474 distance 17
0 364 53 474 
Vertex 475 distance 14
0 259 521 475 
Vertex 476 distance 21
0 259 521 32 8 397 476 
Vertex 477 distance 24
0 259 612 184 477 
Vertex 478 distance 25
0 259 521 231 186 221 178 478 
Vertex 479 distance 25
0 364 637 532 490 237 197 579 479 
Vertex 480 distance 26
0 364 637 243 251 620 480 
Vertex 481 distance 23
0 259 521 32 233 481 
Vertex 482 distance 24
0 364 637 532 172 108 325 482 
Vertex 483 distance 34
0 449 244 163 483 
Vertex 484 distance 24
0 449 244 14 43 611 484 
Vertex 485 distance 22
0 259 612 543 534 485 
Vertex 486 distance 24
0 364 637 495 410 486 
Vertex 487 distance 26
0 449 244 632 487 
Vertex 488 distance 22
0 259 521 32 233 127 187 488 
Vertex 489 distance 28
0 364 433 103 2 489 
Vertex 490 distance 14
0 364 637 532 490 
Vertex 491 distance 22
0 259 546 621 232 135 491 
Vertex 492 distance 18
0 259 521 475 37 492 
Vertex 493 distance 24
0 364 637 493 
Vertex 494 distance 33
0 364 53 494 
Vertex 495 distance 14
0 364 637 495 
Vertex 496 distance 26
0 364 433 103 496 
Vertex 497 distance 20
0 497 
Vertex 498 distance 23
0 449 244 589 143 498 
Vertex 499 distance 26
0 364 637 532 172 129 130 554 510 425 499 
Vertex 500 distance 24
0 259 521 231 186 292 500 
Vertex 501 distance 19
0 259 99 501 
Vertex 502 distance 22
0 259 521 154 423 180 56 443 502 
Vertex 503 distance 25
0 503 
Vertex 504 distance 15
0 259 521 154 423 504 
Vertex 505 distance 21
0 449 244 66 168 505 
Vertex 506 distance 24
0 449 244 562 455 161 506 
Vertex 507 distance 16
0 507 
Vertex 508 distance 28
0 259 612 543 534 602 508 
Vertex 509 distance 23
0 259 546 621 49 36 542 509 
Vertex 510 distance 21
0 364 637 532 172 129 130 554 510 
Vertex 511 distance 19
0 259 99 511 
Vertex 512 distance 21
0 449 244 14 43 105 512 
Vertex 513 distance 21
0 259 78 147 513 
Vertex 514 distance 21
0 259 521 514 
Vertex 515 distance 24
0 259 546 3 515 
Vertex 516 distance 24
0 364 637 532 490 555 516 
Vertex 517 distance 24
0 364 637 532 490 237 144 517 
Vertex 518 distance 18
0 449 244 589 143 518 
Vertex 519 distance 23
0 449 244 589 143 314 519 
Vertex 520 distance 26
0 364 637 532 172 57 211 191 520 
Vertex 521 distance 11
0 259 521 
Vertex 522 distance 19
0 449 244 66 168 522 
Vertex 523 distance 23
0 364 637 532 172 108 523 
Vertex 524 distance 18
0 259 521 154 524 
Vertex 525 distance 27
0 259 78 147 310 525 
Vertex 526 distance 21
0 364 637 353 454 526 
Vertex 527 distance 22
0 449 244 14 43 105 527 
Vertex 528 distance 26
0 364 433 381 141 528 
Vertex 529 distance 26
0 449 552 346 607 529 
Vertex 530 distance 21
0 449 244 14 43 468 138 530 
Vertex 531 distance 21
0 449 244 589 143 314 460 531 
Vertex 532 distance 12
0 364 637 532 
Vertex 533 distance 20
0 364 637 532 172 108 533 
Vertex 534 distance 17
0 259 612 543 534 
Vertex 535 distance 26
0 259 521 154 423 90 245 535 
Vertex 536 distance 27
0 449 244 66 168 522 146 536 
Vertex 537 distance 26
0 449 244 236 253 608 577 362 537 
Vertex 538 distance 22
0 449 552 316 593 538 
Vertex 539 distance 23
0 259 612 539 
Vertex 540 distance 28
0 449 244 14 43 468 540 
Vertex 541 distance 27
0 364 53 474 44 541 
Vertex 542 distance 20
0 259 546 621 49 36 542 
Vertex 543 distance 15
0 259 612 543 
Vertex 544 distance 22
0 449 389 258 453 544 
Vertex 545 distance 21
0 259 546 157 615 17 545 
Vertex 546 distance 14
0 259 546 
Vertex 547 distance 26
0 449 244 14 43 611 547 
Vertex 548 distance 24
0 259 521 32 233 327 106 548 
Vertex 549 distance 20
0 364 637 532 172 207 549 
Vertex 550 distance 24
0 449 244 66 168 505 550 
Vertex 551 distance 24
0 259 521 231 186 221 384 551 
Vertex 552 distance 12
0 449 552 
Vertex 553 distance 26
0 259 612 184 553 
Vertex 554 distance 18
0 364 637 532 172 129 130 554 
Vertex 555 distance 16
0 364 637 532 490 555 
Vertex 556 distance 26
0 259 521 231 186 133 117 556 
Vertex 557 distance 20
0 449 244 14 557 
Vertex 558 distance 20
0 259 521 154 423 180 56 443 558 
Vertex 559 distance 22
0 259 521 475 203 305 559 
Vertex 560 distance 22
0 449 244 66 168 560 
Vertex 561 distance 29
0 259 521 32 233 327 561 
Vertex 562 distance 16
0 449 244 562 
Vertex 563 distance 17
0 259 521 154 423 469 563 
Vertex 564 distance 19
0 364 637 353 564 
Vertex 565 distance 20
0 364 637 532 172 207 565 
Vertex 566 distance 25
0 449 244 562 455 161 566 
Vertex 567 distance 21
0 364 637 353 454 567 
Vertex 568 distance 22
0 449 244 14 43 265 241 568 
Vertex 569 distance 26
0 364 433 569 
Vertex 570 distance 24
0 364 637 532 172 129 130 298 573 570 
Vertex 571 distance 22
0 449 552 571 
Vertex 572 distance 20
0 364 637 572 
Vertex 573 distance 23
0 364 637 532 172 129 130 298 573 
Vertex 574 distance 22
0 364 637 532 490 574 
Vertex 575 distance 20
0 449 415 575 
Vertex 576 distance 16
0 364 576 
Vertex 577 distance 18
0 449 244 236 253 608 577 
Vertex 578 distance 28
0 259 546 157 615 17 406 578 
Vertex 579 distance 24
0 364 637 532 490 237 197 579 
Vertex 580 distance 22
0 259 546 157 615 580 
Vertex 581 distance 30
0 259 521 154 423 469 162 581 
Vertex 582 distance 22
0 449 244 369 582 
Vertex 583 distance 25
0 259 99 501 585 583 
Vertex 584 distance 24
0 259 99 511 584 
Vertex 585 distance 21
0 259 99 501 585 
Vertex 586 distance 23
0 259 521 154 423 175 452 586 
Vertex 587 distance 34
0 259 521 154 423 175 587 
Vertex 588 distance 24
0 364 53 588 
Vertex 589 distance 14
0 449 244 589 
Vertex 590 distance 21
0 259 521 154 423 471 119 590 
Vertex 591 distance 22
0 259 521 231 126 91 591 
Vertex 592 distance 32
0 259 612 543 592 
Vertex 593 distance 19
0 449 552 316 593 
Vertex 594 distance 27
0 364 637 532 172 129 130 298 573 570 594 
Vertex 595 distance 23
0 259 546 157 627 595 
Vertex 596 distance 24
0 364 637 532 172 129 130 554 631 596 
Vertex 597 distance 24
0 259 521 154 423 180 56 443 502 597 
Vertex 598 distance 26
0 259 546 3 125 598 
Vertex 599 distance 21
0 449 244 236 382 599 
Vertex 600 distance 21
0 449 552 346 607 600 
Vertex 601 distance 19
0 449 552 9 601 
Vertex 602 distance 23
0 259 612 543 534 602 
Vertex 603 distance 22
0 449 552 9 344 603 
Vertex 604 distance 21
0 449 244 14 43 468 202 604 
Vertex 605 distance 20
0 364 637 532 490 555 605 
Vertex 606 distance 24
0 449 552 59 606 
Vertex 607 distance 20
0 449 552 346 607 
Vertex 608 distance 17
0 449 244 236 253 608 
Vertex 609 distance 21
0 364 433 381 609 
Vertex 610 distance 25
0 364 637 532 172 57 211 610 
Vertex 611 distance 20
0 449 244 14 43 611 
Vertex 612 distance 14
0 259 612 
Vertex 613 distance 21
0 364 433 381 613 
Vertex 614 distance 16
0 364 637 243 614 
Vertex 615 distance 17
0 259 546 157 615 
Vertex 616 distance 24
0 449 244 66 168 522 146 616 
Vertex 617 distance 21
0 364 637 532 172 129 130 298 436 617 
Vertex 618 distance 23
0 364 637 495 400 618 
Vertex 619 distance 19
0 364 53 474 619 
Vertex 620 distance 23
0 364 637 243 251 620 
Vertex 621 distance 16
0 259 546 621 
Vertex 622 distance 18
0 364 53 285 622 
Vertex 623 distance 32
0 259 99 623 
Vertex 624 distance 23
0 364 637 353 624 
Vertex 625 distance 26
0 259 521 154 423 471 119 590 625 
Vertex 626 distance 29
0 364 637 532 490 401 626 
Vertex 627 distance 16
0 259 546 157 627 
Vertex 628 distance 23
0 259 99 501 628 
Vertex 629 distance 25
0 259 521 231 342 629 
Vertex 630 distance 31
0 364 637 532 172 129 130 298 436 617 630 
Vertex 631 distance 21
0 364 637 532 172 129 130 554 631 
Vertex 632 distance 22
0 449 244 632 
Vertex 633 distance 21
0 259 612 543 534 185 633 
Vertex 634 distance 24
0 364 637 532 172 108 533 634 
Vertex 635 distance 32
0 259 521 231 126 311 320 635 
Vertex 636 distance 22
0 259 521 231 424 636 
Vertex 637 distance 10
0 364 637 
Vertex 638 distance 20
0 364 637 532 172 57 638 
Vertex 639 distance 29
0 259 521 154 423 471 119 590 639 
