Vertex 0 distance 0
0 0 
Vertex 1 distance 31
0 633 223 52 198 1 
Vertex 2 distance 32
0 490 251 147 421 231 2 
Vertex 3 distance 29
0 225 308 457 41 123 3 
Vertex 4 distance 23
0 490 251 147 421 450 473 4 
Vertex 5 distance 32
0 490 251 147 271 314 107 5 
Vertex 6 distance 27
0 490 251 147 421 450 473 400 6 
Vertex 7 distance 30
0 490 251 304 273 7 
Vertex 8 distance 28
0 490 251 304 9 8 
Vertex 9 distance 25
0 490 251 304 9 
Vertex 10 distance 35
0 490 251 147 184 10 
Vertex 11 distance 34
0 490 251 109 157 18 14 11 
Vertex 12 distance 29
0 490 251 147 421 450 473 400 12 
Vertex 13 distance 26
0 225 308 51 616 586 114 13 
Vertex 14 distance 31
0 490 251 109 157 18 14 
Vertex 15 distance 39
0 490 251 147 609 194 15 
Vertex 16 distance 33
0 225 308 51 616 285 16 
Vertex 17 distance 29
0 490 251 147 421 56 426 93 31 482 507 491 175 576 378 17 
Vertex 18 distance 27
0 490 251 109 157 18 
Vertex 19 distance 24
0 490 357 402 19 
Vertex 20 distance 22
0 490 251 147 421 20 
Vertex 21 distance 41
0 225 308 62 267 21 
Vertex 22 distance 42
0 490 251 147 421 231 2 22 
Vertex 23 distance 35
0 490 251 109 157 18 14 11 23 
Vertex 24 distance 44
0 490 251 147 421 425 332 528 24 
Vertex 25 distance 43
0 490 493 87 220 25 
Vertex 26 distance 39
0 490 251 147 421 56 426 128 26 
Vertex 27 distance 27
0 225 308 62 604 592 366 452 27 
Vertex 28 distance 36
0 225 308 62 267 269 484 84 28 
Vertex 29 distance 28
0 490 251 147 271 314 258 29 
Vertex 30 distance 32
0 552 620 420 30 
Vertex 31 distance 22
0 490 251 147 421 56 426 93 31 
Vertex 32 distance 21
0 633 223 52 32 
Vertex 33 distance 30
0 490 251 147 421 56 426 93 31 33 
Vertex 34 distance 20
0 225 308 457 41 34 
Vertex 35 distance 35
0 225 308 62 604 592 366 452 35 
Vertex 36 distance 26
0 490 251 147 421 56 426 93 31 482 507 36 
Vertex 37 distance 29
0 225 308 62 604 592 366 521 37 
Vertex 38 distance 43
0 490 251 147 184 541 511 38 
Vertex 39 distance 34
0 490 251 599 39 
Vertex 40 distance 25
0 225 308 51 292 40 
Vertex 41 distance 16
0 225 308 457 41 
Vertex 42 distance 42
0 490 251 147 271 127 417 265 42 
Vertex 43 distance 34
0 490 493 344 210 43 
Vertex 44 distance 46
0 490 251 147 421 425 332 528 24 44 
Vertex 45 distance 28
0 490 251 147 421 63 436 45 
Vertex 46 distance 31
0 490 251 352 432 570 46 
Vertex 47 distance 31
0 490 251 147 421 63 436 310 351 47 
Vertex 48 distance 28
0 633 223 52 48 
Vertex 49 distance 21
0 490 251 147 271 314 258 49 
Vertex 50 distance 21
0 490 251 352 50 
Vertex 51 distance 13
0 225 308 51 
Vertex 52 distance 20
0 633 223 52 
Vertex 53 distance 29
0 490 251 147 271 314 258 49 53 
Vertex 54 distance 17
0 225 308 62 54 
Vertex 55 distance 29
0 490 357 55 
Vertex 56 distance 16
0 490 251 147 421 56 
Vertex 57 distance 26
0 225 308 508 589 299 57 
Vertex 58 distance 31
0 633 223 58 
Vertex 59 distance 36
0 225 308 219 172 118 486 505 59 
Vertex 60 distance 27
0 225 308 62 54 368 376 60 
Vertex 61 distance 22
0 225 308 219 172 118 61 
Vertex 62 distance 13
0 225 308 62 
Vertex 63 distance 20
0 490 251 147 421 63 
Vertex 64 distance 39
0 490 251 304 9 8 64 
Vertex 65 distance 28
0 490 251 147 421 56 426 93 31 65 
Vertex 66 distance 20
0 490 251 352 66 
Vertex 67 distance 40
0 490 493 344 210 67 
Vertex 68 distance 21
0 490 242 68 
Vertex 69 distance 32
0 490 251 352 66 240 472 69 
Vertex 70 distance 23
0 490 251 147 271 314 258 49 385 70 
Vertex 71 distance 31
0 490 251 147 421 63 436 618 71 
Vertex 72 distance 33
0 225 308 62 604 592 366 452 27 72 
Vertex 73 distance 28
0 225 308 219 172 213 73 
Vertex 74 distance 22
0 633 223 74 
Vertex 75 distance 41
0 225 308 51 292 40 627 75 
Vertex 76 distance 36
0 225 308 219 172 118 174 76 
Vertex 77 distance 46
0 77 
Vertex 78 distance 29
0 490 251 147 421 450 473 400 78 
Vertex 79 distance 30
0 490 493 87 230 79 
Vertex 80 distance 30
0 225 308 62 279 218 80 
Vertex 81 distance 29
0 633 223 74 82 81 
Vertex 82 distance 27
0 633 223 74 82 
Vertex 83 distance 26
0 490 242 635 476 316 83 
Vertex 84 distance 29
0 225 308 62 267 269 484 84 
Vertex 85 distance 25
0 225 308 51 407 85 
Vertex 86 distance 27
0 490 251 147 609 86 
Vertex 87 distance 19
0 490 493 87 
Vertex 88 distance 35
0 490 251 147 421 56 426 93 31 482 507 88 
Vertex 89 distance 31
0 490 251 304 9 89 
Vertex 90 distance 31
0 633 178 244 296 90 
Vertex 91 distance 41
0 225 308 457 41 123 91 
Vertex 92 distance 42
0 225 308 457 92 
Vertex 93 distance 21
0 490 251 147 421 56 426 93 
Vertex 94 distance 30
0 225 308 219 172 118 628 408 94 
Vertex 95 distance 37
0 225 308 62 604 592 366 521 409 95 
Vertex 96 distance 37
0 225 308 62 54 446 96 
Vertex 97 distance 27
0 490 251 147 184 97 
Vertex 98 distance 44
0 225 308 219 172 118 462 98 
Vertex 99 distance 30
0 225 308 51 616 586 114 99 
Vertex 100 distance 39
0 225 308 219 172 291 227 100 
Vertex 101 distance 26
0 490 357 402 101 
Vertex 102 distance 28
0 490 251 585 102 
Vertex 103 distance 43
0 490 251 147 421 63 436 618 103 
Vertex 104 distance 43
0 225 308 51 292 40 104 
Vertex 105 distance 39
0 225 308 51 292 444 105 
Vertex 106 distance 32
0 225 308 51 616 106 
Vertex 107 distance 24
0 490 251 147 271 314 107 
Vertex 108 distance 40
0 490 251 257 108 
Vertex 109 distance 21
0 490 251 109 
Vertex 110 distance 35
0 225 308 219 172 118 486 422 110 
Vertex 111 distance 29
0 225 308 62 604 592 366 111 
Vertex 112 distance 31
0 225 308 62 604 592 366 521 112 
Vertex 113 distance 28
0 490 251 147 421 56 426 93 31 482 507 491 175 113 
Vertex 114 distance 25
0 225 308 51 616 586 114 
Vertex 115 distance 40
0 490 251 115 
Vertex 116 distance 31
0 225 308 508 116 
Vertex 117 distance 33
0 490 251 147 421 470 117 
Vertex 118 distance 21
0 225 308 219 172 118 
Vertex 119 distance 26
0 490 242 68 451 119 
Vertex 120 distance 33
0 490 251 147 184 541 120 
Vertex 121 distance 26
0 490 251 109 121 
Vertex 122 distance 38
0 490 251 147 421 450 473 400 6 122 
Vertex 123 distance 25
0 225 308 457 41 123 
Vertex 124 distance 28
0 124 
Vertex 125 distance 30
0 225 308 443 485 266 125 
Vertex 126 distance 25
0 633 438 192 333 126 
Vertex 127 distance 32
0 490 251 147 271 127 
Vertex 128 distance 23
0 490 251 147 421 56 426 128 
Vertex 129 distance 34
0 490 251 147 421 423 129 
Vertex 130 distance 25
0 633 178 244 130 
Vertex 131 distance 37
0 633 438 143 131 
Vertex 132 distance 36
0 490 493 344 210 132 
Vertex 133 distance 36
0 490 242 68 600 133 
Vertex 134 distance 34
0 225 308 219 172 118 174 204 182 134 
Vertex 135 distance 28
0 490 251 147 609 282 135 
Vertex 136 distance 33
0 633 223 52 32 136 
Vertex 137 distance 36
0 490 251 147 421 63 436 45 137 
Vertex 138 distance 32
0 490 493 344 138 
Vertex 139 distance 34
0 490 251 352 50 564 468 139 
Vertex 140 distance 34
0 490 251 304 273 140 
Vertex 141 distance 36
0 225 308 141 
Vertex 142 distance 23
0 490 251 352 142 
Vertex 143 distance 33
0 633 438 143 
Vertex 144 distance 34
0 490 251 147 421 56 426 93 31 482 507 491 144 
Vertex 145 distance 36
0 552 620 420 30 145 
Vertex 146 distance 37
0 633 223 74 146 
Vertex 147 distance 12
0 490 251 147 
Vertex 148 distance 31
0 490 357 402 19 148 
Vertex 149 distance 30
0 225 308 219 172 213 149 
Vertex 150 distance 29
0 490 251 147 421 63 436 150 
Vertex 151 distance 28
0 225 308 260 151 
Vertex 152 distance 32
0 490 251 147 421 56 426 93 31 482 507 491 152 
Vertex 153 distance 37
0 490 251 147 421 63 171 254 153 
Vertex 154 distance 31
0 490 357 387 154 
Vertex 155 distance 34
0 490 251 109 121 155 
Vertex 156 distance 30
0 490 251 352 66 374 156 
Vertex 157 distance 23
0 490 251 109 157 
Vertex 158 distance 35
0 490 251 147 421 425 332 158 
Vertex 159 distance 20
0 225 308 159 
Vertex 160 distance 32
0 490 251 547 160 
Vertex 161 distance 24
0 490 251 147 421 425 404 161 
Vertex 162 distance 38
0 490 251 147 421 231 2 162 
Vertex 163 distance 28
0 490 251 147 271 163 
Vertex 164 distance 28
0 490 493 456 164 
Vertex 165 distance 31
0 225 308 219 165 
Vertex 166 distance 29
0 490 251 147 271 314 258 49 385 70 527 166 
Vertex 167 distance 36
0 225 308 457 41 312 167 
Vertex 168 distance 42
0 633 438 192 333 126 525 168 
Vertex 169 distance 40
0 225 308 508 169 
Vertex 170 distance 32
0 490 251 304 9 170 
Vertex 171 distance 27
0 490 251 147 421 63 171 
Vertex 172 distance 15
0 225 308 219 172 
Vertex 173 distance 35
0 490 242 635 476 316 83 488 173 
Vertex 174 distance 22
0 225 308 219 172 118 174 
Vertex 175 distance 26
0 490 251 147 421 56 426 93 31 482 507 491 175 
Vertex 176 distance 25
0 633 178 237 176 
Vertex 177 distance 33
0 225 308 219 172 291 227 177 
Vertex 178 distance 16
0 633 178 
Vertex 179 distance 30
0 490 357 402 19 179 
Vertex 180 distance 33
0 225 308 62 604 592 366 452 180 
Vertex 181 distance 25
0 225 308 219 172 118 486 181 
Vertex 182 distance 26
0 225 308 219 172 118 174 204 182 
Vertex 183 distance 35
0 225 308 508 589 299 57 183 
Vertex 184 distance 26
0 490 251 147 184 
Vertex 185 distance 35
0 225 308 62 604 592 366 452 180 185 
Vertex 186 distance 38
0 225 308 62 604 592 366 186 
Vertex 187 distance 29
0 490 251 147 271 314 258 187 
Vertex 188 distance 24
0 490 251 147 421 336 188 
Vertex 189 distance 25
0 225 308 51 616 189 
Vertex 190 distance 33
0 225 308 443 350 190 
Vertex 191 distance 33
0 490 493 87 191 
Vertex 192 distance 23
0 633 438 192 
Vertex 193 distance 37
0 490 357 402 101 534 193 
Vertex 194 distance 29
0 490 251 147 609 194 
Vertex 195 distance 30
0 490 251 147 421 336 188 195 
Vertex 196 distance 29
0 490 251 147 196 
Vertex 197 distance 34
0 490 251 147 421 63 171 197 
Vertex 198 distance 26
0 633 223 52 198 
Vertex 199 distance 44
0 490 251 147 421 425 404 161 379 199 
Vertex 200 distance 35
0 490 251 147 609 200 
Vertex 201 distance 38
0 225 308 219 172 213 255 201 
Vertex 202 distance 32
0 633 178 244 202 
Vertex 203 distance 29
0 225 308 219 172 118 174 204 203 
Vertex 204 distance 23
0 225 308 219 172 118 174 204 
Vertex 205 distance 33
0 490 357 402 638 636 205 
Vertex 206 distance 42
0 490 251 147 421 56 206 
Vertex 207 distance 38
0 490 493 87 207 
Vertex 208 distance 38
0 225 308 51 616 586 208 
Vertex 209 distance 42
0 490 251 352 50 564 468 139 221 209 
Vertex 210 distance 26
0 490 493 344 210 
Vertex 211 distance 29
0 490 251 352 66 211 
Vertex 212 distance 39
0 225 308 443 485 266 458 212 
Vertex 213 distance 24
0 225 308 219 172 213 
Vertex 214 distance 28
0 225 308 219 172 214 
Vertex 215 distance 25
0 490 251 147 421 56 426 93 31 482 507 215 
Vertex 216 distance 35
0 633 223 52 198 551 216 
Vertex 217 distance 35
0 490 251 147 271 314 258 49 385 70 527 217 
Vertex 218 distance 29
0 225 308 62 279 218 
Vertex 219 distance 14
0 225 308 219 
Vertex 220 distance 40
0 490 493 87 220 
Vertex 221 distance 40
0 490 251 352 50 564 468 139 221 
Vertex 222 distance 29
0 490 251 147 421 63 171 222 
Vertex 223 distance 18
0 633 223 
Vertex 224 distance 33
0 380 224 
Vertex 225 distance 7
0 225 
Vertex 226 distance 31
0 490 251 147 271 314 258 49 385 226 
Vertex 227 distance 25
0 225 308 219 172 291 227 
Vertex 228 distance 30
0 490 357 497 228 
Vertex 229 distance 39
0 225 308 62 267 269 484 84 276 229 
Vertex 230 distance 26
0 490 493 87 230 
Vertex 231 distance 24
0 490 251 147 421 231 
Vertex 232 distance 22
0 225 308 219 172 232 
Vertex 233 distance 27
0 225 308 219 172 118 174 204 182 233 
Vertex 234 distance 46
0 225 308 51 616 586 114 13 395 234 
Vertex 235 distance 37
0 225 308 443 485 235 
Vertex 236 distance 39
0 225 308 62 54 368 504 386 236 
Vertex 237 distance 23
0 633 178 237 
Vertex 238 distance 30
0 225 308 219 172 118 462 238 
Vertex 239 distance 35
0 552 620 420 30 239 
Vertex 240 distance 24
0 490 251 352 66 240 
Vertex 241 distance 44
0 225 308 219 172 118 486 505 241 
Vertex 242 distance 12
0 490 242 
Vertex 243 distance 39
0 225 308 51 616 586 114 13 483 243 
Vertex 244 distance 20
0 633 178 244 
Vertex 245 distance 36
0 490 251 147 421 425 332 245 
Vertex 246 distance 31
0 490 251 147 421 63 436 310 246 
Vertex 247 distance 27
0 490 251 147 421 425 332 247 
Vertex 248 distance 32
0 225 308 219 172 213 255 248 
Vertex 249 distance 32
0 490 493 87 230 79 249 
Vertex 250 distance 34
0 490 251 352 66 211 250 
Vertex 251 distance 10
0 490 251 
Vertex 252 distance 34
0 490 251 147 421 425 404 315 252 
Vertex 253 distance 40
0 490 251 147 421 63 171 222 253 
Vertex 254 distance 28
0 490 251 147 421 63 171 254 
Vertex 255 distance 30
0 225 308 219 172 213 255 
Vertex 256 distance 31
0 633 178 244 256 
Vertex 257 distance 19
0 490 251 257 
Vertex 258 distance 19
0 490 251 147 271 314 258 
Vertex 259 distance 29
0 225 308 62 54 368 259 
Vertex 260 distance 22
0 225 308 260 
Vertex 261 distance 42
0 225 308 260 151 261 
Vertex 262 distance 34
0 490 594 262 
Vertex 263 distance 35
0 633 178 244 256 263 
Vertex 264 distance 26
0 490 251 147 609 264 
Vertex 265 distance 38
0 490 251 147 271 127 417 265 
Vertex 266 distance 24
0 225 308 443 485 266 
Vertex 267 distance 21
0 225 308 62 267 
Vertex 268 distance 28
0 633 178 244 130 268 
Vertex 269 distance 26
0 225 308 62 267 269 
Vertex 270 distance 37
0 633 438 192 333 270 
Vertex 271 distance 17
0 490 251 147 271 
Vertex 272 distance 24
0 490 251 147 421 450 473 272 
Vertex 273 distance 26
0 490 251 304 273 
Vertex 274 distance 35
0 490 251 147 184 274 
Vertex 275 distance 32
0 633 438 192 333 461 275 
Vertex 276 distance 32
0 225 308 62 267 269 484 84 276 
Vertex 277 distance 28
0 633 277 
Vertex 278 distance 35
0 490 251 147 421 56 426 93 31 413 555 278 
Vertex 279 distance 27
0 225 308 62 279 
Vertex 280 distance 32
0 225 308 219 172 118 174 204 280 
Vertex 281 distance 29
0 225 308 51 281 
Vertex 282 distance 25
0 490 251 147 609 282 
Vertex 283 distance 23
0 633 223 283 
Vertex 284 distance 36
0 225 308 62 604 592 366 521 530 596 284 
Vertex 285 distance 20
0 225 308 51 616 285 
Vertex 286 distance 35
0 490 251 304 273 140 286 
Vertex 287 distance 29
0 490 251 147 421 231 287 
Vertex 288 distance 34
0 490 251 147 271 314 107 5 288 
Vertex 289 distance 31
0 490 251 147 421 56 426 93 31 482 507 289 
Vertex 290 distance 33
0 552 290 
Vertex 291 distance 22
0 225 308 219 172 291 
Vertex 292 distance 20
0 225 308 51 292 
Vertex 293 distance 33
0 633 223 283 293 
Vertex 294 distance 26
0 490 251 147 421 56 426 93 31 413 555 294 
Vertex 295 distance 34
0 490 251 147 271 314 107 612 295 
Vertex 296 distance 26
0 633 178 244 296 
Vertex 297 distance 32
0 633 223 52 297 
Vertex 298 distance 32
0 490 357 387 154 298 
Vertex 299 distance 21
0 225 308 508 589 299 
Vertex 300 distance 34
0 225 308 457 41 300 
Vertex 301 distance 43
0 490 251 147 421 56 426 93 31 482 507 289 301 
Vertex 302 distance 35
0 225 308 219 172 213 255 248 302 
Vertex 303 distance 40
0 490 251 147 421 450 473 272 445 303 
Vertex 304 distance 20
0 490 251 304 
Vertex 305 distance 31
0 490 251 147 421 56 426 93 31 482 305 
Vertex 306 distance 29
0 490 251 147 421 450 473 272 306 
Vertex 307 distance 35
0 225 308 62 267 269 484 84 276 307 
Vertex 308 distance 10
0 225 308 
Vertex 309 distance 34
0 490 251 147 271 314 258 309 
Vertex 310 distance 25
0 490 251 147 421 63 436 310 
Vertex 311 distance 35
0 490 357 497 311 
Vertex 312 distance 34
0 225 308 457 41 312 
Vertex 313 distance 29
0 490 242 635 476 316 313 
Vertex 314 distance 18
0 490 251 147 271 314 
Vertex 315 distance 21
0 490 251 147 421 425 404 315 
Vertex 316 distance 25
0 490 242 635 476 316 
Vertex 317 distance 36
0 490 251 317 
Vertex 318 distance 27
0 633 178 318 
Vertex 319 distance 30
0 225 308 443 485 266 458 319 
Vertex 320 distance 30
0 124 320 
Vertex 321 distance 32
0 225 308 457 41 123 321 
Vertex 322 distance 27
0 490 251 109 322 
Vertex 323 distance 23
0 225 308 508 589 323 
Vertex 324 distance 38
0 633 178 318 324 
Vertex 325 distance 43
0 225 308 219 172 118 486 422 110 325 
Vertex 326 distance 42
0 490 251 352 66 211 326 
Vertex 327 distance 38
0 225 308 219 172 118 486 181 327 
Vertex 328 distance 27
0 490 251 147 421 56 426 93 31 328 
Vertex 329 distance 35
0 490 594 262 329 
Vertex 330 distance 46
0 633 438 143 330 
Vertex 331 distance 45
0 490 251 147 421 450 473 400 6 122 331 
Vertex 332 distance 22
0 490 251 147 421 425 332 
Vertex 333 distance 24
0 633 438 192 333 
Vertex 334 distance 27
0 490 251 147 609 334 
Vertex 335 distance 39
0 225 308 51 616 106 335 
Vertex 336 distance 23
0 490 251 147 421 336 
Vertex 337 distance 35
0 490 251 147 421 56 426 93 31 482 507 215 337 
Vertex 338 distance 44
0 490 251 147 421 450 473 338 
Vertex 339 distance 31
0 633 223 283 339 
Vertex 340 distance 33
0 490 242 68 451 584 349 340 
Vertex 341 distance 36
0 225 308 508 589 299 57 341 
Vertex 342 distance 27
0 633 438 575 342 
Vertex 343 distance 26
0 225 308 219 172 213 343 
Vertex 344 distance 20
0 490 493 344 
Vertex 345 distance 28
0 490 251 109 345 
Vertex 346 distance 41
0 633 223 283 339 611 346 
Vertex 347 distance 24
0 225 308 62 347 
Vertex 348 distance 31
0 490 242 68 600 348 
Vertex 349 distance 29
0 490 242 68 451 584 349 
Vertex 350 distance 17
0 225 308 443 350 
Vertex 351 distance 29
0 490 251 147 421 63 436 310 351 
Vertex 352 distance 15
0 490 251 352 
Vertex 353 distance 35
0 490 493 87 230 79 249 353 
Vertex 354 distance 35
0 552 620 420 30 354 
Vertex 355 distance 33
0 490 251 147 421 450 355 
Vertex 356 distance 38
0 225 308 219 172 118 486 422 356 
Vertex 357 distance 20
0 490 357 
Vertex 358 distance 37
0 225 308 219 172 118 486 181 359 358 
Vertex 359 distance 33
0 225 308 219 172 118 486 181 359 
Vertex 360 distance 42
0 490 357 402 101 534 193 360 
Vertex 361 distance 29
0 225 308 219 172 213 343 361 
Vertex 362 distance 22
0 490 251 147 421 56 362 
Vertex 363 distance 34
0 225 308 219 172 118 174 526 363 
Vertex 364 distance 36
0 225 308 51 281 364 
Vertex 365 distance 27
0 633 223 52 365 
Vertex 366 distance 20
0 225 308 62 604 592 366 
Vertex 367 distance 31
0 490 251 147 609 264 367 
Vertex 368 distance 22
0 225 308 62 54 368 
Vertex 369 distance 33
0 225 308 51 292 369 
Vertex 370 distance 31
0 490 251 109 157 370 
Vertex 371 distance 25
0 490 371 
Vertex 372 distance 34
0 490 251 147 421 63 436 150 372 
Vertex 373 distance 39
0 490 251 147 271 373 
Vertex 374 distance 26
0 490 251 352 66 374 
Vertex 375 distance 32
0 225 308 260 375 
Vertex 376 distance 24
0 225 308 62 54 368 376 
Vertex 377 distance 45
0 490 251 352 142 579 377 
Vertex 378 distance 28
0 490 251 147 421 56 426 93 31 482 507 491 175 576 378 
Vertex 379 distance 35
0 490 251 147 421 425 404 161 379 
Vertex 380 distance 25
0 380 
Vertex 381 distance 46
0 225 308 219 172 118 628 408 397 381 
Vertex 382 distance 25
0 490 357 382 
Vertex 383 distance 18
0 225 308 457 41 383 
Vertex 384 distance 34
0 490 242 635 476 316 83 384 
Vertex 385 distance 22
0 490 251 147 271 314 258 49 385 
Vertex 386 distance 33
0 225 308 62 54 368 504 386 
Vertex 387 distance 25
0 490 357 387 
Vertex 388 distance 32
0 490 251 352 50 564 468 388 
Vertex 389 distance 24
0 552 389 
Vertex 390 distance 32
0 225 308 62 604 592 366 521 530 390 
Vertex 391 distance 29
0 225 308 51 292 40 391 
Vertex 392 distance 22
0 225 308 508 589 299 392 
Vertex 393 distance 28
0 490 251 147 421 56 426 93 31 328 393 
Vertex 394 distance 35
0 225 308 443 485 266 394 
Vertex 395 distance 27
0 225 308 51 616 586 114 13 395 
Vertex 396 distance 30
0 490 242 68 451 119 396 
Vertex 397 distance 36
0 225 308 219 172 118 628 408 397 
Vertex 398 distance 35
0 490 251 585 398 
Vertex 399 distance 28
0 490 251 147 421 56 362 399 
Vertex 400 distance 23
0 490 251 147 421 450 473 400 
Vertex 401 distance 43
0 490 251 147 271 314 258 49 385 70 527 217 401 
Vertex 402 distance 21
0 490 357 402 
Vertex 403 distance 23
0 225 308 51 616 403 
Vertex 404 distance 20
0 490 251 147 421 425 404 
Vertex 405 distance 40
0 490 251 147 421 450 473 272 306 606 405 
Vertex 406 distance 37
0 406 
Vertex 407 distance 22
0 225 308 51 407 
Vertex 408 distance 26
0 225 308 219 172 118 628 408 
Vertex 409 distance 32
0 225 308 62 604 592 366 521 409 
Vertex 410 distance 23
0 633 438 410 
Vertex 411 distance 39
0 124 411 
Vertex 412 distance 33
0 490 493 344 210 412 
Vertex 413 distance 23
0 490 251 147 421 56 426 93 31 413 
Vertex 414 distance 36
0 490 242 68 451 584 414 
Vertex 415 distance 34
0 490 242 635 476 316 83 415 
Vertex 416 distance 32
0 225 308 508 589 299 489 558 416 
Vertex 417 distance 34
0 490 251 147 271 127 417 
Vertex 418 distance 33
0 490 251 147 421 56 426 93 31 65 418 
Vertex 419 distance 32
0 633 178 318 419 
Vertex 420 distance 30
0 552 620 420 
Vertex 421 distance 14
0 490 251 147 421 
Vertex 422 distance 27
0 225 308 219 172 118 486 422 
Vertex 423 distance 28
0 490 251 147 421 423 
Vertex 424 distance 46
0 225 308 62 424 
Vertex 425 distance 19
0 490 251 147 421 425 
Vertex 426 distance 18
0 490 251 147 421 56 426 
Vertex 427 distance 32
0 490 594 427 
Vertex 428 distance 39
0 225 308 443 428 
Vertex 429 distance 33
0 490 251 147 421 56 426 93 31 328 393 429 
Vertex 430 distance 46
0 490 251 352 50 430 
Vertex 431 distance 24
0 490 357 402 431 
Vertex 432 distance 25
0 490 251 352 432 
Vertex 433 distance 30
0 490 251 352 432 570 433 
Vertex 434 distance 34
0 225 308 62 267 269 484 434 
Vertex 435 distance 32
0 633 223 52 198 435 
Vertex 436 distance 22
0 490 251 147 421 63 436 
Vertex 437 distance 33
0 490 251 147 271 163 437 
Vertex 438 distance 18
0 633 438 
Vertex 439 distance 29
0 552 389 439 
Vertex 440 distance 35
0 490 251 147 421 63 436 310 246 440 
Vertex 441 distance 30
0 490 493 87 441 
Vertex 442 distance 30
0 225 308 219 172 118 174 442 
Vertex 443 distance 15
0 225 308 443 
Vertex 444 distance 36
0 225 308 51 292 444 
Vertex 445 distance 25
0 490 251 147 421 450 473 272 445 
Vertex 446 distance 32
0 225 308 62 54 446 
Vertex 447 distance 38
0 633 438 192 333 126 447 
Vertex 448 distance 30
0 490 493 456 164 448 
Vertex 449 distance 28
0 449 
Vertex 450 distance 20
0 490 251 147 421 450 
Vertex 451 distance 23
0 490 242 68 451 
Vertex 452 distance 26
0 225 308 62 604 592 366 452 
Vertex 453 distance 35
0 633 178 453 
Vertex 454 distance 32
0 490 251 547 454 
Vertex 455 distance 37
0 225 308 508 589 299 489 558 455 
Vertex 456 distance 23
0 490 493 456 
Vertex 457 distance 14
0 225 308 457 
Vertex 458 distance 29
0 225 308 443 485 266 458 
Vertex 459 distance 35
0 225 308 62 604 592 574 459 
Vertex 460 distance 40
0 633 178 464 460 
Vertex 461 distance 30
0 633 438 192 333 461 
Vertex 462 distance 23
0 225 308 219 172 118 462 
Vertex 463 distance 34
0 490 357 387 154 298 463 
Vertex 464 distance 32
0 633 178 464 
Vertex 465 distance 32
0 490 251 147 421 450 473 400 465 
Vertex 466 distance 31
0 490 251 352 432 466 
Vertex 467 distance 32
0 225 308 51 292 40 467 
Vertex 468 distance 30
0 490 251 352 50 564 468 
Vertex 469 distance 33
0 490 242 68 451 584 614 469 
Vertex 470 distance 29
0 490 251 147 421 470 
Vertex 471 distance 41
0 225 308 62 267 471 
Vertex 472 distance 30
0 490 251 352 66 240 472 
Vertex 473 distance 21
0 490 251 147 421 450 473 
Vertex 474 distance 30
0 225 308 219 172 118 174 204 203 474 
Vertex 475 distance 41
0 225 308 219 172 213 343 361 475 
Vertex 476 distance 24
0 490 242 635 476 
Vertex 477 distance 33
0 490 251 147 421 425 404 161 477 
Vertex 478 distance 49
0 490 251 147 421 231 532 478 
Vertex 479 distance 38
0 490 251 352 487 479 
Vertex 480 distance 31
0 225 308 219 172 213 73 480 
Vertex 481 distance 31
0 225 308 219 172 118 628 481 
Vertex 482 distance 23
0 490 251 147 421 56 426 93 31 482 
Vertex 483 distance 30
0 225 308 51 616 586 114 13 483 
Vertex 484 distance 28
0 225 308 62 267 269 484 
Vertex 485 distance 21
0 225 308 443 485 
Vertex 486 distance 22
0 225 308 219 172 118 486 
Vertex 487 distance 25
0 490 251 352 487 
Vertex 488 distance 29
0 490 242 635 476 316 83 488 
Vertex 489 distance 23
0 225 308 508 589 299 489 
Vertex 490 distance 9
0 490 
Vertex 491 distance 25
0 490 251 147 421 56 426 93 31 482 507 491 
Vertex 492 distance 33
0 490 493 87 441 492 
Vertex 493 distance 16
0 490 493 
Vertex 494 distance 33
0 225 308 508 589 299 494 
Vertex 495 distance 30
0 490 251 147 421 56 426 93 31 482 507 491 175 576 495 
Vertex 496 distance 35
0 490 251 547 531 496 
Vertex 497 distance 29
0 490 357 497 
Vertex 498 distance 27
0 490 242 498 
Vertex 499 distance 35
0 633 223 52 48 499 
Vertex 500 distance 30
0 225 308 457 500 
Vertex 501 distance 48
0 490 251 147 421 56 426 93 31 482 507 491 501 
Vertex 502 distance 28
0 490 493 545 502 
Vertex 503 distance 30
0 225 308 62 604 592 366 521 530 503 
Vertex 504 distance 25
0 225 308 62 54 368 504 
Vertex 505 distance 26
0 225 308 219 172 118 486 505 
Vertex 506 distance 34
0 490 251 109 345 506 
Vertex 507 distance 24
0 490 251 147 421 56 426 93 31 482 507 
Vertex 508 distance 16
0 225 308 508 
Vertex 509 distance 32
0 552 539 509 
Vertex 510 distance 40
0 490 251 304 9 170 510 
Vertex 511 distance 33
0 490 251 147 184 541 511 
Vertex 512 distance 46
0 490 251 147 421 56 426 93 31 33 512 
Vertex 513 distance 32
0 225 308 443 485 266 513 
Vertex 514 distance 31
0 633 438 192 537 514 
Vertex 515 distance 38
0 380 515 
Vertex 516 distance 38
0 490 242 635 476 316 83 516 
Vertex 517 distance 31
0 225 308 443 485 517 
Vertex 518 distance 30
0 490 251 147 421 450 473 400 518 
Vertex 519 distance 35
0 490 493 519 
Vertex 520 distance 31
0 225 308 62 267 269 520 
Vertex 521 distance 24
0 225 308 62 604 592 366 521 
Vertex 522 distance 39
0 490 493 87 441 523 522 
Vertex 523 distance 38
0 490 493 87 441 523 
Vertex 524 distance 40
0 225 308 219 165 524 
Vertex 525 distance 29
0 633 438 192 333 126 525 
Vertex 526 distance 32
0 225 308 219 172 118 174 526 
Vertex 527 distance 25
0 490 251 147 271 314 258 49 385 70 527 
Vertex 528 distance 26
0 490 251 147 421 425 332 528 
Vertex 529 distance 40
0 490 251 147 421 423 529 
Vertex 530 distance 29
0 225 308 62 604 592 366 521 530 
Vertex 531 distance 32
0 490 251 547 531 
Vertex 532 distance 26
0 490 251 147 421 231 532 
Vertex 533 distance 30
0 490 251 585 554 533 
Vertex 534 distance 30
0 490 357 402 101 534 
Vertex 535 distance 35
0 225 308 51 292 40 535 
Vertex 536 distance 30
0 633 223 74 82 536 
Vertex 537 distance 30
0 633 438 192 537 
Vertex 538 distance 31
0 225 308 260 538 
Vertex 539 distance 30
0 552 539 
Vertex 540 distance 39
0 490 242 635 476 316 540 
Vertex 541 distance 32
0 490 251 147 184 541 
Vertex 542 distance 33
0 490 242 68 451 584 349 542 
Vertex 543 distance 30
0 225 308 508 589 299 543 
Vertex 544 distance 27
0 225 308 51 616 586 544 
Vertex 545 distance 24
0 490 493 545 
Vertex 546 distance 29
0 225 308 508 589 299 392 546 
Vertex 547 distance 22
0 490 251 547 
Vertex 548 distance 43
0 225 308 51 616 586 114 13 483 243 548 
Vertex 549 distance 25
0 490 251 147 271 549 
Vertex 550 distance 25
0 490 357 550 
Vertex 551 distance 31
0 633 223 52 198 551 
Vertex 552 distance 19
0 552 
Vertex 553 distance 36
0 490 251 147 271 598 553 
Vertex 554 distance 23
0 490 251 585 554 
Vertex 555 distance 24
0 490 251 147 421 56 426 93 31 413 555 
Vertex 556 distance 30
0 225 308 51 616 586 114 13 395 556 
Vertex 557 distance 35
0 490 251 547 557 
Vertex 558 distance 30
0 225 308 508 589 299 489 558 
Vertex 559 distance 33
0 225 308 51 616 559 
Vertex 560 distance 25
0 225 308 219 172 118 560 
Vertex 561 distance 41
0 225 308 260 375 561 
Vertex 562 distance 40
0 225 308 159 562 
Vertex 563 distance 34
0 490 242 635 476 316 566 563 
Vertex 564 distance 23
0 490 251 352 50 564 
Vertex 565 distance 36
0 633 223 52 297 565 
Vertex 566 distance 30
0 490 242 635 476 316 566 
Vertex 567 distance 38
0 490 242 68 451 584 349 567 
Vertex 568 distance 33
0 225 308 51 616 568 
Vertex 569 distance 29
0 490 251 147 609 282 135 569 
Vertex 570 distance 29
0 490 251 352 432 570 
Vertex 571 distance 19
0 225 308 219 571 
Vertex 572 distance 32
0 633 438 410 572 
Vertex 573 distance 42
0 633 438 192 537 514 573 
Vertex 574 distance 29
0 225 308 62 604 592 574 
Vertex 575 distance 21
0 633 438 575 
Vertex 576 distance 27
0 490 251 147 421 56 426 93 31 482 507 491 175 576 
Vertex 577 distance 34
0 225 577 
Vertex 578 distance 39
0 490 251 147 271 314 107 578 
Vertex 579 distance 43
0 490 251 352 142 579 
Vertex 580 distance 31
0 225 308 443 580 
Vertex 581 distance 41
0 225 308 62 604 592 366 521 530 503 581 
Vertex 582 distance 29
0 490 251 147 271 549 582 
Vertex 583 distance 22
0 490 583 
Vertex 584 distance 26
0 490 242 68 451 584 
Vertex 585 distance 17
0 490 251 585 
Vertex 586 distance 23
0 225 308 51 616 586 
Vertex 587 distance 29
0 225 308 62 267 622 587 
Vertex 588 distance 37
0 633 223 52 365 588 
Vertex 589 distance 20
0 225 308 508 589 
Vertex 590 distance 37
0 225 308 219 172 118 486 505 590 
Vertex 591 distance 41
0 225 308 62 267 269 484 84 276 229 591 
Vertex 592 distance 19
0 225 308 62 604 592 
Vertex 593 distance 41
0 633 223 283 339 593 
Vertex 594 distance 24
0 490 594 
Vertex 595 distance 31
0 490 357 402 431 595 
Vertex 596 distance 35
0 225 308 62 604 592 366 521 530 596 
Vertex 597 distance 40
0 490 251 147 271 314 258 49 385 597 
Vertex 598 distance 26
0 490 251 147 271 598 
Vertex 599 distance 31
0 490 251 599 
Vertex 600 distance 23
0 490 242 68 600 
Vertex 601 distance 35
0 490 601 
Vertex 602 distance 33
0 490 242 68 600 348 602 
Vertex 603 distance 30
0 490 251 147 421 425 603 
Vertex 604 distance 16
0 225 308 62 604 
Vertex 605 distance 30
0 490 251 352 66 605 
Vertex 606 distance 30
0 490 251 147 421 450 473 272 306 606 
Vertex 607 distance 31
0 490 251 147 421 63 436 618 607 
Vertex 608 distance 32
0 633 438 575 342 608 
Vertex 609 distance 23
0 490 251 147 609 
Vertex 610 distance 33
0 552 610 
Vertex 611 distance 39
0 633 223 283 339 611 
Vertex 612 distance 30
0 490 251 147 271 314 107 612 
Vertex 613 distance 33
0 225 308 508 589 299 392 546 613 
Vertex 614 distance 30
0 490 242 68 451 584 614 
Vertex 615 distance 32
0 490 242 68 451 119 615 
Vertex 616 distance 16
0 225 308 51 616 
Vertex 617 distance 28
0 225 308 51 616 586 114 13 395 617 
Vertex 618 distance 28
0 490 251 147 421 63 436 618 
Vertex 619 distance 34
0 490 251 147 271 314 258 49 385 70 527 619 
Vertex 620 distance 20
0 552 620 
Vertex 621 distance 31
0 490 251 147 271 314 107 621 
Vertex 622 distance 25
0 225 308 62 267 622 
Vertex 623 distance 30
0 225 308 51 616 189 623 
Vertex 624 distance 31
0 490 357 402 101 624 
Vertex 625 distance 26
0 225 308 508 589 625 
Vertex 626 distance 32
0 225 308 508 589 299 489 558 626 
Vertex 627 distance 34
0 225 308 51 292 40 627 
Vertex 628 distance 23
0 225 308 219 172 118 628 
Vertex 629 distance 47
0 490 251 147 421 425 629 
Vertex 630 distance 39
0 225 308 219 172 118 486 181 359 630 
Vertex 631 distance 31
0 490 251 147 609 631 
Vertex 632 distance 38
0 633 178 453 632 
Vertex 633 distance 15
0 633 
Vertex 634 distance 34
0 490 594 634 
Vertex 635 distance 22
0 490 242 635 
Vertex 636 distance 24
0 490 357 402 638 636 
Vertex 637 distance 37
0 225 308 62 347 637 
Vertex 638 distance 23
0 490 357 402 638 
Vertex 639 distance 31
0 225 308 260 151 639 
