Vertex 0 distance 0
0 0 
Vertex 1 distance 13
0 397 350 16 455 164 226 1 
Vertex 2 distance 19
0 397 350 16 455 23 478 224 2 
Vertex 3 distance 15
0 397 350 451 557 3 
Vertex 4 distance 16
0 397 381 159 231 4 
Vertex 5 distance 19
0 216 291 574 135 5 
Vertex 6 distance 15
0 397 350 16 455 342 6 
Vertex 7 distance 15
0 397 350 451 214 7 
Vertex 8 distance 13
0 397 297 369 8 
Vertex 9 distance 17
0 397 350 16 455 164 262 219 423 9 
Vertex 10 distance 10
0 397 350 16 455 164 10 
Vertex 11 distance 18
0 397 350 16 13 430 457 11 
Vertex 12 distance 15
0 397 350 16 455 23 478 224 12 
Vertex 13 distance 8
0 397 350 16 13 
Vertex 14 distance 12
0 397 350 16 455 342 129 14 
Vertex 15 distance 16
0 397 381 159 299 15 
Vertex 16 distance 3
0 397 350 16 
Vertex 17 distance 14
0 397 350 16 455 164 226 1 17 
Vertex 18 distance 17
0 397 381 109 18 
Vertex 19 distance 18
0 397 350 16 199 241 19 
Vertex 20 distance 18
0 397 473 261 582 20 
Vertex 21 distance 15
0 594 21 
Vertex 22 distance 16
0 397 350 377 22 
Vertex 23 distance 8
0 397 350 16 455 23 
Vertex 24 distance 19
0 397 473 32 495 24 
Vertex 25 distance 13
0 397 473 592 115 25 
Vertex 26 distance 17
0 397 350 16 13 424 101 26 
Vertex 27 distance 20
0 397 350 16 391 208 49 546 27 
Vertex 28 distance 14
0 232 178 28 
Vertex 29 distance 20
0 397 350 162 29 
Vertex 30 distance 18
0 397 350 16 455 23 478 224 12 30 
Vertex 31 distance 16
0 397 473 137 31 
Vertex 32 distance 9
0 397 473 32 
Vertex 33 distance 12
0 397 381 159 231 33 
Vertex 34 distance 19
0 397 297 611 56 531 44 34 
Vertex 35 distance 15
0 397 350 16 13 424 35 
Vertex 36 distance 10
0 397 526 36 
Vertex 37 distance 12
0 397 381 159 37 
Vertex 38 distance 14
0 397 350 16 455 23 478 361 55 38 
Vertex 39 distance 17
0 397 350 16 455 23 478 361 55 39 
Vertex 40 distance 33
0 397 350 16 370 636 358 382 40 
Vertex 41 distance 8
0 375 637 41 
Vertex 42 distance 12
0 397 350 16 391 42 
Vertex 43 distance 15
0 397 381 159 163 43 
Vertex 44 distance 17
0 397 297 611 56 531 44 
Vertex 45 distance 11
0 397 350 16 127 45 
Vertex 46 distance 20
0 397 473 32 46 
Vertex 47 distance 15
0 397 473 592 115 47 
Vertex 48 distance 15
0 375 609 556 380 48 
Vertex 49 distance 15
0 397 350 16 391 208 49 
Vertex 50 distance 18
0 397 350 16 13 424 35 50 
Vertex 51 distance 23
0 397 350 16 455 342 6 590 51 
Vertex 52 distance 24
0 397 473 261 582 428 52 
Vertex 53 distance 16
0 397 350 16 455 23 54 529 416 53 
Vertex 54 distance 10
0 397 350 16 455 23 54 
Vertex 55 distance 12
0 397 350 16 455 23 478 361 55 
Vertex 56 distance 13
0 397 297 611 56 
Vertex 57 distance 18
0 375 609 91 511 57 
Vertex 58 distance 23
0 397 350 16 455 164 262 259 407 58 
Vertex 59 distance 15
0 397 265 59 
Vertex 60 distance 17
0 397 350 16 455 342 129 60 
Vertex 61 distance 15
0 397 350 16 455 342 61 
Vertex 62 distance 16
0 397 350 16 455 23 308 62 
Vertex 63 distance 12
0 397 253 63 
Vertex 64 distance 18
0 397 350 16 370 636 358 64 
Vertex 65 distance 18
0 397 350 16 455 164 262 219 423 65 
Vertex 66 distance 28
0 397 473 137 66 
Vertex 67 distance 15
0 397 350 16 199 241 67 
Vertex 68 distance 16
0 397 350 16 13 424 68 
Vertex 69 distance 20
0 397 350 16 370 636 358 497 69 
Vertex 70 distance 18
0 397 350 16 455 342 6 70 
Vertex 71 distance 19
0 397 381 622 71 
Vertex 72 distance 12
0 397 350 377 72 
Vertex 73 distance 17
0 397 350 377 72 304 73 
Vertex 74 distance 16
0 397 350 74 
Vertex 75 distance 21
0 375 637 75 
Vertex 76 distance 21
0 397 350 16 13 424 35 76 
Vertex 77 distance 20
0 397 350 16 127 359 305 307 77 
Vertex 78 distance 24
0 397 350 16 391 208 49 546 78 
Vertex 79 distance 16
0 397 350 451 288 207 79 
Vertex 80 distance 21
0 397 350 16 455 23 478 361 80 
Vertex 81 distance 23
0 397 350 451 288 452 456 81 
Vertex 82 distance 18
0 375 637 41 95 82 
Vertex 83 distance 16
0 397 350 16 199 83 
Vertex 84 distance 20
0 397 265 286 638 84 
Vertex 85 distance 16
0 397 350 16 127 359 305 307 85 
Vertex 86 distance 17
0 375 86 
Vertex 87 distance 17
0 624 195 107 392 87 
Vertex 88 distance 19
0 397 350 16 455 88 
Vertex 89 distance 17
0 397 350 16 127 359 305 89 
Vertex 90 distance 15
0 397 350 16 176 90 
Vertex 91 distance 9
0 375 609 91 
Vertex 92 distance 21
0 276 92 
Vertex 93 distance 16
0 397 350 16 127 45 93 
Vertex 94 distance 15
0 397 350 16 455 164 262 460 94 
Vertex 95 distance 17
0 375 637 41 95 
Vertex 96 distance 17
0 397 350 16 455 164 262 219 517 218 96 
Vertex 97 distance 16
0 397 350 16 455 180 588 97 
Vertex 98 distance 15
0 397 350 16 391 371 98 
Vertex 99 distance 23
0 216 447 194 340 99 
Vertex 100 distance 13
0 397 100 
Vertex 101 distance 12
0 397 350 16 13 424 101 
Vertex 102 distance 17
0 375 609 91 360 102 
Vertex 103 distance 17
0 397 350 16 455 164 262 259 103 
Vertex 104 distance 24
0 397 350 16 455 315 104 
Vertex 105 distance 15
0 397 381 314 105 
Vertex 106 distance 27
0 397 381 106 
Vertex 107 distance 12
0 624 195 107 
Vertex 108 distance 18
0 397 350 16 391 230 108 
Vertex 109 distance 13
0 397 381 109 
Vertex 110 distance 14
0 397 350 16 455 23 478 361 55 110 
Vertex 111 distance 22
0 397 381 314 111 
Vertex 112 distance 15
0 397 350 16 362 112 
Vertex 113 distance 14
0 397 350 16 13 424 625 113 
Vertex 114 distance 21
0 397 350 16 455 23 550 217 114 
Vertex 115 distance 10
0 397 473 592 115 
Vertex 116 distance 16
0 397 381 314 211 116 
Vertex 117 distance 22
0 375 233 117 
Vertex 118 distance 21
0 624 222 118 
Vertex 119 distance 17
0 397 350 16 455 23 435 283 119 
Vertex 120 distance 17
0 397 350 16 455 180 588 97 120 
Vertex 121 distance 18
0 397 350 16 13 424 625 121 
Vertex 122 distance 13
0 397 122 
Vertex 123 distance 21
0 375 609 418 192 327 123 
Vertex 124 distance 18
0 216 287 620 124 
Vertex 125 distance 15
0 397 350 16 455 23 566 559 125 
Vertex 126 distance 11
0 397 350 16 126 
Vertex 127 distance 10
0 397 350 16 127 
Vertex 128 distance 14
0 397 350 16 391 128 
Vertex 129 distance 11
0 397 350 16 455 342 129 
Vertex 130 distance 9
0 624 130 
Vertex 131 distance 14
0 397 350 16 455 164 226 1 131 
Vertex 132 distance 17
0 160 186 132 
Vertex 133 distance 17
0 397 350 16 13 424 133 
Vertex 134 distance 19
0 397 253 63 567 134 
Vertex 135 distance 15
0 216 291 574 135 
Vertex 136 distance 17
0 397 350 16 455 164 262 460 366 136 
Vertex 137 distance 12
0 397 473 137 
Vertex 138 distance 13
0 397 350 377 72 138 
Vertex 139 distance 17
0 397 350 16 199 241 67 139 
Vertex 140 distance 18
0 216 287 140 
Vertex 141 distance 23
0 397 350 16 455 164 616 141 
Vertex 142 distance 11
0 375 609 142 
Vertex 143 distance 19
0 397 350 16 455 164 10 630 143 
Vertex 144 distance 15
0 397 350 16 13 424 573 144 
Vertex 145 distance 20
0 397 350 16 455 164 10 394 145 
Vertex 146 distance 17
0 216 447 194 146 
Vertex 147 distance 18
0 397 526 36 518 147 
Vertex 148 distance 18
0 397 350 377 72 304 564 148 
Vertex 149 distance 19
0 160 494 149 
Vertex 150 distance 19
0 397 350 16 455 23 308 150 
Vertex 151 distance 19
0 397 350 16 370 636 358 64 151 
Vertex 152 distance 14
0 397 350 16 455 164 152 
Vertex 153 distance 17
0 397 350 16 13 424 153 
Vertex 154 distance 19
0 397 350 16 13 424 35 50 154 
Vertex 155 distance 13
0 397 350 16 370 155 
Vertex 156 distance 19
0 276 639 156 
Vertex 157 distance 13
0 375 609 91 157 
Vertex 158 distance 19
0 397 350 16 13 424 573 144 158 
Vertex 159 distance 10
0 397 381 159 
Vertex 160 distance 11
0 160 
Vertex 161 distance 19
0 397 350 16 13 424 573 256 161 
Vertex 162 distance 15
0 397 350 162 
Vertex 163 distance 11
0 397 381 159 163 
Vertex 164 distance 7
0 397 350 16 455 164 
Vertex 165 distance 19
0 397 253 171 213 165 
Vertex 166 distance 13
0 375 166 
Vertex 167 distance 16
0 397 350 16 391 208 475 167 
Vertex 168 distance 20
0 397 473 32 495 168 
Vertex 169 distance 23
0 397 350 16 13 424 68 398 311 169 
Vertex 170 distance 14
0 397 350 16 127 359 305 170 
Vertex 171 distance 11
0 397 253 171 
Vertex 172 distance 16
0 397 381 109 172 
Vertex 173 distance 21
0 397 350 16 127 359 305 89 173 
Vertex 174 distance 13
0 397 350 16 455 23 174 
Vertex 175 distance 19
0 397 350 16 370 636 480 175 
Vertex 176 distance 12
0 397 350 16 176 
Vertex 177 distance 19
0 397 350 16 199 241 19 177 
Vertex 178 distance 11
0 232 178 
Vertex 179 distance 14
0 397 350 16 362 179 
Vertex 180 distance 12
0 397 350 16 455 180 
Vertex 181 distance 23
0 397 253 487 181 
Vertex 182 distance 20
0 375 444 182 
Vertex 183 distance 17
0 375 233 183 
Vertex 184 distance 21
0 397 350 16 455 23 54 309 184 
Vertex 185 distance 15
0 397 350 16 455 23 308 185 
Vertex 186 distance 16
0 160 186 
Vertex 187 distance 18
0 397 350 16 455 164 262 460 94 187 
Vertex 188 distance 12
0 397 473 32 188 
Vertex 189 distance 22
0 397 526 36 518 410 575 189 
Vertex 190 distance 13
0 397 350 16 455 164 226 190 
Vertex 191 distance 18
0 397 350 16 455 164 10 630 320 191 
Vertex 192 distance 15
0 375 609 418 192 
Vertex 193 distance 18
0 397 350 16 455 23 478 361 193 
Vertex 194 distance 13
0 216 447 194 
Vertex 195 distance 10
0 624 195 
Vertex 196 distance 19
0 397 473 137 268 422 196 
Vertex 197 distance 13
0 375 609 556 197 
Vertex 198 distance 19
0 397 350 16 455 164 10 436 198 
Vertex 199 distance 13
0 397 350 16 199 
Vertex 200 distance 18
0 397 350 16 455 23 435 200 
Vertex 201 distance 15
0 397 350 16 13 424 625 201 
Vertex 202 distance 16
0 397 350 16 391 42 202 
Vertex 203 distance 17
0 397 350 16 455 342 6 203 
Vertex 204 distance 18
0 397 253 63 204 
Vertex 205 distance 21
0 397 350 16 455 180 205 
Vertex 206 distance 17
0 397 350 16 199 241 206 
Vertex 207 distance 13
0 397 350 451 288 207 
Vertex 208 distance 8
0 397 350 16 391 208 
Vertex 209 distance 21
0 397 473 137 268 422 196 209 
Vertex 210 distance 19
0 397 350 16 391 210 
Vertex 211 distance 14
0 397 381 314 211 
Vertex 212 distance 17
0 397 473 137 31 212 
Vertex 213 distance 15
0 397 253 171 213 
Vertex 214 distance 12
0 397 350 451 214 
Vertex 215 distance 22
0 216 287 620 606 215 
Vertex 216 distance 3
0 216 
Vertex 217 distance 16
0 397 350 16 455 23 550 217 
Vertex 218 distance 15
0 397 350 16 455 164 262 219 517 218 
Vertex 219 distance 10
0 397 350 16 455 164 262 219 
Vertex 220 distance 12
0 397 381 159 231 220 
Vertex 221 distance 14
0 397 350 16 455 23 54 221 
Vertex 222 distance 14
0 624 222 
Vertex 223 distance 16
0 397 350 16 455 164 10 630 320 223 
Vertex 224 distance 14
0 397 350 16 455 23 478 224 
Vertex 225 distance 14
0 397 350 16 127 45 225 
Vertex 226 distance 11
0 397 350 16 455 164 226 
Vertex 227 distance 22
0 397 350 16 370 636 358 227 
Vertex 228 distance 26
0 397 350 16 13 424 35 50 228 
Vertex 229 distance 22
0 397 350 16 127 359 305 229 
Vertex 230 distance 15
0 397 350 16 391 230 
Vertex 231 distance 11
0 397 381 159 231 
Vertex 232 distance 7
0 232 
Vertex 233 distance 14
0 375 233 
Vertex 234 distance 19
0 397 350 16 455 23 308 185 234 
Vertex 235 distance 21
0 397 350 451 214 235 
Vertex 236 distance 15
0 397 350 16 455 236 
Vertex 237 distance 19
0 624 195 237 
Vertex 238 distance 15
0 238 
Vertex 239 distance 16
0 397 526 36 239 
Vertex 240 distance 17
0 397 350 16 455 23 435 283 240 
Vertex 241 distance 14
0 397 350 16 199 241 
Vertex 242 distance 16
0 397 350 16 455 23 435 250 242 
Vertex 243 distance 28
0 397 350 16 455 164 616 243 
Vertex 244 distance 21
0 397 350 16 13 424 625 244 
Vertex 245 distance 17
0 397 350 16 455 164 226 1 336 245 
Vertex 246 distance 20
0 397 473 592 597 246 
Vertex 247 distance 20
0 397 297 453 552 247 
Vertex 248 distance 12
0 624 248 
Vertex 249 distance 18
0 397 350 16 199 83 249 
Vertex 250 distance 15
0 397 350 16 455 23 435 250 
Vertex 251 distance 22
0 375 251 
Vertex 252 distance 16
0 397 350 16 362 112 252 
Vertex 253 distance 3
0 397 253 
Vertex 254 distance 19
0 397 350 16 176 438 254 
Vertex 255 distance 18
0 397 350 16 370 636 480 255 
Vertex 256 distance 16
0 397 350 16 13 424 573 256 
Vertex 257 distance 24
0 397 350 451 476 257 
Vertex 258 distance 18
0 397 350 16 13 424 573 144 258 
Vertex 259 distance 16
0 397 350 16 455 164 262 259 
Vertex 260 distance 15
0 397 350 16 362 260 
Vertex 261 distance 10
0 397 473 261 
Vertex 262 distance 8
0 397 350 16 455 164 262 
Vertex 263 distance 20
0 397 350 16 455 164 10 630 320 223 263 
Vertex 264 distance 21
0 397 100 264 
Vertex 265 distance 11
0 397 265 
Vertex 266 distance 14
0 397 350 16 455 164 10 630 266 
Vertex 267 distance 12
0 397 381 267 
Vertex 268 distance 13
0 397 473 137 268 
Vertex 269 distance 18
0 397 381 159 231 269 
Vertex 270 distance 16
0 397 381 159 163 270 
Vertex 271 distance 21
0 397 381 159 163 271 
Vertex 272 distance 22
0 397 350 16 455 164 262 219 423 65 272 
Vertex 273 distance 12
0 232 562 273 
Vertex 274 distance 23
0 397 381 267 321 274 
Vertex 275 distance 17
0 397 381 159 37 275 
Vertex 276 distance 12
0 276 
Vertex 277 distance 15
0 397 297 611 277 
Vertex 278 distance 18
0 397 381 109 278 
Vertex 279 distance 20
0 397 350 16 13 424 625 488 279 
Vertex 280 distance 22
0 216 447 280 
Vertex 281 distance 18
0 375 609 556 197 281 
Vertex 282 distance 19
0 397 253 63 282 
Vertex 283 distance 15
0 397 350 16 455 23 435 283 
Vertex 284 distance 14
0 397 297 453 552 284 
Vertex 285 distance 10
0 397 473 592 285 
Vertex 286 distance 12
0 397 265 286 
Vertex 287 distance 7
0 216 287 
Vertex 288 distance 11
0 397 350 451 288 
Vertex 289 distance 17
0 397 350 451 289 
Vertex 290 distance 13
0 397 350 16 391 42 290 
Vertex 291 distance 7
0 216 291 
Vertex 292 distance 18
0 397 350 16 455 23 550 389 292 
Vertex 293 distance 16
0 397 350 16 127 359 305 170 293 
Vertex 294 distance 18
0 375 609 556 306 367 294 
Vertex 295 distance 20
0 375 609 91 360 295 
Vertex 296 distance 15
0 397 350 16 455 164 262 458 296 
Vertex 297 distance 7
0 397 297 
Vertex 298 distance 20
0 397 350 16 455 23 174 298 
Vertex 299 distance 15
0 397 381 159 299 
Vertex 300 distance 13
0 397 253 300 
Vertex 301 distance 21
0 216 287 620 124 301 
Vertex 302 distance 18
0 397 350 16 455 164 10 630 302 
Vertex 303 distance 19
0 397 350 451 288 207 303 
Vertex 304 distance 13
0 397 350 377 72 304 
Vertex 305 distance 12
0 397 350 16 127 359 305 
Vertex 306 distance 14
0 375 609 556 306 
Vertex 307 distance 13
0 397 350 16 127 359 305 307 
Vertex 308 distance 11
0 397 350 16 455 23 308 
Vertex 309 distance 17
0 397 350 16 455 23 54 309 
Vertex 310 distance 20
0 216 291 574 310 
Vertex 311 distance 21
0 397 350 16 13 424 68 398 311 
Vertex 312 distance 22
0 397 253 312 
Vertex 313 distance 15
0 397 350 377 72 138 313 
Vertex 314 distance 12
0 397 381 314 
Vertex 315 distance 15
0 397 350 16 455 315 
Vertex 316 distance 16
0 397 350 16 455 342 129 316 
Vertex 317 distance 14
0 397 381 159 317 
Vertex 318 distance 17
0 397 350 16 455 180 585 318 
Vertex 319 distance 14
0 397 381 159 163 319 
Vertex 320 distance 13
0 397 350 16 455 164 10 630 320 
Vertex 321 distance 16
0 397 381 267 321 
Vertex 322 distance 13
0 397 350 16 455 342 322 
Vertex 323 distance 15
0 397 473 137 323 
Vertex 324 distance 16
0 397 350 16 455 23 435 283 324 
Vertex 325 distance 23
0 397 350 16 455 23 478 361 80 325 
Vertex 326 distance 20
0 397 350 16 455 342 129 14 326 
Vertex 327 distance 18
0 375 609 418 192 327 
Vertex 328 distance 18
0 397 350 16 455 180 588 97 328 
Vertex 329 distance 15
0 397 350 16 329 
Vertex 330 distance 20
0 397 350 16 455 164 262 259 103 330 
Vertex 331 distance 21
0 397 350 16 13 424 625 201 331 
Vertex 332 distance 12
0 397 350 16 455 164 262 332 
Vertex 333 distance 17
0 397 253 487 333 
Vertex 334 distance 12
0 397 381 159 334 
Vertex 335 distance 17
0 397 350 16 127 45 93 335 
Vertex 336 distance 16
0 397 350 16 455 164 226 1 336 
Vertex 337 distance 15
0 397 350 451 288 337 
Vertex 338 distance 20
0 397 350 16 455 164 10 394 555 338 
Vertex 339 distance 21
0 397 381 159 163 43 339 
Vertex 340 distance 21
0 216 447 194 340 
Vertex 341 distance 21
0 397 350 16 455 164 262 460 366 136 341 
Vertex 342 distance 10
0 397 350 16 455 342 
Vertex 343 distance 20
0 397 350 16 455 23 550 343 
Vertex 344 distance 23
0 624 222 344 
Vertex 345 distance 17
0 216 287 620 345 
Vertex 346 distance 22
0 397 350 16 455 23 54 221 613 346 
Vertex 347 distance 18
0 397 381 159 163 319 347 
Vertex 348 distance 18
0 397 350 16 176 348 
Vertex 349 distance 15
0 397 350 16 391 42 290 349 
Vertex 350 distance 2
0 397 350 
Vertex 351 distance 13
0 397 350 16 13 351 
Vertex 352 distance 16
0 397 253 171 352 
Vertex 353 distance 19
0 397 350 377 72 304 564 148 353 
Vertex 354 distance 16
0 397 297 611 277 354 
Vertex 355 distance 23
0 397 350 16 127 359 355 
Vertex 356 distance 17
0 397 350 16 455 356 
Vertex 357 distance 17
0 397 253 63 567 357 
Vertex 358 distance 14
0 397 350 16 370 636 358 
Vertex 359 distance 11
0 397 350 16 127 359 
Vertex 360 distance 13
0 375 609 91 360 
Vertex 361 distance 11
0 397 350 16 455 23 478 361 
Vertex 362 distance 8
0 397 350 16 362 
Vertex 363 distance 16
0 397 381 159 231 33 363 
Vertex 364 distance 21
0 397 350 16 370 636 358 497 69 364 
Vertex 365 distance 16
0 397 473 633 365 
Vertex 366 distance 14
0 397 350 16 455 164 262 460 366 
Vertex 367 distance 15
0 375 609 556 306 367 
Vertex 368 distance 20
0 397 350 16 455 88 368 
Vertex 369 distance 11
0 397 297 369 
Vertex 370 distance 10
0 397 350 16 370 
Vertex 371 distance 11
0 397 350 16 391 371 
Vertex 372 distance 20
0 397 526 36 518 410 575 372 
Vertex 373 distance 23
0 624 195 373 
Vertex 374 distance 16
0 397 381 159 163 319 374 
Vertex 375 distance 3
0 375 
Vertex 376 distance 19
0 397 350 16 13 424 573 376 
Vertex 377 distance 10
0 397 350 377 
Vertex 378 distance 20
0 397 350 16 455 342 129 316 378 
Vertex 379 distance 13
0 397 350 16 455 23 308 379 
Vertex 380 distance 14
0 375 609 556 380 
Vertex 381 distance 5
0 397 381 
Vertex 382 distance 23
0 397 350 16 370 636 358 382 
Vertex 383 distance 16
0 397 350 16 13 424 383 
Vertex 384 distance 19
0 397 350 16 455 23 54 309 384 
Vertex 385 distance 15
0 397 350 16 455 164 262 219 517 623 385 
Vertex 386 distance 20
0 397 350 16 127 359 443 386 
Vertex 387 distance 18
0 397 473 592 115 387 
Vertex 388 distance 18
0 397 381 267 388 
Vertex 389 distance 14
0 397 350 16 455 23 550 389 
Vertex 390 distance 21
0 390 
Vertex 391 distance 7
0 397 350 16 391 
Vertex 392 distance 16
0 624 195 107 392 
Vertex 393 distance 17
0 397 350 16 370 636 393 
Vertex 394 distance 12
0 397 350 16 455 164 10 394 
Vertex 395 distance 17
0 397 526 36 518 395 
Vertex 396 distance 17
0 375 609 556 197 396 
Vertex 397 distance 1
0 397 
Vertex 398 distance 17
0 397 350 16 13 424 68 398 
Vertex 399 distance 15
0 397 350 16 455 180 399 
Vertex 400 distance 12
0 397 350 16 455 164 400 
Vertex 401 distance 18
0 397 350 16 455 164 10 630 401 
Vertex 402 distance 17
0 397 350 16 455 164 226 1 17 402 
Vertex 403 distance 19
0 375 403 
Vertex 404 distance 20
0 397 350 16 455 23 54 404 
Vertex 405 distance 17
0 441 405 
Vertex 406 distance 18
0 397 350 451 288 452 406 
Vertex 407 distance 22
0 397 350 16 455 164 262 259 407 
Vertex 408 distance 13
0 397 350 16 455 164 400 408 
Vertex 409 distance 20
0 397 473 261 582 428 536 409 
Vertex 410 distance 15
0 397 526 36 518 410 
Vertex 411 distance 18
0 397 411 
Vertex 412 distance 18
0 397 350 377 470 412 
Vertex 413 distance 18
0 397 350 16 13 424 101 413 
Vertex 414 distance 17
0 397 350 16 455 164 262 219 517 623 414 
Vertex 415 distance 15
0 397 350 16 391 208 475 415 
Vertex 416 distance 14
0 397 350 16 455 23 54 529 416 
Vertex 417 distance 17
0 397 350 16 455 164 226 417 
Vertex 418 distance 14
0 375 609 418 
Vertex 419 distance 18
0 397 350 16 176 419 
Vertex 420 distance 15
0 160 494 420 
Vertex 421 distance 22
0 397 350 16 13 351 570 496 421 
Vertex 422 distance 16
0 397 473 137 268 422 
Vertex 423 distance 16
0 397 350 16 455 164 262 219 423 
Vertex 424 distance 9
0 397 350 16 13 424 
Vertex 425 distance 15
0 397 381 159 317 425 
Vertex 426 distance 16
0 397 526 36 518 426 
Vertex 427 distance 15
0 397 350 16 455 23 54 529 416 427 
Vertex 428 distance 15
0 397 473 261 582 428 
Vertex 429 distance 15
0 397 350 16 455 164 226 1 17 429 
Vertex 430 distance 15
0 397 350 16 13 430 
Vertex 431 distance 17
0 397 350 377 470 431 
Vertex 432 distance 17
0 397 350 16 455 342 129 14 482 432 
Vertex 433 distance 17
0 397 350 451 288 452 433 
Vertex 434 distance 18
0 276 434 
Vertex 435 distance 14
0 397 350 16 455 23 435 
Vertex 436 distance 15
0 397 350 16 455 164 10 436 
Vertex 437 distance 14
0 397 381 159 231 220 437 
Vertex 438 distance 16
0 397 350 16 176 438 
Vertex 439 distance 21
0 397 350 16 455 164 262 219 517 439 
Vertex 440 distance 15
0 397 350 16 370 636 480 440 
Vertex 441 distance 15
0 441 
Vertex 442 distance 15
0 375 609 418 442 
Vertex 443 distance 15
0 397 350 16 127 359 443 
Vertex 444 distance 15
0 375 444 
Vertex 445 distance 18
0 397 473 592 597 445 
Vertex 446 distance 18
0 397 350 16 455 23 308 62 446 
Vertex 447 distance 12
0 216 447 
Vertex 448 distance 13
0 397 253 171 448 
Vertex 449 distance 23
0 397 350 16 455 23 308 185 234 449 
Vertex 450 distance 20
0 397 350 16 455 180 588 97 120 450 
Vertex 451 distance 8
0 397 350 451 
Vertex 452 distance 14
0 397 350 451 288 452 
Vertex 453 distance 11
0 397 297 453 
Vertex 454 distance 22
0 397 350 451 288 452 456 454 
Vertex 455 distance 6
0 397 350 16 455 
Vertex 456 distance 20
0 397 350 451 288 452 456 
Vertex 457 distance 16
0 397 350 16 13 430 457 
Vertex 458 distance 11
0 397 350 16 455 164 262 458 
Vertex 459 distance 24
0 397 350 16 455 23 435 250 459 
Vertex 460 distance 12
0 397 350 16 455 164 262 460 
Vertex 461 distance 18
0 397 350 16 127 359 305 170 461 
Vertex 462 distance 16
0 397 297 611 56 462 
Vertex 463 distance 16
0 397 350 16 391 42 290 349 463 
Vertex 464 distance 19
0 397 350 16 455 342 322 464 
Vertex 465 distance 18
0 375 609 91 511 465 
Vertex 466 distance 20
0 397 350 377 486 466 
Vertex 467 distance 23
0 397 350 16 455 164 262 219 517 623 467 
Vertex 468 distance 18
0 397 350 16 13 430 468 
Vertex 469 distance 25
0 397 350 16 127 359 305 307 85 469 
Vertex 470 distance 15
0 397 350 377 470 
Vertex 471 distance 18
0 375 609 91 519 471 
Vertex 472 distance 19
0 397 350 16 455 23 435 250 472 
Vertex 473 distance 7
0 397 473 
Vertex 474 distance 19
0 375 544 523 474 
Vertex 475 distance 14
0 397 350 16 391 208 475 
Vertex 476 distance 15
0 397 350 451 476 
Vertex 477 distance 17
0 397 350 16 455 164 262 458 296 477 
Vertex 478 distance 10
0 397 350 16 455 23 478 
Vertex 479 distance 18
0 397 253 487 333 479 
Vertex 480 distance 14
0 397 350 16 370 636 480 
Vertex 481 distance 16
0 232 562 273 481 
Vertex 482 distance 16
0 397 350 16 455 342 129 14 482 
Vertex 483 distance 19
0 397 350 16 455 23 435 483 
Vertex 484 distance 12
0 397 350 16 455 164 262 484 
Vertex 485 distance 12
0 397 350 16 370 485 
Vertex 486 distance 17
0 397 350 377 486 
Vertex 487 distance 16
0 397 253 487 
Vertex 488 distance 18
0 397 350 16 13 424 625 488 
Vertex 489 distance 18
0 397 350 16 455 180 399 489 
Vertex 490 distance 19
0 397 350 16 455 164 262 219 517 490 
Vertex 491 distance 21
0 375 609 418 192 327 491 
Vertex 492 distance 18
0 397 381 314 105 492 
Vertex 493 distance 16
0 397 473 137 268 493 
Vertex 494 distance 14
0 160 494 
Vertex 495 distance 15
0 397 473 32 495 
Vertex 496 distance 15
0 397 350 16 13 351 570 496 
Vertex 497 distance 17
0 397 350 16 370 636 358 497 
Vertex 498 distance 25
0 375 233 498 
Vertex 499 distance 18
0 397 350 16 199 241 67 499 
Vertex 500 distance 16
0 397 350 16 362 179 500 
Vertex 501 distance 23
0 160 186 522 501 
Vertex 502 distance 21
0 624 195 612 502 
Vertex 503 distance 17
0 397 381 159 231 33 363 503 
Vertex 504 distance 20
0 397 350 16 391 230 108 504 
Vertex 505 distance 16
0 397 350 16 127 45 505 
Vertex 506 distance 15
0 397 381 506 
Vertex 507 distance 19
0 397 350 16 455 23 435 507 
Vertex 508 distance 17
0 397 350 16 455 23 508 
Vertex 509 distance 19
0 397 350 16 455 164 10 394 555 509 
Vertex 510 distance 15
0 397 350 16 455 342 510 
Vertex 511 distance 14
0 375 609 91 511 
Vertex 512 distance 20
0 397 526 36 518 410 575 512 
Vertex 513 distance 21
0 397 350 16 391 42 290 513 
Vertex 514 distance 18
0 397 526 36 518 410 514 
Vertex 515 distance 13
0 397 473 592 515 
Vertex 516 distance 22
0 397 381 159 163 271 516 
Vertex 517 distance 13
0 397 350 16 455 164 262 219 517 
Vertex 518 distance 14
0 397 526 36 518 
Vertex 519 distance 16
0 375 609 91 519 
Vertex 520 distance 16
0 397 350 451 288 337 520 
Vertex 521 distance 25
0 397 381 159 299 521 
Vertex 522 distance 19
0 160 186 522 
Vertex 523 distance 14
0 375 544 523 
Vertex 524 distance 15
0 397 350 16 455 164 262 332 524 
Vertex 525 distance 16
0 397 350 16 455 164 262 219 517 218 525 
Vertex 526 distance 9
0 397 526 
Vertex 527 distance 14
0 397 527 
Vertex 528 distance 17
0 397 473 592 597 528 
Vertex 529 distance 12
0 397 350 16 455 23 54 529 
Vertex 530 distance 19
0 397 350 377 72 304 530 
Vertex 531 distance 14
0 397 297 611 56 531 
Vertex 532 distance 20
0 397 350 16 455 164 10 630 532 
Vertex 533 distance 17
0 397 381 159 231 220 533 
Vertex 534 distance 14
0 397 350 377 72 534 
Vertex 535 distance 8
0 232 535 
Vertex 536 distance 17
0 397 473 261 582 428 536 
Vertex 537 distance 20
0 397 297 453 538 537 
Vertex 538 distance 16
0 397 297 453 538 
Vertex 539 distance 24
0 375 609 91 360 295 539 
Vertex 540 distance 19
0 397 350 16 455 164 226 1 131 626 540 
Vertex 541 distance 14
0 216 541 
Vertex 542 distance 11
0 397 350 16 127 542 
Vertex 543 distance 21
0 397 350 16 455 23 308 379 543 
Vertex 544 distance 11
0 375 544 
Vertex 545 distance 15
0 397 381 159 163 545 
Vertex 546 distance 18
0 397 350 16 391 208 49 546 
Vertex 547 distance 13
0 397 350 16 455 180 547 
Vertex 548 distance 22
0 397 253 63 567 548 
Vertex 549 distance 17
0 397 350 16 13 424 573 549 
Vertex 550 distance 13
0 397 350 16 455 23 550 
Vertex 551 distance 16
0 397 350 16 455 164 10 630 320 551 
Vertex 552 distance 13
0 397 297 453 552 
Vertex 553 distance 22
0 397 350 16 455 23 54 309 553 
Vertex 554 distance 15
0 397 350 16 13 424 625 554 
Vertex 555 distance 16
0 397 350 16 455 164 10 394 555 
Vertex 556 distance 12
0 375 609 556 
Vertex 557 distance 14
0 397 350 451 557 
Vertex 558 distance 17
0 397 297 611 56 462 558 
Vertex 559 distance 14
0 397 350 16 455 23 566 559 
Vertex 560 distance 16
0 375 609 91 157 560 
Vertex 561 distance 16
0 375 609 418 192 561 
Vertex 562 distance 10
0 232 562 
Vertex 563 distance 16
0 216 447 563 
Vertex 564 distance 17
0 397 350 377 72 304 564 
Vertex 565 distance 18
0 397 350 16 455 164 262 219 423 9 565 
Vertex 566 distance 13
0 397 350 16 455 23 566 
Vertex 567 distance 16
0 397 253 63 567 
Vertex 568 distance 18
0 397 350 16 455 23 478 361 55 568 
Vertex 569 distance 23
0 397 297 611 56 531 569 
Vertex 570 distance 14
0 397 350 16 13 351 570 
Vertex 571 distance 20
0 397 350 377 72 571 
Vertex 572 distance 12
0 216 572 
Vertex 573 distance 14
0 397 350 16 13 424 573 
Vertex 574 distance 10
0 216 291 574 
Vertex 575 distance 18
0 397 526 36 518 410 575 
Vertex 576 distance 16
0 397 350 16 455 23 576 
Vertex 577 distance 19
0 397 473 592 597 445 577 
Vertex 578 distance 18
0 397 381 314 105 578 
Vertex 579 distance 19
0 397 350 16 391 371 98 579 
Vertex 580 distance 18
0 375 609 418 580 
Vertex 581 distance 12
0 216 291 574 581 
Vertex 582 distance 12
0 397 473 261 582 
Vertex 583 distance 19
0 397 350 16 13 424 133 583 
Vertex 584 distance 16
0 397 350 16 455 164 262 484 584 
Vertex 585 distance 15
0 397 350 16 455 180 585 
Vertex 586 distance 15
0 397 350 16 127 542 586 
Vertex 587 distance 19
0 397 253 63 204 587 
Vertex 588 distance 15
0 397 350 16 455 180 588 
Vertex 589 distance 18
0 375 609 418 589 
Vertex 590 distance 18
0 397 350 16 455 342 6 590 
Vertex 591 distance 16
0 397 350 16 455 23 54 529 416 591 
Vertex 592 distance 8
0 397 473 592 
Vertex 593 distance 17
0 397 381 593 
Vertex 594 distance 8
0 594 
Vertex 595 distance 19
0 375 609 91 511 595 
Vertex 596 distance 16
0 397 473 137 323 596 
Vertex 597 distance 16
0 397 473 592 597 
Vertex 598 distance 15
0 397 350 16 391 42 598 
Vertex 599 distance 16
0 397 350 16 455 599 
Vertex 600 distance 18
0 397 253 487 600 
Vertex 601 distance 17
0 397 350 16 199 601 
Vertex 602 distance 22
0 397 350 16 127 359 305 170 602 
Vertex 603 distance 15
0 397 473 32 188 603 
Vertex 604 distance 16
0 375 637 41 604 
Vertex 605 distance 14
0 216 291 574 581 605 
Vertex 606 distance 20
0 216 287 620 606 
Vertex 607 distance 20
0 216 291 574 135 607 
Vertex 608 distance 17
0 397 350 16 455 164 262 460 608 
Vertex 609 distance 5
0 375 609 
Vertex 610 distance 22
0 397 381 622 610 
Vertex 611 distance 11
0 397 297 611 
Vertex 612 distance 13
0 624 195 612 
Vertex 613 distance 16
0 397 350 16 455 23 54 221 613 
Vertex 614 distance 19
0 216 287 620 345 614 
Vertex 615 distance 14
0 397 350 16 455 164 10 394 615 
Vertex 616 distance 12
0 397 350 16 455 164 616 
Vertex 617 distance 16
0 397 350 16 370 636 480 440 617 
Vertex 618 distance 15
0 397 350 16 13 351 570 618 
Vertex 619 distance 16
0 624 248 619 
Vertex 620 distance 14
0 216 287 620 
Vertex 621 distance 18
0 397 350 16 13 430 457 621 
Vertex 622 distance 16
0 397 381 622 
Vertex 623 distance 14
0 397 350 16 455 164 262 219 517 623 
Vertex 624 distance 8
0 624 
Vertex 625 distance 12
0 397 350 16 13 424 625 
Vertex 626 distance 17
0 397 350 16 455 164 226 1 131 626 
Vertex 627 distance 18
0 397 527 627 
Vertex 628 distance 19
0 397 253 487 333 479 628 
Vertex 629 distance 21
0 232 535 629 
Vertex 630 distance 12
0 397 350 16 455 164 10 630 
Vertex 631 distance 18
0 397 350 16 455 23 54 529 416 631 
Vertex 632 distance 14
0 397 350 377 632 
Vertex 633 distance 14
0 397 473 633 
Vertex 634 distance 18
0 397 350 16 455 236 634 
Vertex 635 distance 21
0 375 609 418 192 327 635 
Vertex 636 distance 13
0 397 350 16 370 636 
Vertex 637 distance 7
0 375 637 
Vertex 638 distance 15
0 397 265 286 638 
Vertex 639 distance 18
0 276 639 
