Vertex 0 distance 0
0 0 
Vertex 1 distance 42
0 561 334 110 485 1 
Vertex 2 distance 45
0 376 225 459 81 2 
Vertex 3 distance 47
0 376 625 242 463 562 253 564 3 
Vertex 4 distance 41
0 376 225 490 185 588 4 
Vertex 5 distance 34
0 376 625 242 380 5 
Vertex 6 distance 31
0 376 225 490 6 
Vertex 7 distance 43
0 376 225 490 116 488 292 164 276 163 130 7 
Vertex 8 distance 39
0 376 625 256 194 592 275 8 
Vertex 9 distance 42
0 376 225 490 623 118 449 9 
Vertex 10 distance 35
0 376 225 388 10 
Vertex 11 distance 45
0 376 225 490 116 488 292 164 276 315 11 
Vertex 12 distance 49
0 376 625 256 194 60 344 12 
Vertex 13 distance 45
0 561 334 110 13 
Vertex 14 distance 39
0 376 225 201 14 
Vertex 15 distance 22
0 376 625 242 463 15 
Vertex 16 distance 37
0 376 225 490 371 16 
Vertex 17 distance 41
0 376 225 490 116 591 17 
Vertex 18 distance 27
0 376 625 256 108 18 
Vertex 19 distance 44
0 376 301 446 296 437 19 
Vertex 20 distance 32
0 376 625 242 550 332 20 
Vertex 21 distance 32
0 376 225 459 125 144 211 246 21 
Vertex 22 distance 35
0 376 301 57 205 271 22 
Vertex 23 distance 46
0 376 619 171 23 
Vertex 24 distance 40
0 376 625 256 382 239 24 
Vertex 25 distance 42
0 376 625 568 183 25 
Vertex 26 distance 34
0 376 225 490 150 98 26 
Vertex 27 distance 41
0 376 225 490 116 488 292 164 276 315 27 
Vertex 28 distance 30
0 376 625 242 400 28 
Vertex 29 distance 27
0 376 625 242 463 15 29 
Vertex 30 distance 33
0 376 225 459 125 30 
Vertex 31 distance 41
0 376 625 242 463 412 31 
Vertex 32 distance 45
0 376 225 459 125 30 40 32 
Vertex 33 distance 44
0 376 301 57 205 33 
Vertex 34 distance 35
0 376 625 242 400 84 34 
Vertex 35 distance 35
0 376 625 256 108 18 565 35 
Vertex 36 distance 33
0 561 334 110 36 
Vertex 37 distance 45
0 376 225 490 535 127 37 
Vertex 38 distance 22
0 376 619 38 
Vertex 39 distance 26
0 376 625 568 183 39 
Vertex 40 distance 35
0 376 225 459 125 30 40 
Vertex 41 distance 44
0 376 225 490 150 98 26 175 186 41 
Vertex 42 distance 43
0 376 625 256 194 395 42 
Vertex 43 distance 38
0 376 301 189 112 43 
Vertex 44 distance 41
0 376 619 169 583 299 615 44 
Vertex 45 distance 38
0 376 225 459 125 569 278 45 
Vertex 46 distance 35
0 376 625 256 108 18 249 46 
Vertex 47 distance 33
0 376 225 459 125 68 635 47 
Vertex 48 distance 29
0 376 625 568 183 471 123 48 
Vertex 49 distance 38
0 376 225 610 363 372 142 49 
Vertex 50 distance 35
0 376 504 129 244 499 50 
Vertex 51 distance 35
0 376 225 388 51 
Vertex 52 distance 42
0 376 504 52 
Vertex 53 distance 37
0 376 225 459 125 144 211 53 
Vertex 54 distance 36
0 376 625 242 463 562 476 97 302 54 
Vertex 55 distance 35
0 376 225 490 616 55 
Vertex 56 distance 35
0 376 625 256 194 56 
Vertex 57 distance 27
0 376 301 57 
Vertex 58 distance 38
0 376 225 459 125 569 441 58 
Vertex 59 distance 46
0 376 225 490 116 488 292 164 276 163 130 220 59 
Vertex 60 distance 30
0 376 625 256 194 60 
Vertex 61 distance 42
0 376 192 61 
Vertex 62 distance 35
0 376 619 169 583 62 
Vertex 63 distance 43
0 376 225 490 371 16 63 
Vertex 64 distance 39
0 376 625 242 400 64 
Vertex 65 distance 35
0 376 225 490 623 324 402 333 65 
Vertex 66 distance 38
0 376 625 242 380 190 66 
Vertex 67 distance 34
0 376 225 459 125 68 635 47 67 
Vertex 68 distance 29
0 376 225 459 125 68 
Vertex 69 distance 48
0 376 301 446 69 
Vertex 70 distance 43
0 376 225 459 125 68 635 309 70 
Vertex 71 distance 45
0 376 625 568 183 471 123 48 329 288 71 
Vertex 72 distance 40
0 376 625 256 194 60 177 93 72 
Vertex 73 distance 53
0 376 225 459 125 144 211 246 21 237 73 
Vertex 74 distance 56
0 376 625 256 194 60 177 93 72 74 
Vertex 75 distance 38
0 376 225 490 116 488 292 164 276 315 75 
Vertex 76 distance 46
0 376 625 568 183 471 123 48 329 288 71 76 
Vertex 77 distance 59
0 376 301 453 77 
Vertex 78 distance 43
0 376 625 256 108 18 249 46 78 
Vertex 79 distance 39
0 376 625 256 457 413 79 
Vertex 80 distance 43
0 376 625 242 400 84 34 80 
Vertex 81 distance 24
0 376 225 459 81 
Vertex 82 distance 42
0 376 225 490 150 98 26 423 82 
Vertex 83 distance 42
0 376 225 459 81 300 231 83 
Vertex 84 distance 34
0 376 625 242 400 84 
Vertex 85 distance 42
0 376 625 256 194 60 177 93 85 
Vertex 86 distance 31
0 376 504 129 268 436 492 86 
Vertex 87 distance 40
0 376 625 256 382 408 87 
Vertex 88 distance 24
0 561 88 
Vertex 89 distance 37
0 376 225 459 81 300 231 89 
Vertex 90 distance 40
0 376 625 256 108 18 249 46 322 90 
Vertex 91 distance 45
0 376 625 256 194 592 567 158 91 
Vertex 92 distance 47
0 376 225 490 623 118 113 92 
Vertex 93 distance 35
0 376 625 256 194 60 177 93 
Vertex 94 distance 40
0 376 625 256 194 60 214 94 
Vertex 95 distance 47
0 561 88 172 95 
Vertex 96 distance 38
0 376 225 459 125 68 635 47 67 345 96 
Vertex 97 distance 30
0 376 625 242 463 562 476 97 
Vertex 98 distance 29
0 376 225 490 150 98 
Vertex 99 distance 42
0 376 625 242 550 134 99 
Vertex 100 distance 44
0 376 225 490 623 118 113 119 100 
Vertex 101 distance 32
0 376 625 242 463 562 476 97 101 
Vertex 102 distance 39
0 376 504 129 268 394 455 102 
Vertex 103 distance 53
0 376 625 242 463 562 253 564 3 103 
Vertex 104 distance 37
0 376 625 256 108 272 104 
Vertex 105 distance 45
0 376 625 242 380 466 219 263 105 
Vertex 106 distance 36
0 376 225 459 81 140 534 227 106 
Vertex 107 distance 37
0 376 225 459 125 569 107 
Vertex 108 distance 26
0 376 625 256 108 
Vertex 109 distance 49
0 376 225 490 150 98 26 423 82 109 
Vertex 110 distance 23
0 561 334 110 
Vertex 111 distance 37
0 376 625 568 183 471 123 48 329 111 
Vertex 112 distance 36
0 376 301 189 112 
Vertex 113 distance 33
0 376 225 490 623 118 113 
Vertex 114 distance 31
0 376 625 568 183 39 505 114 
Vertex 115 distance 41
0 376 301 57 115 
Vertex 116 distance 27
0 376 225 490 116 
Vertex 117 distance 33
0 376 504 341 266 117 
Vertex 118 distance 31
0 376 225 490 623 118 
Vertex 119 distance 37
0 376 225 490 623 118 113 119 
Vertex 120 distance 34
0 376 225 490 150 120 
Vertex 121 distance 30
0 376 225 459 125 144 456 121 
Vertex 122 distance 33
0 376 301 189 122 
Vertex 123 distance 28
0 376 625 568 183 471 123 
Vertex 124 distance 45
0 376 625 242 400 84 34 124 
Vertex 125 distance 22
0 376 225 459 125 
Vertex 126 distance 47
0 376 225 388 469 621 126 
Vertex 127 distance 41
0 376 225 490 535 127 
Vertex 128 distance 47
0 376 225 459 125 68 635 47 67 345 96 128 
Vertex 129 distance 19
0 376 504 129 
Vertex 130 distance 38
0 376 225 490 116 488 292 164 276 163 130 
Vertex 131 distance 40
0 376 625 242 463 562 476 97 302 131 
Vertex 132 distance 36
0 376 619 169 583 62 132 
Vertex 133 distance 41
0 376 625 568 183 133 
Vertex 134 distance 34
0 376 625 242 550 134 
Vertex 135 distance 29
0 376 301 438 135 
Vertex 136 distance 41
0 376 625 242 400 64 136 
Vertex 137 distance 30
0 376 625 256 108 137 
Vertex 138 distance 38
0 376 625 256 194 395 138 
Vertex 139 distance 35
0 376 625 568 183 471 123 48 139 
Vertex 140 distance 28
0 376 225 459 81 140 
Vertex 141 distance 35
0 376 225 459 81 300 141 
Vertex 142 distance 37
0 376 225 610 363 372 142 
Vertex 143 distance 33
0 376 225 490 390 143 
Vertex 144 distance 24
0 376 225 459 125 144 
Vertex 145 distance 34
0 376 625 242 463 562 145 
Vertex 146 distance 50
0 376 625 242 550 332 20 146 
Vertex 147 distance 34
0 376 625 242 463 562 476 97 101 147 
Vertex 148 distance 37
0 376 625 256 108 148 
Vertex 149 distance 54
0 376 225 490 362 149 
Vertex 150 distance 26
0 376 225 490 150 
Vertex 151 distance 45
0 376 225 490 371 624 502 151 
Vertex 152 distance 46
0 376 225 490 623 118 449 152 
Vertex 153 distance 45
0 376 301 189 122 283 153 
Vertex 154 distance 54
0 376 225 610 576 154 
Vertex 155 distance 29
0 561 155 
Vertex 156 distance 49
0 376 625 242 463 562 389 156 
Vertex 157 distance 41
0 376 225 490 616 55 157 
Vertex 158 distance 35
0 376 625 256 194 592 567 158 
Vertex 159 distance 42
0 376 225 490 150 159 
Vertex 160 distance 46
0 376 504 341 503 516 160 
Vertex 161 distance 44
0 376 504 129 268 161 
Vertex 162 distance 45
0 376 301 438 602 342 162 
Vertex 163 distance 34
0 376 225 490 116 488 292 164 276 163 
Vertex 164 distance 32
0 376 225 490 116 488 292 164 
Vertex 165 distance 48
0 376 301 446 467 165 
Vertex 166 distance 41
0 561 334 110 166 
Vertex 167 distance 40
0 561 334 167 
Vertex 168 distance 34
0 376 401 168 
Vertex 169 distance 21
0 376 619 169 
Vertex 170 distance 52
0 561 88 172 170 
Vertex 171 distance 23
0 376 619 171 
Vertex 172 distance 37
0 561 88 172 
Vertex 173 distance 59
0 376 625 568 183 39 505 114 197 173 
Vertex 174 distance 45
0 376 225 459 125 144 211 53 174 
Vertex 175 distance 41
0 376 225 490 150 98 26 175 
Vertex 176 distance 45
0 376 504 129 484 393 176 
Vertex 177 distance 34
0 376 625 256 194 60 177 
Vertex 178 distance 43
0 376 225 490 185 588 524 178 
Vertex 179 distance 43
0 376 225 490 150 98 26 547 179 
Vertex 180 distance 40
0 376 225 490 623 118 113 119 180 
Vertex 181 distance 38
0 376 225 490 590 558 470 181 
Vertex 182 distance 36
0 594 182 
Vertex 183 distance 24
0 376 625 568 183 
Vertex 184 distance 35
0 376 225 459 125 68 635 47 184 
Vertex 185 distance 22
0 376 225 490 185 
Vertex 186 distance 42
0 376 225 490 150 98 26 175 186 
Vertex 187 distance 41
0 376 225 388 187 
Vertex 188 distance 54
0 376 625 242 380 188 
Vertex 189 distance 26
0 376 301 189 
Vertex 190 distance 32
0 376 625 242 380 190 
Vertex 191 distance 42
0 376 625 242 380 367 191 
Vertex 192 distance 25
0 376 192 
Vertex 193 distance 59
0 376 225 459 125 68 635 47 511 546 193 
Vertex 194 distance 29
0 376 625 256 194 
Vertex 195 distance 34
0 376 225 459 125 144 456 121 195 
Vertex 196 distance 40
0 376 625 256 108 137 210 196 
Vertex 197 distance 43
0 376 625 568 183 39 505 114 197 
Vertex 198 distance 27
0 376 625 256 108 198 
Vertex 199 distance 38
0 376 301 446 296 199 
Vertex 200 distance 36
0 376 225 459 125 144 211 246 310 200 
Vertex 201 distance 35
0 376 225 201 
Vertex 202 distance 35
0 376 301 57 370 202 
Vertex 203 distance 58
0 376 301 438 602 342 203 
Vertex 204 distance 34
0 376 625 256 204 
Vertex 205 distance 28
0 376 301 57 205 
Vertex 206 distance 47
0 376 225 459 125 144 456 121 381 206 
Vertex 207 distance 35
0 376 225 490 590 558 470 207 
Vertex 208 distance 35
0 376 619 169 583 299 615 208 
Vertex 209 distance 38
0 376 625 256 194 395 460 611 209 
Vertex 210 distance 37
0 376 625 256 108 137 210 
Vertex 211 distance 25
0 376 225 459 125 144 211 
Vertex 212 distance 39
0 376 504 129 268 436 492 86 327 212 
Vertex 213 distance 39
0 376 504 341 503 516 213 
Vertex 214 distance 39
0 376 625 256 194 60 214 
Vertex 215 distance 41
0 376 225 610 626 620 215 
Vertex 216 distance 39
0 376 225 490 362 216 
Vertex 217 distance 42
0 376 625 568 183 471 508 482 217 
Vertex 218 distance 37
0 376 504 129 244 348 218 
Vertex 219 distance 40
0 376 625 242 380 466 219 
Vertex 220 distance 40
0 376 225 490 116 488 292 164 276 163 130 220 
Vertex 221 distance 33
0 376 301 438 221 
Vertex 222 distance 37
0 376 619 169 583 299 615 208 222 
Vertex 223 distance 35
0 376 625 568 183 471 123 48 329 429 223 
Vertex 224 distance 34
0 376 625 242 463 581 224 
Vertex 225 distance 16
0 376 225 
Vertex 226 distance 43
0 376 625 242 400 339 226 
Vertex 227 distance 35
0 376 225 459 81 140 534 227 
Vertex 228 distance 34
0 376 301 189 493 228 
Vertex 229 distance 23
0 376 625 256 229 
Vertex 230 distance 33
0 376 301 446 296 230 
Vertex 231 distance 35
0 376 225 459 81 300 231 
Vertex 232 distance 46
0 376 625 568 183 471 508 482 282 232 
Vertex 233 distance 37
0 376 625 242 550 332 233 
Vertex 234 distance 57
0 376 504 234 
Vertex 235 distance 48
0 561 88 172 95 235 
Vertex 236 distance 41
0 376 625 256 457 413 574 236 
Vertex 237 distance 37
0 376 225 459 125 144 211 246 21 237 
Vertex 238 distance 46
0 376 619 169 583 62 238 
Vertex 239 distance 39
0 376 625 256 382 239 
Vertex 240 distance 29
0 376 225 240 
Vertex 241 distance 42
0 376 225 490 116 488 292 164 276 315 27 241 
Vertex 242 distance 18
0 376 625 242 
Vertex 243 distance 37
0 376 625 256 194 56 243 
Vertex 244 distance 29
0 376 504 129 244 
Vertex 245 distance 39
0 376 619 169 583 62 132 245 
Vertex 246 distance 28
0 376 225 459 125 144 211 246 
Vertex 247 distance 43
0 376 225 490 623 324 247 
Vertex 248 distance 40
0 376 225 490 116 591 248 
Vertex 249 distance 34
0 376 625 256 108 18 249 
Vertex 250 distance 37
0 376 625 256 194 56 250 
Vertex 251 distance 45
0 376 625 568 183 471 123 48 329 288 251 
Vertex 252 distance 20
0 376 504 252 
Vertex 253 distance 35
0 376 625 242 463 562 253 
Vertex 254 distance 49
0 376 225 459 125 144 211 246 607 254 
Vertex 255 distance 42
0 376 625 242 463 15 29 255 
Vertex 256 distance 21
0 376 625 256 
Vertex 257 distance 43
0 376 225 459 125 30 257 
Vertex 258 distance 38
0 376 625 256 194 395 460 258 
Vertex 259 distance 39
0 259 
Vertex 260 distance 38
0 376 225 260 
Vertex 261 distance 31
0 376 625 242 550 261 
Vertex 262 distance 45
0 376 625 256 194 60 177 93 601 331 262 
Vertex 263 distance 42
0 376 625 242 380 466 219 263 
Vertex 264 distance 39
0 376 225 459 125 144 431 264 
Vertex 265 distance 44
0 376 225 459 125 144 456 121 195 265 
Vertex 266 distance 32
0 376 504 341 266 
Vertex 267 distance 45
0 376 625 256 194 60 177 267 
Vertex 268 distance 23
0 376 504 129 268 
Vertex 269 distance 41
0 376 225 490 623 447 269 
Vertex 270 distance 44
0 376 625 256 108 272 270 
Vertex 271 distance 30
0 376 301 57 205 271 
Vertex 272 distance 33
0 376 625 256 108 272 
Vertex 273 distance 49
0 376 225 459 81 140 273 
Vertex 274 distance 35
0 376 625 242 380 5 274 
Vertex 275 distance 34
0 376 625 256 194 592 275 
Vertex 276 distance 33
0 376 225 490 116 488 292 164 276 
Vertex 277 distance 34
0 376 625 242 463 562 476 277 
Vertex 278 distance 37
0 376 225 459 125 569 278 
Vertex 279 distance 39
0 376 625 256 108 18 249 279 
Vertex 280 distance 47
0 376 625 242 463 562 389 280 
Vertex 281 distance 42
0 376 504 129 361 281 
Vertex 282 distance 39
0 376 625 568 183 471 508 482 282 
Vertex 283 distance 36
0 376 301 189 122 283 
Vertex 284 distance 31
0 376 225 459 125 144 211 284 
Vertex 285 distance 41
0 376 625 242 463 562 476 97 302 54 285 
Vertex 286 distance 40
0 376 225 490 623 447 305 286 
Vertex 287 distance 44
0 376 625 242 463 562 145 287 
Vertex 288 distance 33
0 376 625 568 183 471 123 48 329 288 
Vertex 289 distance 40
0 376 625 256 194 60 289 
Vertex 290 distance 39
0 376 504 129 244 290 
Vertex 291 distance 31
0 376 301 438 291 
Vertex 292 distance 30
0 376 225 490 116 488 292 
Vertex 293 distance 45
0 376 225 459 125 144 456 293 
Vertex 294 distance 41
0 376 225 388 469 621 294 
Vertex 295 distance 39
0 376 504 129 484 295 
Vertex 296 distance 26
0 376 301 446 296 
Vertex 297 distance 47
0 376 625 242 400 84 34 297 
Vertex 298 distance 49
0 376 619 38 298 
Vertex 299 distance 33
0 376 619 169 583 299 
Vertex 300 distance 33
0 376 225 459 81 300 
Vertex 301 distance 18
0 376 301 
Vertex 302 distance 31
0 376 625 242 463 562 476 97 302 
Vertex 303 distance 40
0 594 182 303 
Vertex 304 distance 39
0 376 625 256 194 56 304 
Vertex 305 distance 37
0 376 225 490 623 447 305 
Vertex 306 distance 35
0 561 334 110 485 306 
Vertex 307 distance 34
0 376 625 242 463 581 307 
Vertex 308 distance 44
0 561 308 
Vertex 309 distance 31
0 376 225 459 125 68 635 309 
Vertex 310 distance 35
0 376 225 459 125 144 211 246 310 
Vertex 311 distance 40
0 376 504 341 503 311 
Vertex 312 distance 38
0 376 225 459 312 
Vertex 313 distance 55
0 376 225 490 116 488 292 164 276 315 27 241 313 
Vertex 314 distance 26
0 561 334 314 
Vertex 315 distance 35
0 376 225 490 116 488 292 164 276 315 
Vertex 316 distance 38
0 376 225 459 125 30 316 
Vertex 317 distance 49
0 376 619 171 326 317 
Vertex 318 distance 34
0 376 225 318 
Vertex 319 distance 47
0 376 619 171 326 319 
Vertex 320 distance 44
0 376 301 438 135 320 
Vertex 321 distance 42
0 376 225 490 116 488 292 164 276 163 321 
Vertex 322 distance 38
0 376 625 256 108 18 249 46 322 
Vertex 323 distance 39
0 376 225 490 116 488 292 164 276 163 323 
Vertex 324 distance 29
0 376 225 490 623 324 
Vertex 325 distance 35
0 376 225 490 623 324 402 333 325 
Vertex 326 distance 37
0 376 619 171 326 
Vertex 327 distance 37
0 376 504 129 268 436 492 86 327 
Vertex 328 distance 48
0 376 225 459 125 30 40 328 
Vertex 329 distance 31
0 376 625 568 183 471 123 48 329 
Vertex 330 distance 44
0 376 625 256 194 60 177 93 85 330 
Vertex 331 distance 40
0 376 625 256 194 60 177 93 601 331 
Vertex 332 distance 29
0 376 625 242 550 332 
Vertex 333 distance 34
0 376 225 490 623 324 402 333 
Vertex 334 distance 22
0 561 334 
Vertex 335 distance 47
0 259 335 
Vertex 336 distance 35
0 376 225 459 125 336 
Vertex 337 distance 35
0 376 504 341 458 337 
Vertex 338 distance 41
0 376 225 459 125 569 107 338 
Vertex 339 distance 32
0 376 625 242 400 339 
Vertex 340 distance 39
0 376 301 57 205 271 22 349 340 
Vertex 341 distance 25
0 376 504 341 
Vertex 342 distance 40
0 376 301 438 602 342 
Vertex 343 distance 36
0 376 504 129 268 436 353 480 343 
Vertex 344 distance 39
0 376 625 256 194 60 344 
Vertex 345 distance 36
0 376 225 459 125 68 635 47 67 345 
Vertex 346 distance 49
0 561 334 346 
Vertex 347 distance 48
0 376 625 256 108 18 249 46 354 347 
Vertex 348 distance 36
0 376 504 129 244 348 
Vertex 349 distance 37
0 376 301 57 205 271 22 349 
Vertex 350 distance 37
0 376 225 368 350 
Vertex 351 distance 41
0 376 625 568 183 471 508 531 351 
Vertex 352 distance 42
0 376 225 459 81 140 534 227 352 
Vertex 353 distance 33
0 376 504 129 268 436 353 
Vertex 354 distance 46
0 376 625 256 108 18 249 46 354 
Vertex 355 distance 42
0 376 504 129 268 394 355 
Vertex 356 distance 33
0 376 504 129 268 356 
Vertex 357 distance 40
0 376 225 459 125 144 431 357 
Vertex 358 distance 34
0 376 625 256 108 137 358 
Vertex 359 distance 41
0 376 301 438 602 555 359 
Vertex 360 distance 40
0 376 625 256 194 395 460 611 209 360 
Vertex 361 distance 35
0 376 504 129 361 
Vertex 362 distance 32
0 376 225 490 362 
Vertex 363 distance 30
0 376 225 610 363 
Vertex 364 distance 42
0 376 301 57 205 271 22 349 364 
Vertex 365 distance 37
0 376 504 341 503 365 
Vertex 366 distance 39
0 376 504 129 268 436 492 86 366 
Vertex 367 distance 41
0 376 625 242 380 367 
Vertex 368 distance 36
0 376 225 368 
Vertex 369 distance 38
0 376 225 490 150 98 543 369 
Vertex 370 distance 34
0 376 301 57 370 
Vertex 371 distance 22
0 376 225 490 371 
Vertex 372 distance 34
0 376 225 610 363 372 
Vertex 373 distance 43
0 376 504 129 268 356 373 
Vertex 374 distance 31
0 376 225 240 374 
Vertex 375 distance 41
0 376 625 568 183 39 505 375 
Vertex 376 distance 11
0 376 
Vertex 377 distance 42
0 376 225 490 390 377 
Vertex 378 distance 47
0 376 625 256 194 395 42 378 
Vertex 379 distance 39
0 376 225 459 125 144 211 246 310 200 379 
Vertex 380 distance 29
0 376 625 242 380 
Vertex 381 distance 41
0 376 225 459 125 144 456 121 381 
Vertex 382 distance 25
0 376 625 256 382 
Vertex 383 distance 42
0 376 625 256 194 592 567 383 
Vertex 384 distance 33
0 376 625 256 194 60 384 
Vertex 385 distance 38
0 376 625 256 194 592 275 385 
Vertex 386 distance 45
0 376 225 490 116 488 292 164 276 163 130 7 386 
Vertex 387 distance 37
0 376 619 169 583 62 132 387 
Vertex 388 distance 28
0 376 225 388 
Vertex 389 distance 40
0 376 625 242 463 562 389 
Vertex 390 distance 28
0 376 225 490 390 
Vertex 391 distance 39
0 561 391 
Vertex 392 distance 34
0 376 225 418 392 
Vertex 393 distance 39
0 376 504 129 484 393 
Vertex 394 distance 35
0 376 504 129 268 394 
Vertex 395 distance 32
0 376 625 256 194 395 
Vertex 396 distance 39
0 376 625 242 463 562 476 277 396 
Vertex 397 distance 43
0 376 625 568 183 471 508 482 282 397 
Vertex 398 distance 42
0 376 625 256 194 60 177 93 72 398 
Vertex 399 distance 50
0 376 225 459 81 140 534 399 
Vertex 400 distance 22
0 376 625 242 400 
Vertex 401 distance 30
0 376 401 
Vertex 402 distance 32
0 376 225 490 623 324 402 
Vertex 403 distance 38
0 376 192 403 
Vertex 404 distance 37
0 376 625 256 108 18 404 
Vertex 405 distance 38
0 376 301 57 370 202 405 
Vertex 406 distance 41
0 376 225 459 81 300 473 406 
Vertex 407 distance 39
0 376 504 129 268 495 407 
Vertex 408 distance 38
0 376 625 256 382 408 
Vertex 409 distance 41
0 376 504 341 503 365 409 
Vertex 410 distance 39
0 376 225 459 125 569 410 
Vertex 411 distance 46
0 376 225 459 125 68 635 47 67 345 411 
Vertex 412 distance 33
0 376 625 242 463 412 
Vertex 413 distance 33
0 376 625 256 457 413 
Vertex 414 distance 48
0 376 504 252 414 
Vertex 415 distance 38
0 376 625 256 194 60 177 93 601 415 
Vertex 416 distance 41
0 376 625 242 463 15 29 416 
Vertex 417 distance 42
0 376 619 169 583 62 132 245 417 
Vertex 418 distance 29
0 376 225 418 
Vertex 419 distance 43
0 561 334 110 485 604 419 
Vertex 420 distance 40
0 376 504 129 268 436 353 420 
Vertex 421 distance 25
0 376 504 129 421 
Vertex 422 distance 37
0 376 625 242 400 28 612 422 
Vertex 423 distance 39
0 376 225 490 150 98 26 423 
Vertex 424 distance 41
0 376 225 459 125 144 211 246 636 424 
Vertex 425 distance 38
0 376 225 490 535 425 
Vertex 426 distance 39
0 376 225 459 125 144 211 246 563 465 426 
Vertex 427 distance 37
0 376 225 610 363 372 427 
Vertex 428 distance 35
0 376 225 418 428 
Vertex 429 distance 34
0 376 625 568 183 471 123 48 329 429 
Vertex 430 distance 44
0 376 225 459 125 569 278 45 430 
Vertex 431 distance 38
0 376 225 459 125 144 431 
Vertex 432 distance 40
0 376 504 129 484 432 
Vertex 433 distance 38
0 376 619 171 326 433 
Vertex 434 distance 46
0 376 625 256 108 198 573 434 
Vertex 435 distance 45
0 376 625 256 194 592 275 385 435 
Vertex 436 distance 24
0 376 504 129 268 436 
Vertex 437 distance 41
0 376 301 446 296 437 
Vertex 438 distance 26
0 376 301 438 
Vertex 439 distance 56
0 376 225 459 125 144 456 121 439 
Vertex 440 distance 40
0 376 225 459 125 144 211 246 563 582 440 
Vertex 441 distance 33
0 376 225 459 125 569 441 
Vertex 442 distance 40
0 376 225 388 584 442 
Vertex 443 distance 53
0 376 301 189 112 613 443 
Vertex 444 distance 46
0 376 625 242 463 15 29 444 
Vertex 445 distance 42
0 594 182 445 
Vertex 446 distance 24
0 376 301 446 
Vertex 447 distance 33
0 376 225 490 623 447 
Vertex 448 distance 40
0 376 619 171 326 448 
Vertex 449 distance 35
0 376 225 490 623 118 449 
Vertex 450 distance 50
0 376 619 169 583 299 615 208 450 
Vertex 451 distance 36
0 376 301 57 205 451 
Vertex 452 distance 45
0 376 225 388 10 452 
Vertex 453 distance 34
0 376 301 453 
Vertex 454 distance 36
0 561 334 110 36 454 
Vertex 455 distance 36
0 376 504 129 268 394 455 
Vertex 456 distance 29
0 376 225 459 125 144 456 
Vertex 457 distance 32
0 376 625 256 457 
Vertex 458 distance 27
0 376 504 341 458 
Vertex 459 distance 21
0 376 225 459 
Vertex 460 distance 35
0 376 625 256 194 395 460 
Vertex 461 distance 39
0 376 225 490 185 588 461 
Vertex 462 distance 35
0 376 301 57 462 
Vertex 463 distance 21
0 376 625 242 463 
Vertex 464 distance 36
0 376 625 256 457 413 464 
Vertex 465 distance 37
0 376 225 459 125 144 211 246 563 465 
Vertex 466 distance 36
0 376 625 242 380 466 
Vertex 467 distance 37
0 376 301 446 467 
Vertex 468 distance 36
0 376 225 490 150 468 
Vertex 469 distance 31
0 376 225 388 469 
Vertex 470 distance 32
0 376 225 490 590 558 470 
Vertex 471 distance 26
0 376 625 568 183 471 
Vertex 472 distance 33
0 376 504 129 268 495 472 
Vertex 473 distance 36
0 376 225 459 81 300 473 
Vertex 474 distance 42
0 376 225 490 150 98 26 474 
Vertex 475 distance 43
0 376 225 490 616 55 157 475 
Vertex 476 distance 27
0 376 625 242 463 562 476 
Vertex 477 distance 36
0 376 625 256 108 272 477 
Vertex 478 distance 23
0 376 625 242 463 478 
Vertex 479 distance 41
0 376 301 57 205 271 22 349 340 487 479 
Vertex 480 distance 35
0 376 504 129 268 436 353 480 
Vertex 481 distance 40
0 376 619 38 481 
Vertex 482 distance 38
0 376 625 568 183 471 508 482 
Vertex 483 distance 40
0 376 225 490 390 483 
Vertex 484 distance 37
0 376 504 129 484 
Vertex 485 distance 32
0 561 334 110 485 
Vertex 486 distance 50
0 594 486 
Vertex 487 distance 40
0 376 301 57 205 271 22 349 340 487 
Vertex 488 distance 28
0 376 225 490 116 488 
Vertex 489 distance 42
0 376 625 568 183 39 489 
Vertex 490 distance 17
0 376 225 490 
Vertex 491 distance 35
0 594 491 
Vertex 492 distance 30
0 376 504 129 268 436 492 
Vertex 493 distance 31
0 376 301 189 493 
Vertex 494 distance 37
0 376 225 459 125 144 211 246 310 200 494 
Vertex 495 distance 32
0 376 504 129 268 495 
Vertex 496 distance 46
0 376 504 252 549 496 
Vertex 497 distance 41
0 376 625 256 108 18 497 
Vertex 498 distance 49
0 376 625 256 108 272 498 
Vertex 499 distance 34
0 376 504 129 244 499 
Vertex 500 distance 34
0 376 619 169 500 
Vertex 501 distance 31
0 561 501 
Vertex 502 distance 43
0 376 225 490 371 624 502 
Vertex 503 distance 34
0 376 504 341 503 
Vertex 504 distance 13
0 376 504 
Vertex 505 distance 30
0 376 625 568 183 39 505 
Vertex 506 distance 43
0 376 625 256 194 592 567 158 506 
Vertex 507 distance 50
0 376 625 242 550 261 507 
Vertex 508 distance 33
0 376 625 568 183 471 508 
Vertex 509 distance 40
0 376 225 459 81 300 231 89 509 
Vertex 510 distance 34
0 376 225 240 517 510 
Vertex 511 distance 42
0 376 225 459 125 68 635 47 511 
Vertex 512 distance 46
0 376 225 318 512 
Vertex 513 distance 42
0 376 225 490 116 488 513 
Vertex 514 distance 40
0 376 625 242 380 5 274 514 
Vertex 515 distance 40
0 376 225 490 150 515 
Vertex 516 distance 36
0 376 504 341 503 516 
Vertex 517 distance 31
0 376 225 240 517 
Vertex 518 distance 50
0 376 625 242 380 190 518 
Vertex 519 distance 41
0 376 225 529 519 
Vertex 520 distance 45
0 561 155 532 520 
Vertex 521 distance 47
0 376 625 568 183 39 505 114 521 
Vertex 522 distance 34
0 376 225 490 116 488 292 164 522 
Vertex 523 distance 40
0 376 225 240 517 523 
Vertex 524 distance 38
0 376 225 490 185 588 524 
Vertex 525 distance 44
0 376 625 256 108 18 249 46 322 525 
Vertex 526 distance 35
0 376 625 256 194 592 567 526 
Vertex 527 distance 38
0 376 625 256 457 527 
Vertex 528 distance 48
0 376 225 240 374 528 
Vertex 529 distance 35
0 376 225 529 
Vertex 530 distance 36
0 376 504 341 458 530 
Vertex 531 distance 37
0 376 625 568 183 471 508 531 
Vertex 532 distance 43
0 561 155 532 
Vertex 533 distance 51
0 376 625 242 463 15 537 533 
Vertex 534 distance 31
0 376 225 459 81 140 534 
Vertex 535 distance 26
0 376 225 490 535 
Vertex 536 distance 39
0 376 504 536 
Vertex 537 distance 40
0 376 625 242 463 15 537 
Vertex 538 distance 42
0 376 301 538 
Vertex 539 distance 39
0 594 491 539 
Vertex 540 distance 38
0 376 225 459 125 68 635 47 184 540 
Vertex 541 distance 41
0 376 301 541 
Vertex 542 distance 38
0 376 225 490 390 542 
Vertex 543 distance 35
0 376 225 490 150 98 543 
Vertex 544 distance 38
0 376 504 129 268 436 353 544 
Vertex 545 distance 43
0 376 225 459 125 569 278 45 545 
Vertex 546 distance 45
0 376 225 459 125 68 635 47 511 546 
Vertex 547 distance 42
0 376 225 490 150 98 26 547 
Vertex 548 distance 37
0 376 504 129 268 394 455 548 
Vertex 549 distance 36
0 376 504 252 549 
Vertex 550 distance 28
0 376 625 242 550 
Vertex 551 distance 46
0 376 225 490 623 324 551 
Vertex 552 distance 39
0 561 334 110 485 552 
Vertex 553 distance 40
0 376 301 553 
Vertex 554 distance 41
0 376 625 256 194 60 344 554 
Vertex 555 distance 39
0 376 301 438 602 555 
Vertex 556 distance 37
0 376 225 459 81 300 473 556 
Vertex 557 distance 43
0 376 625 256 108 148 557 
Vertex 558 distance 31
0 376 225 490 590 558 
Vertex 559 distance 32
0 376 625 242 400 28 559 
Vertex 560 distance 44
0 376 225 610 626 560 
Vertex 561 distance 18
0 561 
Vertex 562 distance 24
0 376 625 242 463 562 
Vertex 563 distance 33
0 376 225 459 125 144 211 246 563 
Vertex 564 distance 40
0 376 625 242 463 562 253 564 
Vertex 565 distance 34
0 376 625 256 108 18 565 
Vertex 566 distance 40
0 376 301 566 
Vertex 567 distance 33
0 376 625 256 194 592 567 
Vertex 568 distance 19
0 376 625 568 
Vertex 569 distance 32
0 376 225 459 125 569 
Vertex 570 distance 37
0 376 625 242 550 571 570 
Vertex 571 distance 33
0 376 625 242 550 571 
Vertex 572 distance 43
0 376 301 189 493 572 
Vertex 573 distance 40
0 376 625 256 108 198 573 
Vertex 574 distance 37
0 376 625 256 457 413 574 
Vertex 575 distance 51
0 376 625 256 194 592 275 385 575 
Vertex 576 distance 36
0 376 225 610 576 
Vertex 577 distance 38
0 376 225 490 623 324 402 333 325 577 
Vertex 578 distance 37
0 376 225 490 116 488 292 164 276 163 578 
Vertex 579 distance 37
0 376 301 57 370 202 579 
Vertex 580 distance 39
0 376 619 38 580 
Vertex 581 distance 32
0 376 625 242 463 581 
Vertex 582 distance 38
0 376 225 459 125 144 211 246 563 582 
Vertex 583 distance 30
0 376 619 169 583 
Vertex 584 distance 29
0 376 225 388 584 
Vertex 585 distance 42
0 376 225 459 81 300 231 89 585 
Vertex 586 distance 34
0 376 625 242 463 562 476 586 
Vertex 587 distance 50
0 376 225 388 587 
Vertex 588 distance 37
0 376 225 490 185 588 
Vertex 589 distance 36
0 376 625 568 183 471 123 48 329 429 223 589 
Vertex 590 distance 28
0 376 225 490 590 
Vertex 591 distance 34
0 376 225 490 116 591 
Vertex 592 distance 31
0 376 625 256 194 592 
Vertex 593 distance 31
0 376 625 568 183 39 505 593 
Vertex 594 distance 31
0 594 
Vertex 595 distance 42
0 376 625 242 463 412 31 595 
Vertex 596 distance 38
0 561 334 110 485 596 
Vertex 597 distance 51
0 376 625 256 108 18 597 
Vertex 598 distance 35
0 376 225 490 590 558 470 598 
Vertex 599 distance 36
0 376 619 599 
Vertex 600 distance 39
0 376 301 57 205 271 22 600 
Vertex 601 distance 36
0 376 625 256 194 60 177 93 601 
Vertex 602 distance 27
0 376 301 438 602 
Vertex 603 distance 41
0 376 225 490 590 558 470 207 603 
Vertex 604 distance 38
0 561 334 110 485 604 
Vertex 605 distance 42
0 376 625 242 550 134 605 
Vertex 606 distance 34
0 376 504 341 458 606 
Vertex 607 distance 36
0 376 225 459 125 144 211 246 607 
Vertex 608 distance 39
0 376 225 610 363 372 608 
Vertex 609 distance 37
0 376 619 169 583 299 615 208 609 
Vertex 610 distance 21
0 376 225 610 
Vertex 611 distance 37
0 376 625 256 194 395 460 611 
Vertex 612 distance 36
0 376 625 242 400 28 612 
Vertex 613 distance 39
0 376 301 189 112 613 
Vertex 614 distance 52
0 376 625 242 550 261 614 
Vertex 615 distance 34
0 376 619 169 583 299 615 
Vertex 616 distance 31
0 376 225 490 616 
Vertex 617 distance 36
0 376 504 129 268 617 
Vertex 618 distance 43
0 376 225 459 81 300 473 618 
Vertex 619 distance 18
0 376 619 
Vertex 620 distance 39
0 376 225 610 626 620 
Vertex 621 distance 34
0 376 225 388 469 621 
Vertex 622 distance 34
0 376 225 490 185 622 
Vertex 623 distance 23
0 376 225 490 623 
Vertex 624 distance 31
0 376 225 490 371 624 
Vertex 625 distance 17
0 376 625 
Vertex 626 distance 32
0 376 225 610 626 
Vertex 627 distance 47
0 376 225 490 616 55 157 627 
Vertex 628 distance 39
0 376 625 256 194 592 567 628 
Vertex 629 distance 39
0 376 625 242 380 629 
Vertex 630 distance 39
0 376 225 459 125 569 278 630 
Vertex 631 distance 45
0 376 301 189 493 228 631 
Vertex 632 distance 45
0 376 625 256 457 413 574 236 632 
Vertex 633 distance 30
0 376 225 459 125 144 211 633 
Vertex 634 distance 52
0 376 619 169 583 62 238 634 
Vertex 635 distance 30
0 376 225 459 125 68 635 
Vertex 636 distance 35
0 376 225 459 125 144 211 246 636 
Vertex 637 distance 39
0 376 225 490 590 637 
Vertex 638 distance 42
0 376 625 242 400 64 638 
Vertex 639 distance 41
0 376 225 459 125 569 278 45 639 
