Vertex 0 distance 0
0 0 
Vertex 1 distance 12
0 502 473 1 
Vertex 2 distance 12
0 469 142 64 2 
Vertex 3 distance 14
0 502 509 338 518 23 455 464 3 
Vertex 4 distance 11
0 502 509 338 251 4 
Vertex 5 distance 14
0 502 509 338 251 4 5 
Vertex 6 distance 11
0 502 509 192 300 542 6 
Vertex 7 distance 18
0 502 529 443 245 448 569 267 296 7 
Vertex 8 distance 15
0 469 8 
Vertex 9 distance 13
0 502 529 443 497 409 385 316 9 
Vertex 10 distance 13
0 502 509 338 251 122 10 
Vertex 11 distance 17
0 263 294 434 325 11 
Vertex 12 distance 13
0 502 509 621 12 
Vertex 13 distance 22
0 502 509 338 251 320 13 
Vertex 14 distance 16
0 502 529 443 52 55 14 
Vertex 15 distance 14
0 502 529 20 490 397 15 
Vertex 16 distance 14
0 502 473 16 
Vertex 17 distance 15
0 502 529 20 289 523 17 
Vertex 18 distance 11
0 502 509 338 518 154 130 18 
Vertex 19 distance 13
0 263 294 209 19 
Vertex 20 distance 9
0 502 529 20 
Vertex 21 distance 11
0 263 21 
Vertex 22 distance 12
0 502 22 
Vertex 23 distance 8
0 502 509 338 518 23 
Vertex 24 distance 16
0 502 90 24 
Vertex 25 distance 6
0 469 25 
Vertex 26 distance 12
0 502 438 26 
Vertex 27 distance 14
0 263 294 27 
Vertex 28 distance 12
0 502 509 338 518 23 140 190 596 28 
Vertex 29 distance 14
0 502 509 338 251 320 356 29 
Vertex 30 distance 15
0 502 509 53 495 185 549 534 30 
Vertex 31 distance 12
0 502 509 338 251 4 31 
Vertex 32 distance 17
0 502 509 338 518 154 193 561 80 96 32 
Vertex 33 distance 13
0 469 113 33 
Vertex 34 distance 15
0 502 529 20 289 523 155 34 
Vertex 35 distance 14
0 502 509 338 518 154 193 561 92 109 35 
Vertex 36 distance 20
0 469 8 36 
Vertex 37 distance 13
0 502 509 338 251 410 175 37 
Vertex 38 distance 13
0 502 529 443 245 369 38 
Vertex 39 distance 17
0 502 509 536 39 
Vertex 40 distance 13
0 502 509 338 518 154 130 265 40 
Vertex 41 distance 11
0 502 509 338 518 154 41 
Vertex 42 distance 11
0 502 509 338 518 154 193 561 42 
Vertex 43 distance 11
0 469 25 139 43 
Vertex 44 distance 11
0 502 529 443 497 409 132 44 
Vertex 45 distance 12
0 469 25 139 198 45 
Vertex 46 distance 11
0 46 
Vertex 47 distance 15
0 502 473 359 332 47 
Vertex 48 distance 13
0 469 25 139 43 48 
Vertex 49 distance 15
0 502 509 192 413 49 
Vertex 50 distance 18
0 502 509 338 518 23 140 190 596 50 
Vertex 51 distance 13
0 502 509 338 514 51 
Vertex 52 distance 8
0 502 529 443 52 
Vertex 53 distance 9
0 502 509 53 
Vertex 54 distance 10
0 263 294 54 
Vertex 55 distance 13
0 502 529 443 52 55 
Vertex 56 distance 14
0 502 509 621 364 56 
Vertex 57 distance 14
0 502 509 338 518 23 140 190 559 57 
Vertex 58 distance 13
0 502 203 492 58 
Vertex 59 distance 15
0 502 509 338 518 23 455 59 
Vertex 60 distance 10
0 502 509 338 514 60 
Vertex 61 distance 20
0 502 509 192 61 
Vertex 62 distance 12
0 502 509 338 447 62 
Vertex 63 distance 14
0 469 107 63 
Vertex 64 distance 10
0 469 142 64 
Vertex 65 distance 14
0 502 509 192 498 65 
Vertex 66 distance 9
0 469 66 
Vertex 67 distance 20
0 502 509 338 251 122 146 67 
Vertex 68 distance 21
0 502 473 199 357 344 68 
Vertex 69 distance 17
0 502 22 69 
Vertex 70 distance 14
0 502 509 338 518 330 70 
Vertex 71 distance 15
0 502 509 53 495 71 
Vertex 72 distance 13
0 502 509 338 518 154 130 284 72 
Vertex 73 distance 14
0 469 452 73 
Vertex 74 distance 12
0 502 203 384 74 
Vertex 75 distance 10
0 502 509 338 514 164 75 
Vertex 76 distance 15
0 502 473 199 576 76 
Vertex 77 distance 16
0 263 294 54 77 
Vertex 78 distance 12
0 502 529 20 289 78 
Vertex 79 distance 15
0 502 529 443 52 124 79 
Vertex 80 distance 11
0 502 509 338 518 154 193 561 80 
Vertex 81 distance 18
0 502 509 192 300 542 6 169 408 81 
Vertex 82 distance 16
0 502 509 338 518 330 82 
Vertex 83 distance 14
0 502 509 338 251 122 83 
Vertex 84 distance 14
0 502 509 338 447 376 84 
Vertex 85 distance 16
0 263 432 85 
Vertex 86 distance 15
0 502 509 86 
Vertex 87 distance 18
0 502 509 338 251 320 356 87 
Vertex 88 distance 12
0 502 529 443 497 409 353 486 88 
Vertex 89 distance 15
0 469 25 139 500 89 
Vertex 90 distance 12
0 502 90 
Vertex 91 distance 10
0 502 473 91 
Vertex 92 distance 11
0 502 509 338 518 154 193 561 92 
Vertex 93 distance 11
0 502 509 338 518 154 193 561 93 
Vertex 94 distance 15
0 502 509 338 528 94 
Vertex 95 distance 15
0 502 473 199 576 295 95 
Vertex 96 distance 14
0 502 509 338 518 154 193 561 80 96 
Vertex 97 distance 16
0 469 25 97 
Vertex 98 distance 13
0 502 529 20 490 397 98 
Vertex 99 distance 13
0 502 473 91 99 
Vertex 100 distance 20
0 502 509 338 518 154 193 131 100 
Vertex 101 distance 14
0 502 509 338 518 375 556 101 
Vertex 102 distance 11
0 502 509 338 251 320 102 
Vertex 103 distance 14
0 502 509 338 518 23 455 400 272 103 
Vertex 104 distance 13
0 502 509 621 104 
Vertex 105 distance 14
0 502 509 338 518 154 130 265 40 105 
Vertex 106 distance 11
0 502 473 106 
Vertex 107 distance 10
0 469 107 
Vertex 108 distance 17
0 502 529 435 108 
Vertex 109 distance 12
0 502 509 338 518 154 193 561 92 109 
Vertex 110 distance 15
0 263 294 434 585 110 
Vertex 111 distance 9
0 502 509 338 518 154 111 
Vertex 112 distance 15
0 502 509 338 447 112 
Vertex 113 distance 12
0 469 113 
Vertex 114 distance 15
0 502 529 443 446 114 
Vertex 115 distance 7
0 469 25 115 
Vertex 116 distance 14
0 133 601 275 116 
Vertex 117 distance 16
0 502 203 152 117 
Vertex 118 distance 14
0 502 473 118 
Vertex 119 distance 11
0 133 538 119 
Vertex 120 distance 15
0 133 120 
Vertex 121 distance 17
0 502 509 338 518 23 121 
Vertex 122 distance 10
0 502 509 338 251 122 
Vertex 123 distance 13
0 502 509 338 362 383 123 
Vertex 124 distance 12
0 502 529 443 52 124 
Vertex 125 distance 15
0 263 575 125 
Vertex 126 distance 14
0 263 294 209 19 126 
Vertex 127 distance 19
0 502 529 443 497 409 353 486 127 
Vertex 128 distance 16
0 502 529 443 52 124 79 128 
Vertex 129 distance 13
0 469 381 226 129 
Vertex 130 distance 9
0 502 509 338 518 154 130 
Vertex 131 distance 14
0 502 509 338 518 154 193 131 
Vertex 132 distance 10
0 502 529 443 497 409 132 
Vertex 133 distance 6
0 133 
Vertex 134 distance 17
0 502 473 118 134 
Vertex 135 distance 14
0 502 509 53 304 135 
Vertex 136 distance 15
0 502 529 443 497 409 132 44 136 
Vertex 137 distance 16
0 502 529 443 245 448 456 615 137 
Vertex 138 distance 16
0 502 509 338 447 141 512 138 
Vertex 139 distance 9
0 469 25 139 
Vertex 140 distance 9
0 502 509 338 518 23 140 
Vertex 141 distance 10
0 502 509 338 447 141 
Vertex 142 distance 9
0 469 142 
Vertex 143 distance 11
0 502 509 338 143 
Vertex 144 distance 18
0 502 509 338 518 154 193 561 242 348 144 
Vertex 145 distance 13
0 133 280 145 
Vertex 146 distance 12
0 502 509 338 251 122 146 
Vertex 147 distance 14
0 502 509 338 582 147 
Vertex 148 distance 16
0 502 509 338 518 154 111 167 148 
Vertex 149 distance 13
0 502 473 91 149 
Vertex 150 distance 15
0 469 452 150 
Vertex 151 distance 14
0 502 509 338 518 154 193 278 151 
Vertex 152 distance 13
0 502 203 152 
Vertex 153 distance 13
0 502 509 338 362 383 153 
Vertex 154 distance 8
0 502 509 338 518 154 
Vertex 155 distance 13
0 502 529 20 289 523 155 
Vertex 156 distance 20
0 469 142 173 156 
Vertex 157 distance 10
0 502 203 157 
Vertex 158 distance 14
0 502 509 338 518 236 158 
Vertex 159 distance 15
0 502 473 91 406 159 
Vertex 160 distance 18
0 502 22 160 
Vertex 161 distance 14
0 502 509 338 251 410 161 
Vertex 162 distance 10
0 469 25 162 
Vertex 163 distance 13
0 133 601 163 
Vertex 164 distance 9
0 502 509 338 514 164 
Vertex 165 distance 14
0 502 509 338 518 23 455 464 165 
Vertex 166 distance 13
0 502 509 192 347 166 
Vertex 167 distance 11
0 502 509 338 518 154 111 167 
Vertex 168 distance 15
0 502 509 338 251 4 168 
Vertex 169 distance 15
0 502 509 192 300 542 6 169 
Vertex 170 distance 11
0 502 509 53 180 170 
Vertex 171 distance 13
0 502 529 443 497 409 353 486 88 171 
Vertex 172 distance 14
0 502 509 338 518 330 172 
Vertex 173 distance 13
0 469 142 173 
Vertex 174 distance 16
0 502 216 334 174 
Vertex 175 distance 12
0 502 509 338 251 410 175 
Vertex 176 distance 15
0 502 509 338 518 154 193 176 
Vertex 177 distance 15
0 502 473 91 99 177 
Vertex 178 distance 14
0 502 509 338 251 178 
Vertex 179 distance 13
0 502 509 338 251 122 179 
Vertex 180 distance 10
0 502 509 53 180 
Vertex 181 distance 17
0 502 473 359 332 181 
Vertex 182 distance 15
0 502 529 443 497 609 182 
Vertex 183 distance 15
0 502 509 338 362 383 183 
Vertex 184 distance 13
0 502 509 338 518 154 130 184 
Vertex 185 distance 11
0 502 509 53 495 185 
Vertex 186 distance 13
0 502 509 338 518 23 140 190 596 230 186 
Vertex 187 distance 14
0 502 509 338 518 426 187 
Vertex 188 distance 13
0 263 575 188 
Vertex 189 distance 14
0 502 529 443 497 409 353 486 189 
Vertex 190 distance 10
0 502 509 338 518 23 140 190 
Vertex 191 distance 15
0 502 509 338 514 164 75 191 
Vertex 192 distance 6
0 502 509 192 
Vertex 193 distance 9
0 502 509 338 518 154 193 
Vertex 194 distance 24
0 502 473 359 332 194 
Vertex 195 distance 15
0 469 25 162 633 387 195 
Vertex 196 distance 12
0 502 509 338 514 164 196 
Vertex 197 distance 13
0 502 529 20 289 78 197 
Vertex 198 distance 10
0 469 25 139 198 
Vertex 199 distance 9
0 502 473 199 
Vertex 200 distance 15
0 502 529 443 245 448 456 200 
Vertex 201 distance 17
0 502 509 338 251 320 201 
Vertex 202 distance 16
0 469 142 173 202 
Vertex 203 distance 7
0 502 203 
Vertex 204 distance 13
0 502 529 443 497 266 204 
Vertex 205 distance 12
0 502 509 621 364 205 
Vertex 206 distance 13
0 502 509 338 447 62 206 
Vertex 207 distance 12
0 502 203 384 207 
Vertex 208 distance 11
0 502 529 443 497 409 385 208 
Vertex 209 distance 11
0 263 294 209 
Vertex 210 distance 17
0 502 203 384 207 210 
Vertex 211 distance 13
0 502 509 338 518 154 193 561 42 211 
Vertex 212 distance 16
0 469 212 
Vertex 213 distance 12
0 502 509 338 251 122 213 
Vertex 214 distance 15
0 502 509 338 518 154 130 265 494 214 
Vertex 215 distance 14
0 502 529 20 490 215 
Vertex 216 distance 9
0 502 216 
Vertex 217 distance 18
0 502 529 20 490 397 98 600 217 
Vertex 218 distance 18
0 502 509 338 251 320 356 29 218 
Vertex 219 distance 10
0 133 538 219 
Vertex 220 distance 15
0 502 509 192 300 542 6 220 
Vertex 221 distance 12
0 502 509 338 514 221 
Vertex 222 distance 18
0 502 473 91 99 520 222 
Vertex 223 distance 16
0 263 294 27 223 
Vertex 224 distance 14
0 502 509 338 518 154 224 
Vertex 225 distance 15
0 502 509 338 447 62 206 225 
Vertex 226 distance 11
0 469 381 226 
Vertex 227 distance 16
0 469 142 64 227 
Vertex 228 distance 13
0 502 473 228 
Vertex 229 distance 18
0 502 509 338 518 154 193 561 92 109 336 229 
Vertex 230 distance 12
0 502 509 338 518 23 140 190 596 230 
Vertex 231 distance 15
0 133 232 231 
Vertex 232 distance 13
0 133 232 
Vertex 233 distance 17
0 502 473 91 99 311 233 
Vertex 234 distance 12
0 502 509 338 251 410 234 
Vertex 235 distance 12
0 502 216 565 235 
Vertex 236 distance 11
0 502 509 338 518 236 
Vertex 237 distance 12
0 263 21 237 
Vertex 238 distance 15
0 469 107 238 
Vertex 239 distance 16
0 502 473 228 239 
Vertex 240 distance 13
0 502 509 338 251 4 617 240 
Vertex 241 distance 15
0 502 509 621 364 205 241 
Vertex 242 distance 11
0 502 509 338 518 154 193 561 242 
Vertex 243 distance 12
0 502 509 192 243 
Vertex 244 distance 15
0 502 216 244 
Vertex 245 distance 7
0 502 529 443 245 
Vertex 246 distance 10
0 502 509 192 300 246 
Vertex 247 distance 20
0 502 509 338 518 154 193 561 242 326 247 
Vertex 248 distance 14
0 502 509 192 243 248 
Vertex 249 distance 16
0 502 509 338 518 154 193 561 42 211 249 
Vertex 250 distance 13
0 502 509 338 518 154 193 561 93 250 
Vertex 251 distance 8
0 502 509 338 251 
Vertex 252 distance 17
0 502 509 338 518 154 130 265 40 105 252 
Vertex 253 distance 13
0 502 509 338 362 383 253 
Vertex 254 distance 14
0 502 509 338 518 154 193 561 80 254 
Vertex 255 distance 13
0 502 529 20 490 342 255 
Vertex 256 distance 16
0 502 473 256 
Vertex 257 distance 16
0 502 509 53 304 257 
Vertex 258 distance 15
0 133 232 258 
Vertex 259 distance 15
0 502 509 338 251 122 146 259 
Vertex 260 distance 12
0 502 529 443 614 260 
Vertex 261 distance 15
0 502 529 443 446 508 261 
Vertex 262 distance 13
0 133 262 
Vertex 263 distance 7
0 263 
Vertex 264 distance 12
0 502 509 338 518 154 130 284 264 
Vertex 265 distance 10
0 502 509 338 518 154 130 265 
Vertex 266 distance 12
0 502 529 443 497 266 
Vertex 267 distance 13
0 502 529 443 245 448 569 267 
Vertex 268 distance 16
0 502 473 359 332 564 268 
Vertex 269 distance 12
0 502 509 338 518 154 41 269 
Vertex 270 distance 14
0 502 509 338 518 154 193 561 270 
Vertex 271 distance 14
0 46 361 271 
Vertex 272 distance 13
0 502 509 338 518 23 455 400 272 
Vertex 273 distance 19
0 502 90 351 624 273 
Vertex 274 distance 14
0 502 529 443 245 448 274 
Vertex 275 distance 12
0 133 601 275 
Vertex 276 distance 14
0 502 529 443 245 448 276 
Vertex 277 distance 15
0 502 529 443 245 369 631 277 
Vertex 278 distance 11
0 502 509 338 518 154 193 278 
Vertex 279 distance 11
0 133 601 279 
Vertex 280 distance 9
0 133 280 
Vertex 281 distance 15
0 502 509 338 518 23 140 190 281 
Vertex 282 distance 13
0 502 529 443 497 409 385 395 282 
Vertex 283 distance 12
0 502 509 338 514 164 283 
Vertex 284 distance 10
0 502 509 338 518 154 130 284 
Vertex 285 distance 16
0 469 25 139 198 285 
Vertex 286 distance 14
0 46 286 
Vertex 287 distance 14
0 133 601 279 287 
Vertex 288 distance 13
0 263 294 434 325 288 
Vertex 289 distance 11
0 502 529 20 289 
Vertex 290 distance 16
0 263 294 434 290 
Vertex 291 distance 18
0 502 509 338 514 164 75 524 291 
Vertex 292 distance 16
0 469 107 63 292 
Vertex 293 distance 15
0 502 203 492 535 293 
Vertex 294 distance 9
0 263 294 
Vertex 295 distance 14
0 502 473 199 576 295 
Vertex 296 distance 16
0 502 529 443 245 448 569 267 296 
Vertex 297 distance 13
0 502 509 338 251 320 102 308 297 
Vertex 298 distance 15
0 502 509 338 514 164 75 499 298 
Vertex 299 distance 12
0 263 575 299 
Vertex 300 distance 8
0 502 509 192 300 
Vertex 301 distance 13
0 502 529 20 301 
Vertex 302 distance 17
0 502 216 589 302 
Vertex 303 distance 17
0 502 509 621 411 454 303 
Vertex 304 distance 11
0 502 509 53 304 
Vertex 305 distance 14
0 502 509 338 582 305 
Vertex 306 distance 14
0 502 509 338 447 62 306 
Vertex 307 distance 14
0 502 509 338 518 375 377 307 
Vertex 308 distance 12
0 502 509 338 251 320 102 308 
Vertex 309 distance 14
0 502 529 443 309 
Vertex 310 distance 15
0 502 529 443 388 405 310 
Vertex 311 distance 15
0 502 473 91 99 311 
Vertex 312 distance 16
0 502 529 20 289 312 
Vertex 313 distance 17
0 263 575 363 313 
Vertex 314 distance 13
0 502 509 338 518 154 193 561 92 314 
Vertex 315 distance 11
0 502 509 338 518 23 140 190 315 
Vertex 316 distance 12
0 502 529 443 497 409 385 316 
Vertex 317 distance 19
0 502 509 192 347 317 
Vertex 318 distance 16
0 502 473 91 484 503 318 
Vertex 319 distance 11
0 469 142 319 
Vertex 320 distance 10
0 502 509 338 251 320 
Vertex 321 distance 18
0 502 22 69 321 
Vertex 322 distance 14
0 502 509 192 632 322 
Vertex 323 distance 12
0 502 509 338 143 323 
Vertex 324 distance 14
0 502 509 192 632 562 324 
Vertex 325 distance 12
0 263 294 434 325 
Vertex 326 distance 14
0 502 509 338 518 154 193 561 242 326 
Vertex 327 distance 17
0 502 529 443 446 493 327 
Vertex 328 distance 12
0 502 509 338 447 328 
Vertex 329 distance 13
0 502 473 359 546 329 
Vertex 330 distance 11
0 502 509 338 518 330 
Vertex 331 distance 20
0 502 509 192 498 331 
Vertex 332 distance 11
0 502 473 359 332 
Vertex 333 distance 13
0 502 509 338 518 154 193 561 92 333 
Vertex 334 distance 14
0 502 216 334 
Vertex 335 distance 14
0 502 509 338 514 164 75 499 335 
Vertex 336 distance 15
0 502 509 338 518 154 193 561 92 109 336 
Vertex 337 distance 13
0 502 509 192 498 337 
Vertex 338 distance 6
0 502 509 338 
Vertex 339 distance 14
0 339 
Vertex 340 distance 10
0 502 529 20 340 
Vertex 341 distance 19
0 502 509 338 518 154 193 561 92 109 336 341 
Vertex 342 distance 11
0 502 529 20 490 342 
Vertex 343 distance 13
0 502 509 338 514 164 75 463 343 
Vertex 344 distance 15
0 502 473 199 357 344 
Vertex 345 distance 14
0 502 509 338 518 437 345 
Vertex 346 distance 16
0 502 509 338 518 23 455 400 346 
Vertex 347 distance 9
0 502 509 192 347 
Vertex 348 distance 12
0 502 509 338 518 154 193 561 242 348 
Vertex 349 distance 15
0 502 509 192 243 248 349 
Vertex 350 distance 10
0 502 473 350 
Vertex 351 distance 13
0 502 90 351 
Vertex 352 distance 15
0 502 529 443 245 352 
Vertex 353 distance 10
0 502 529 443 497 409 353 
Vertex 354 distance 12
0 502 473 199 576 354 
Vertex 355 distance 19
0 502 473 199 357 355 
Vertex 356 distance 13
0 502 509 338 251 320 356 
Vertex 357 distance 11
0 502 473 199 357 
Vertex 358 distance 14
0 502 203 492 358 
Vertex 359 distance 10
0 502 473 359 
Vertex 360 distance 18
0 502 509 192 498 65 360 
Vertex 361 distance 13
0 46 361 
Vertex 362 distance 9
0 502 509 338 362 
Vertex 363 distance 14
0 263 575 363 
Vertex 364 distance 11
0 502 509 621 364 
Vertex 365 distance 14
0 502 509 53 365 
Vertex 366 distance 12
0 502 529 443 497 409 353 486 366 
Vertex 367 distance 13
0 502 529 443 245 367 
Vertex 368 distance 13
0 502 529 443 614 368 
Vertex 369 distance 12
0 502 529 443 245 369 
Vertex 370 distance 15
0 502 509 338 362 383 123 370 
Vertex 371 distance 7
0 469 371 
Vertex 372 distance 14
0 502 509 192 300 246 372 
Vertex 373 distance 12
0 502 473 359 373 
Vertex 374 distance 14
0 502 473 350 374 
Vertex 375 distance 9
0 502 509 338 518 375 
Vertex 376 distance 13
0 502 509 338 447 376 
Vertex 377 distance 11
0 502 509 338 518 375 377 
Vertex 378 distance 12
0 502 509 338 518 23 140 190 596 378 
Vertex 379 distance 17
0 502 509 338 518 23 140 190 596 379 
Vertex 380 distance 15
0 469 25 380 
Vertex 381 distance 10
0 469 381 
Vertex 382 distance 13
0 502 473 199 576 382 
Vertex 383 distance 11
0 502 509 338 362 383 
Vertex 384 distance 9
0 502 203 384 
Vertex 385 distance 9
0 502 529 443 497 409 385 
Vertex 386 distance 15
0 502 473 359 373 386 
Vertex 387 distance 13
0 469 25 162 633 387 
Vertex 388 distance 10
0 502 529 443 388 
Vertex 389 distance 16
0 469 25 162 607 389 
Vertex 390 distance 15
0 502 509 192 347 390 
Vertex 391 distance 13
0 502 529 20 490 397 391 
Vertex 392 distance 15
0 46 361 392 
Vertex 393 distance 12
0 502 438 393 
Vertex 394 distance 17
0 502 509 338 518 154 193 561 550 522 394 
Vertex 395 distance 11
0 502 529 443 497 409 385 395 
Vertex 396 distance 15
0 502 203 492 358 396 
Vertex 397 distance 11
0 502 529 20 490 397 
Vertex 398 distance 15
0 502 203 157 507 398 
Vertex 399 distance 17
0 502 509 338 251 4 168 399 
Vertex 400 distance 11
0 502 509 338 518 23 455 400 
Vertex 401 distance 17
0 502 529 443 497 409 385 395 626 401 
Vertex 402 distance 18
0 133 601 279 287 402 
Vertex 403 distance 15
0 502 529 443 497 609 403 
Vertex 404 distance 13
0 502 509 338 514 404 
Vertex 405 distance 12
0 502 529 443 388 405 
Vertex 406 distance 14
0 502 473 91 406 
Vertex 407 distance 15
0 46 286 407 
Vertex 408 distance 17
0 502 509 192 300 542 6 169 408 
Vertex 409 distance 8
0 502 529 443 497 409 
Vertex 410 distance 10
0 502 509 338 251 410 
Vertex 411 distance 11
0 502 509 621 411 
Vertex 412 distance 13
0 502 473 199 412 
Vertex 413 distance 13
0 502 509 192 413 
Vertex 414 distance 14
0 502 509 338 518 154 111 167 414 
Vertex 415 distance 15
0 502 529 443 497 409 353 486 88 171 415 
Vertex 416 distance 18
0 133 601 163 416 
Vertex 417 distance 15
0 502 529 443 245 448 274 417 
Vertex 418 distance 15
0 502 529 20 490 397 391 418 
Vertex 419 distance 14
0 469 25 139 500 419 
Vertex 420 distance 18
0 502 509 86 420 
Vertex 421 distance 13
0 263 294 434 585 421 
Vertex 422 distance 15
0 502 509 338 518 154 130 265 592 422 
Vertex 423 distance 13
0 502 509 192 300 423 
Vertex 424 distance 16
0 502 203 384 424 
Vertex 425 distance 18
0 502 509 338 447 141 512 425 
Vertex 426 distance 9
0 502 509 338 518 426 
Vertex 427 distance 17
0 502 509 338 518 154 193 561 42 211 249 427 
Vertex 428 distance 14
0 502 473 91 484 428 
Vertex 429 distance 16
0 502 216 244 429 
Vertex 430 distance 17
0 502 509 338 518 154 193 561 42 430 
Vertex 431 distance 15
0 469 113 33 431 
Vertex 432 distance 11
0 263 432 
Vertex 433 distance 15
0 502 473 228 433 
Vertex 434 distance 10
0 263 294 434 
Vertex 435 distance 15
0 502 529 435 
Vertex 436 distance 12
0 502 509 338 518 375 436 
Vertex 437 distance 13
0 502 509 338 518 437 
Vertex 438 distance 11
0 502 438 
Vertex 439 distance 14
0 502 529 443 497 409 385 395 626 439 
Vertex 440 distance 14
0 502 438 440 
Vertex 441 distance 16
0 263 294 434 325 288 515 441 
Vertex 442 distance 12
0 502 203 492 442 
Vertex 443 distance 6
0 502 529 443 
Vertex 444 distance 13
0 502 473 199 576 354 444 
Vertex 445 distance 16
0 502 509 338 362 383 445 
Vertex 446 distance 11
0 502 529 443 446 
Vertex 447 distance 8
0 502 509 338 447 
Vertex 448 distance 11
0 502 529 443 245 448 
Vertex 449 distance 17
0 502 509 338 447 141 449 
Vertex 450 distance 17
0 502 216 334 174 450 
Vertex 451 distance 17
0 502 509 338 597 451 
Vertex 452 distance 11
0 469 452 
Vertex 453 distance 15
0 502 509 621 453 
Vertex 454 distance 13
0 502 509 621 411 454 
Vertex 455 distance 9
0 502 509 338 518 23 455 
Vertex 456 distance 12
0 502 529 443 245 448 456 
Vertex 457 distance 14
0 469 66 457 
Vertex 458 distance 15
0 469 371 458 
Vertex 459 distance 12
0 502 509 338 518 375 377 459 
Vertex 460 distance 13
0 502 529 20 289 460 
Vertex 461 distance 17
0 502 509 621 104 461 
Vertex 462 distance 16
0 502 509 338 518 154 130 18 604 462 
Vertex 463 distance 12
0 502 509 338 514 164 75 463 
Vertex 464 distance 12
0 502 509 338 518 23 455 464 
Vertex 465 distance 14
0 502 509 338 518 154 130 265 465 
Vertex 466 distance 13
0 263 294 434 585 466 
Vertex 467 distance 17
0 502 529 20 490 397 391 467 
Vertex 468 distance 12
0 469 468 
Vertex 469 distance 3
0 469 
Vertex 470 distance 14
0 502 529 443 245 369 470 
Vertex 471 distance 23
0 502 473 359 332 471 
Vertex 472 distance 13
0 502 438 393 472 
Vertex 473 distance 7
0 502 473 
Vertex 474 distance 18
0 502 509 338 518 154 474 
Vertex 475 distance 15
0 502 203 157 507 475 
Vertex 476 distance 14
0 502 529 20 490 397 98 476 
Vertex 477 distance 16
0 502 509 338 518 154 532 477 
Vertex 478 distance 13
0 502 509 338 518 23 455 400 478 
Vertex 479 distance 15
0 502 529 443 497 409 385 395 479 
Vertex 480 distance 18
0 502 473 91 99 480 
Vertex 481 distance 12
0 469 381 226 481 
Vertex 482 distance 17
0 502 529 443 497 409 385 395 479 482 
Vertex 483 distance 17
0 502 509 338 447 141 512 483 
Vertex 484 distance 11
0 502 473 91 484 
Vertex 485 distance 19
0 502 509 338 251 178 485 
Vertex 486 distance 11
0 502 529 443 497 409 353 486 
Vertex 487 distance 12
0 502 509 338 251 4 487 
Vertex 488 distance 13
0 502 509 192 300 246 488 
Vertex 489 distance 13
0 469 452 489 
Vertex 490 distance 10
0 502 529 20 490 
Vertex 491 distance 12
0 502 529 443 497 409 385 208 491 
Vertex 492 distance 10
0 502 203 492 
Vertex 493 distance 14
0 502 529 443 446 493 
Vertex 494 distance 12
0 502 509 338 518 154 130 265 494 
Vertex 495 distance 10
0 502 509 53 495 
Vertex 496 distance 15
0 502 509 338 518 154 193 278 530 496 
Vertex 497 distance 7
0 502 529 443 497 
Vertex 498 distance 11
0 502 509 192 498 
Vertex 499 distance 12
0 502 509 338 514 164 75 499 
Vertex 500 distance 11
0 469 25 139 500 
Vertex 501 distance 11
0 469 142 501 
Vertex 502 distance 2
0 502 
Vertex 503 distance 13
0 502 473 91 484 503 
Vertex 504 distance 16
0 502 509 338 251 4 5 504 
Vertex 505 distance 16
0 502 509 338 518 154 130 265 592 505 
Vertex 506 distance 13
0 263 575 506 
Vertex 507 distance 12
0 502 203 157 507 
Vertex 508 distance 13
0 502 529 443 446 508 
Vertex 509 distance 3
0 502 509 
Vertex 510 distance 15
0 263 294 510 
Vertex 511 distance 16
0 502 529 20 289 78 511 
Vertex 512 distance 13
0 502 509 338 447 141 512 
Vertex 513 distance 17
0 263 575 603 513 
Vertex 514 distance 8
0 502 509 338 514 
Vertex 515 distance 15
0 263 294 434 325 288 515 
Vertex 516 distance 18
0 502 509 338 251 410 234 516 
Vertex 517 distance 13
0 502 529 20 517 
Vertex 518 distance 7
0 502 509 338 518 
Vertex 519 distance 14
0 502 203 519 
Vertex 520 distance 14
0 502 473 91 99 520 
Vertex 521 distance 12
0 469 521 
Vertex 522 distance 14
0 502 509 338 518 154 193 561 550 522 
Vertex 523 distance 12
0 502 529 20 289 523 
Vertex 524 distance 14
0 502 509 338 514 164 75 524 
Vertex 525 distance 15
0 502 509 338 251 320 525 
Vertex 526 distance 12
0 502 509 53 304 526 
Vertex 527 distance 14
0 502 509 338 518 23 140 190 596 230 527 
Vertex 528 distance 12
0 502 509 338 528 
Vertex 529 distance 5
0 502 529 
Vertex 530 distance 14
0 502 509 338 518 154 193 278 530 
Vertex 531 distance 15
0 502 509 338 518 23 455 400 272 531 
Vertex 532 distance 15
0 502 509 338 518 154 532 
Vertex 533 distance 15
0 502 473 350 533 
Vertex 534 distance 14
0 502 509 53 495 185 549 534 
Vertex 535 distance 12
0 502 203 492 535 
Vertex 536 distance 8
0 502 509 536 
Vertex 537 distance 16
0 469 142 537 
Vertex 538 distance 9
0 133 538 
Vertex 539 distance 13
0 502 509 338 251 539 
Vertex 540 distance 8
0 469 371 540 
Vertex 541 distance 16
0 502 509 621 364 56 541 
Vertex 542 distance 10
0 502 509 192 300 542 
Vertex 543 distance 15
0 502 529 20 289 523 543 
Vertex 544 distance 15
0 502 529 443 309 544 
Vertex 545 distance 13
0 502 529 443 446 545 
Vertex 546 distance 11
0 502 473 359 546 
Vertex 547 distance 14
0 502 529 443 497 609 637 547 
Vertex 548 distance 15
0 502 473 91 99 548 
Vertex 549 distance 12
0 502 509 53 495 185 549 
Vertex 550 distance 12
0 502 509 338 518 154 193 561 550 
Vertex 551 distance 13
0 502 509 192 300 551 
Vertex 552 distance 15
0 502 509 338 518 375 556 552 
Vertex 553 distance 15
0 502 529 443 553 
Vertex 554 distance 15
0 502 509 53 554 
Vertex 555 distance 12
0 502 473 359 332 555 
Vertex 556 distance 13
0 502 509 338 518 375 556 
Vertex 557 distance 17
0 263 294 434 585 421 557 
Vertex 558 distance 11
0 558 
Vertex 559 distance 13
0 502 509 338 518 23 140 190 559 
Vertex 560 distance 15
0 469 25 162 633 560 
Vertex 561 distance 10
0 502 509 338 518 154 193 561 
Vertex 562 distance 12
0 502 509 192 632 562 
Vertex 563 distance 14
0 502 509 53 180 563 
Vertex 564 distance 12
0 502 473 359 332 564 
Vertex 565 distance 11
0 502 216 565 
Vertex 566 distance 16
0 502 529 443 245 448 566 
Vertex 567 distance 17
0 502 509 338 567 
Vertex 568 distance 17
0 502 509 338 143 568 
Vertex 569 distance 12
0 502 529 443 245 448 569 
Vertex 570 distance 19
0 502 509 338 518 236 158 570 
Vertex 571 distance 14
0 263 21 571 
Vertex 572 distance 16
0 502 509 338 518 23 140 190 596 230 186 572 
Vertex 573 distance 12
0 502 529 443 497 573 
Vertex 574 distance 15
0 502 529 20 490 574 
Vertex 575 distance 9
0 263 575 
Vertex 576 distance 10
0 502 473 199 576 
Vertex 577 distance 15
0 502 529 20 490 397 98 600 577 
Vertex 578 distance 15
0 339 578 
Vertex 579 distance 11
0 133 538 579 
Vertex 580 distance 14
0 502 529 443 245 448 569 267 580 
Vertex 581 distance 13
0 502 509 338 514 164 283 581 
Vertex 582 distance 10
0 502 509 338 582 
Vertex 583 distance 15
0 502 529 443 497 609 637 583 
Vertex 584 distance 12
0 502 473 359 546 584 
Vertex 585 distance 12
0 263 294 434 585 
Vertex 586 distance 17
0 263 575 363 586 
Vertex 587 distance 16
0 502 509 338 518 330 587 
Vertex 588 distance 16
0 502 216 244 588 
Vertex 589 distance 12
0 502 216 589 
Vertex 590 distance 16
0 502 529 443 497 409 132 590 
Vertex 591 distance 12
0 502 509 338 582 591 
Vertex 592 distance 11
0 502 509 338 518 154 130 265 592 
Vertex 593 distance 18
0 469 381 226 129 593 
Vertex 594 distance 12
0 502 438 594 
Vertex 595 distance 15
0 502 509 338 518 154 130 265 40 595 
Vertex 596 distance 11
0 502 509 338 518 23 140 190 596 
Vertex 597 distance 11
0 502 509 338 597 
Vertex 598 distance 16
0 339 578 598 
Vertex 599 distance 16
0 502 509 338 518 154 130 265 40 595 599 
Vertex 600 distance 14
0 502 529 20 490 397 98 600 
Vertex 601 distance 10
0 133 601 
Vertex 602 distance 14
0 502 509 338 447 141 602 
Vertex 603 distance 13
0 263 575 603 
Vertex 604 distance 13
0 502 509 338 518 154 130 18 604 
Vertex 605 distance 14
0 133 538 219 605 
Vertex 606 distance 13
0 502 509 338 518 375 377 459 606 
Vertex 607 distance 13
0 469 25 162 607 
Vertex 608 distance 17
0 502 509 338 447 376 84 608 
Vertex 609 distance 11
0 502 529 443 497 609 
Vertex 610 distance 15
0 502 509 192 413 610 
Vertex 611 distance 12
0 502 509 338 518 23 140 190 315 611 
Vertex 612 distance 15
0 502 509 621 612 
Vertex 613 distance 16
0 263 575 299 613 
Vertex 614 distance 10
0 502 529 443 614 
Vertex 615 distance 15
0 502 529 443 245 448 456 615 
Vertex 616 distance 14
0 502 203 492 442 616 
Vertex 617 distance 12
0 502 509 338 251 4 617 
Vertex 618 distance 16
0 502 473 359 373 618 
Vertex 619 distance 13
0 469 66 619 
Vertex 620 distance 16
0 502 509 536 620 
Vertex 621 distance 9
0 502 509 621 
Vertex 622 distance 15
0 502 509 338 518 154 111 622 
Vertex 623 distance 17
0 469 142 173 202 623 
Vertex 624 distance 15
0 502 90 351 624 
Vertex 625 distance 15
0 133 601 275 625 
Vertex 626 distance 13
0 502 529 443 497 409 385 395 626 
Vertex 627 distance 15
0 502 509 338 251 122 627 
Vertex 628 distance 19
0 502 529 443 245 448 456 615 137 628 
Vertex 629 distance 15
0 502 509 621 364 629 
Vertex 630 distance 20
0 469 25 139 500 419 630 
Vertex 631 distance 14
0 502 529 443 245 369 631 
Vertex 632 distance 8
0 502 509 192 632 
Vertex 633 distance 12
0 469 25 162 633 
Vertex 634 distance 17
0 502 216 565 235 634 
Vertex 635 distance 16
0 502 473 91 99 520 635 
Vertex 636 distance 16
0 502 509 338 518 23 140 636 
Vertex 637 distance 12
0 502 529 443 497 609 637 
Vertex 638 distance 13
0 502 529 20 289 78 638 
Vertex 639 distance 15
0 502 509 338 518 154 193 561 92 639 
