Vertex 0 distance 0
0 0 
Vertex 1 distance 26
0 311 426 632 1 
Vertex 2 distance 34
0 331 112 2 
Vertex 3 distance 45
0 311 426 346 389 182 3 
Vertex 4 distance 30
0 193 404 116 339 489 4 
Vertex 5 distance 28
0 409 79 5 
Vertex 6 distance 32
0 232 535 33 281 6 
Vertex 7 distance 28
0 615 557 280 507 7 
Vertex 8 distance 29
0 311 378 407 172 8 
Vertex 9 distance 39
0 311 378 201 418 9 
Vertex 10 distance 26
0 232 594 151 113 127 142 124 258 10 
Vertex 11 distance 47
0 615 557 390 272 20 503 231 208 11 
Vertex 12 distance 31
0 615 495 471 44 545 12 
Vertex 13 distance 31
0 615 557 595 267 475 218 13 
Vertex 14 distance 23
0 615 343 551 284 14 
Vertex 15 distance 34
0 615 419 15 
Vertex 16 distance 26
0 615 557 595 16 
Vertex 17 distance 41
0 193 277 260 577 17 
Vertex 18 distance 22
0 311 426 346 92 160 18 
Vertex 19 distance 22
0 615 557 595 19 
Vertex 20 distance 25
0 615 557 390 272 20 
Vertex 21 distance 32
0 615 557 280 62 87 553 204 308 21 
Vertex 22 distance 30
0 615 495 471 44 545 608 166 22 
Vertex 23 distance 25
0 615 557 280 506 147 23 
Vertex 24 distance 30
0 311 378 407 386 24 
Vertex 25 distance 32
0 232 594 151 113 127 107 380 521 25 
Vertex 26 distance 25
0 193 404 46 26 
Vertex 27 distance 22
0 232 27 
Vertex 28 distance 23
0 311 378 243 437 28 
Vertex 29 distance 28
0 615 557 595 267 475 29 
Vertex 30 distance 34
0 311 426 346 92 276 251 30 
Vertex 31 distance 25
0 232 535 188 31 
Vertex 32 distance 38
0 193 404 116 339 32 
Vertex 33 distance 19
0 232 535 33 
Vertex 34 distance 43
0 311 378 243 437 317 153 104 34 
Vertex 35 distance 24
0 615 589 387 35 
Vertex 36 distance 26
0 311 378 243 437 317 153 59 36 
Vertex 37 distance 27
0 409 79 245 181 37 
Vertex 38 distance 19
0 193 404 399 307 38 
Vertex 39 distance 18
0 615 557 280 39 
Vertex 40 distance 23
0 615 557 595 267 40 
Vertex 41 distance 19
0 193 41 
Vertex 42 distance 28
0 311 378 243 437 91 465 438 67 42 
Vertex 43 distance 32
0 615 557 595 267 40 43 
Vertex 44 distance 16
0 615 495 471 44 
Vertex 45 distance 32
0 311 378 243 437 91 465 438 462 448 45 
Vertex 46 distance 15
0 193 404 46 
Vertex 47 distance 31
0 232 594 151 584 47 
Vertex 48 distance 23
0 615 557 595 267 475 403 296 48 
Vertex 49 distance 30
0 615 557 595 267 475 403 75 49 
Vertex 50 distance 22
0 232 50 
Vertex 51 distance 34
0 232 594 151 113 127 51 
Vertex 52 distance 31
0 449 52 
Vertex 53 distance 28
0 311 378 407 172 203 53 
Vertex 54 distance 27
0 409 79 245 54 
Vertex 55 distance 26
0 615 557 280 62 87 553 55 
Vertex 56 distance 28
0 409 79 245 318 56 
Vertex 57 distance 30
0 311 426 346 92 276 57 
Vertex 58 distance 28
0 193 404 46 220 58 
Vertex 59 distance 24
0 311 378 243 437 317 153 59 
Vertex 60 distance 31
0 311 378 407 468 60 
Vertex 61 distance 28
0 615 557 61 
Vertex 62 distance 18
0 615 557 280 62 
Vertex 63 distance 33
0 615 495 471 44 545 608 571 434 63 
Vertex 64 distance 31
0 311 426 346 92 160 18 469 64 
Vertex 65 distance 38
0 311 378 407 65 
Vertex 66 distance 23
0 232 594 151 66 
Vertex 67 distance 27
0 311 378 243 437 91 465 438 67 
Vertex 68 distance 30
0 615 557 280 506 147 23 68 
Vertex 69 distance 28
0 311 378 243 437 91 344 611 69 
Vertex 70 distance 35
0 311 426 255 548 70 
Vertex 71 distance 29
0 615 557 595 267 305 325 71 
Vertex 72 distance 23
0 311 378 407 579 72 
Vertex 73 distance 29
0 193 404 46 546 73 
Vertex 74 distance 32
0 311 378 243 437 317 153 191 74 
Vertex 75 distance 21
0 615 557 595 267 475 403 75 
Vertex 76 distance 23
0 232 594 151 113 127 142 76 
Vertex 77 distance 25
0 615 495 273 304 77 
Vertex 78 distance 35
0 409 79 245 318 78 
Vertex 79 distance 20
0 409 79 
Vertex 80 distance 34
0 271 301 140 80 
Vertex 81 distance 30
0 615 557 390 272 20 503 81 
Vertex 82 distance 23
0 615 82 
Vertex 83 distance 35
0 615 495 471 44 156 564 148 83 
Vertex 84 distance 33
0 409 79 245 181 84 
Vertex 85 distance 34
0 193 404 395 85 
Vertex 86 distance 25
0 615 82 86 
Vertex 87 distance 22
0 615 557 280 62 87 
Vertex 88 distance 35
0 615 343 551 482 88 
Vertex 89 distance 28
0 271 89 
Vertex 90 distance 30
0 409 79 5 90 
Vertex 91 distance 21
0 311 378 243 437 91 
Vertex 92 distance 20
0 311 426 346 92 
Vertex 93 distance 34
0 311 378 407 98 541 93 
Vertex 94 distance 22
0 232 594 151 113 94 
Vertex 95 distance 34
0 232 594 151 563 95 
Vertex 96 distance 37
0 232 535 340 410 199 96 
Vertex 97 distance 33
0 311 426 346 412 572 97 
Vertex 98 distance 24
0 311 378 407 98 
Vertex 99 distance 18
0 615 557 595 267 475 99 
Vertex 100 distance 27
0 311 378 243 437 100 
Vertex 101 distance 29
0 615 557 595 267 305 325 101 
Vertex 102 distance 36
0 615 557 595 267 305 102 
Vertex 103 distance 29
0 193 404 46 546 103 
Vertex 104 distance 38
0 311 378 243 437 317 153 104 
Vertex 105 distance 30
0 193 404 105 
Vertex 106 distance 28
0 193 277 106 
Vertex 107 distance 14
0 232 594 151 113 127 107 
Vertex 108 distance 31
0 615 557 61 108 
Vertex 109 distance 28
0 311 426 109 
Vertex 110 distance 32
0 615 495 471 44 625 110 
Vertex 111 distance 28
0 449 111 
Vertex 112 distance 29
0 331 112 
Vertex 113 distance 11
0 232 594 151 113 
Vertex 114 distance 33
0 193 404 116 339 489 4 114 
Vertex 115 distance 36
0 409 79 5 115 
Vertex 116 distance 17
0 193 404 116 
Vertex 117 distance 29
0 193 404 395 334 117 
Vertex 118 distance 38
0 311 426 346 92 160 118 
Vertex 119 distance 34
0 615 557 595 267 305 325 119 
Vertex 120 distance 23
0 232 594 151 113 127 107 120 
Vertex 121 distance 32
0 311 378 407 121 
Vertex 122 distance 38
0 615 495 471 44 545 608 485 122 
Vertex 123 distance 32
0 615 557 280 62 87 553 123 
Vertex 124 distance 17
0 232 594 151 113 127 142 124 
Vertex 125 distance 32
0 615 557 280 506 125 
Vertex 126 distance 25
0 615 557 280 62 87 126 
Vertex 127 distance 12
0 232 594 151 113 127 
Vertex 128 distance 27
0 193 277 461 128 
Vertex 129 distance 39
0 615 343 551 284 14 129 
Vertex 130 distance 30
0 193 404 116 339 130 
Vertex 131 distance 30
0 615 557 595 16 324 131 
Vertex 132 distance 26
0 311 378 201 157 132 
Vertex 133 distance 40
0 232 594 133 
Vertex 134 distance 28
0 615 343 551 482 134 
Vertex 135 distance 33
0 311 378 243 437 100 135 
Vertex 136 distance 36
0 615 557 280 136 
Vertex 137 distance 30
0 311 378 407 98 347 137 
Vertex 138 distance 40
0 232 594 151 113 127 107 120 138 
Vertex 139 distance 27
0 311 426 346 412 572 139 
Vertex 140 distance 25
0 271 301 140 
Vertex 141 distance 36
0 409 79 5 90 528 141 
Vertex 142 distance 13
0 232 594 151 113 127 142 
Vertex 143 distance 34
0 615 557 280 62 87 143 
Vertex 144 distance 34
0 311 378 407 98 541 375 144 
Vertex 145 distance 42
0 193 404 399 307 145 
Vertex 146 distance 36
0 615 495 471 44 625 146 
Vertex 147 distance 23
0 615 557 280 506 147 
Vertex 148 distance 33
0 615 495 471 44 156 564 148 
Vertex 149 distance 32
0 615 557 280 62 87 553 204 149 
Vertex 150 distance 32
0 615 557 390 272 20 503 231 150 
Vertex 151 distance 10
0 232 594 151 
Vertex 152 distance 26
0 311 426 346 92 160 18 469 152 
Vertex 153 distance 20
0 311 378 243 437 317 153 
Vertex 154 distance 38
0 615 589 200 154 
Vertex 155 distance 25
0 193 404 46 220 155 
Vertex 156 distance 19
0 615 495 471 44 156 
Vertex 157 distance 24
0 311 378 201 157 
Vertex 158 distance 29
0 311 426 346 92 160 18 469 158 
Vertex 159 distance 27
0 193 404 399 307 159 
Vertex 160 distance 21
0 311 426 346 92 160 
Vertex 161 distance 34
0 193 404 116 339 130 161 
Vertex 162 distance 39
0 271 301 140 80 162 
Vertex 163 distance 24
0 232 594 151 113 127 142 124 353 566 163 
Vertex 164 distance 34
0 311 426 346 621 164 
Vertex 165 distance 42
0 193 277 165 
Vertex 166 distance 26
0 615 495 471 44 545 608 166 
Vertex 167 distance 39
0 193 404 399 307 38 185 605 167 
Vertex 168 distance 32
0 311 378 243 437 91 465 438 462 168 
Vertex 169 distance 30
0 311 426 346 92 160 18 469 169 
Vertex 170 distance 38
0 331 112 170 
Vertex 171 distance 23
0 193 404 116 171 
Vertex 172 distance 20
0 311 378 407 172 
Vertex 173 distance 42
0 615 343 551 628 189 173 
Vertex 174 distance 21
0 232 594 151 584 174 
Vertex 175 distance 18
0 615 495 175 
Vertex 176 distance 38
0 615 495 471 44 545 608 166 176 
Vertex 177 distance 31
0 615 177 
Vertex 178 distance 32
0 193 404 116 428 496 178 
Vertex 179 distance 30
0 232 594 151 113 127 142 124 353 566 179 
Vertex 180 distance 27
0 409 79 245 318 180 
Vertex 181 distance 25
0 409 79 245 181 
Vertex 182 distance 39
0 311 426 346 389 182 
Vertex 183 distance 27
0 615 557 595 267 475 218 183 
Vertex 184 distance 36
0 615 495 227 329 184 
Vertex 185 distance 27
0 193 404 399 307 38 185 
Vertex 186 distance 25
0 232 535 340 410 186 
Vertex 187 distance 41
0 232 594 151 113 127 142 529 187 
Vertex 188 distance 22
0 232 535 188 
Vertex 189 distance 31
0 615 343 551 628 189 
Vertex 190 distance 33
0 615 589 190 
Vertex 191 distance 26
0 311 378 243 437 317 153 191 
Vertex 192 distance 27
0 615 343 551 482 192 
Vertex 193 distance 12
0 193 
Vertex 194 distance 31
0 409 79 245 194 
Vertex 195 distance 25
0 615 343 551 284 14 195 
Vertex 196 distance 32
0 232 535 188 620 196 
Vertex 197 distance 33
0 615 557 390 479 616 456 197 
Vertex 198 distance 30
0 311 378 407 98 541 375 198 
Vertex 199 distance 30
0 232 535 340 410 199 
Vertex 200 distance 24
0 615 589 200 
Vertex 201 distance 21
0 311 378 201 
Vertex 202 distance 40
0 615 557 280 506 147 23 68 202 
Vertex 203 distance 21
0 311 378 407 172 203 
Vertex 204 distance 25
0 615 557 280 62 87 553 204 
Vertex 205 distance 35
0 311 378 243 437 317 153 478 205 
Vertex 206 distance 37
0 615 589 200 206 
Vertex 207 distance 27
0 193 404 399 307 38 288 207 
Vertex 208 distance 38
0 615 557 390 272 20 503 231 208 
Vertex 209 distance 29
0 615 343 551 493 297 209 
Vertex 210 distance 24
0 232 594 151 113 127 142 124 353 566 210 
Vertex 211 distance 20
0 193 404 399 211 
Vertex 212 distance 45
0 615 557 595 267 475 99 443 481 212 
Vertex 213 distance 19
0 615 557 595 267 475 213 
Vertex 214 distance 14
0 193 214 
Vertex 215 distance 35
0 615 557 280 62 87 553 55 215 
Vertex 216 distance 31
0 311 378 407 579 72 216 
Vertex 217 distance 37
0 409 79 245 181 37 365 217 
Vertex 218 distance 23
0 615 557 595 267 475 218 
Vertex 219 distance 30
0 615 557 595 267 475 99 443 219 
Vertex 220 distance 16
0 193 404 46 220 
Vertex 221 distance 40
0 409 79 245 181 37 365 217 221 
Vertex 222 distance 37
0 311 426 346 92 276 251 30 222 
Vertex 223 distance 29
0 615 557 280 62 87 126 223 
Vertex 224 distance 28
0 615 557 595 267 475 213 224 
Vertex 225 distance 39
0 615 495 471 44 225 
Vertex 226 distance 24
0 615 343 226 
Vertex 227 distance 20
0 615 495 227 
Vertex 228 distance 32
0 615 557 390 272 228 
Vertex 229 distance 33
0 615 495 582 229 
Vertex 230 distance 22
0 193 214 230 
Vertex 231 distance 31
0 615 557 390 272 20 503 231 
Vertex 232 distance 5
0 232 
Vertex 233 distance 25
0 615 343 551 233 
Vertex 234 distance 34
0 409 79 5 234 
Vertex 235 distance 30
0 615 495 471 44 545 608 235 
Vertex 236 distance 33
0 615 557 280 506 147 405 236 
Vertex 237 distance 31
0 232 594 355 237 
Vertex 238 distance 35
0 615 557 280 62 238 
Vertex 239 distance 31
0 615 343 551 284 239 
Vertex 240 distance 43
0 232 594 151 584 295 240 
Vertex 241 distance 36
0 615 495 471 44 545 241 
Vertex 242 distance 27
0 615 343 551 482 575 242 
Vertex 243 distance 17
0 311 378 243 
Vertex 244 distance 24
0 311 378 243 244 
Vertex 245 distance 22
0 409 79 245 
Vertex 246 distance 35
0 615 343 226 246 
Vertex 247 distance 33
0 311 378 243 437 91 465 438 398 247 
Vertex 248 distance 36
0 232 535 188 31 550 248 
Vertex 249 distance 24
0 615 343 551 543 249 
Vertex 250 distance 27
0 311 378 201 157 250 
Vertex 251 distance 32
0 311 426 346 92 276 251 
Vertex 252 distance 32
0 615 557 595 267 305 325 101 252 
Vertex 253 distance 37
0 615 557 390 272 20 503 231 253 
Vertex 254 distance 36
0 409 609 254 
Vertex 255 distance 23
0 311 426 255 
Vertex 256 distance 25
0 311 378 243 437 256 
Vertex 257 distance 26
0 311 426 257 
Vertex 258 distance 20
0 232 594 151 113 127 142 124 258 
Vertex 259 distance 26
0 615 589 586 259 
Vertex 260 distance 21
0 193 277 260 
Vertex 261 distance 34
0 232 27 261 
Vertex 262 distance 29
0 311 426 262 
Vertex 263 distance 33
0 615 495 273 634 444 263 
Vertex 264 distance 28
0 615 343 551 482 606 264 
Vertex 265 distance 38
0 615 512 265 
Vertex 266 distance 31
0 193 404 116 428 266 
Vertex 267 distance 14
0 615 557 595 267 
Vertex 268 distance 21
0 193 214 268 
Vertex 269 distance 27
0 193 404 116 171 269 
Vertex 270 distance 45
0 232 535 33 458 360 592 270 
Vertex 271 distance 10
0 271 
Vertex 272 distance 22
0 615 557 390 272 
Vertex 273 distance 13
0 615 495 273 
Vertex 274 distance 39
0 615 589 274 
Vertex 275 distance 32
0 615 495 471 44 545 608 571 483 275 
Vertex 276 distance 23
0 311 426 346 92 276 
Vertex 277 distance 13
0 193 277 
Vertex 278 distance 26
0 409 79 245 318 278 
Vertex 279 distance 38
0 615 557 595 19 436 435 279 
Vertex 280 distance 15
0 615 557 280 
Vertex 281 distance 26
0 232 535 33 281 
Vertex 282 distance 37
0 311 378 243 437 91 465 438 282 
Vertex 283 distance 33
0 615 495 582 283 
Vertex 284 distance 22
0 615 343 551 284 
Vertex 285 distance 28
0 409 285 
Vertex 286 distance 33
0 311 426 346 389 337 476 286 
Vertex 287 distance 42
0 193 404 46 546 408 359 287 
Vertex 288 distance 26
0 193 404 399 307 38 288 
Vertex 289 distance 19
0 193 404 399 289 
Vertex 290 distance 32
0 232 594 290 
Vertex 291 distance 28
0 615 557 595 267 291 
Vertex 292 distance 36
0 232 594 151 113 127 142 529 292 
Vertex 293 distance 36
0 311 426 346 92 160 18 293 
Vertex 294 distance 40
0 311 378 243 437 373 294 
Vertex 295 distance 29
0 232 594 151 584 295 
Vertex 296 distance 20
0 615 557 595 267 475 403 296 
Vertex 297 distance 26
0 615 343 551 493 297 
Vertex 298 distance 41
0 311 378 243 437 91 465 438 462 448 45 298 
Vertex 299 distance 45
0 232 535 33 458 299 
Vertex 300 distance 32
0 232 27 300 
Vertex 301 distance 24
0 271 301 
Vertex 302 distance 42
0 311 426 346 92 160 18 469 169 312 302 
Vertex 303 distance 28
0 615 557 390 479 303 
Vertex 304 distance 24
0 615 495 273 304 
Vertex 305 distance 23
0 615 557 595 267 305 
Vertex 306 distance 39
0 311 426 346 92 276 306 
Vertex 307 distance 16
0 193 404 399 307 
Vertex 308 distance 27
0 615 557 280 62 87 553 204 308 
Vertex 309 distance 25
0 232 594 151 113 613 309 
Vertex 310 distance 30
0 615 557 595 19 436 310 
Vertex 311 distance 9
0 311 
Vertex 312 distance 31
0 311 426 346 92 160 18 469 169 312 
Vertex 313 distance 26
0 615 343 551 233 313 
Vertex 314 distance 33
0 193 404 314 
Vertex 315 distance 31
0 193 404 395 315 
Vertex 316 distance 24
0 409 79 245 316 
Vertex 317 distance 19
0 311 378 243 437 317 
Vertex 318 distance 24
0 409 79 245 318 
Vertex 319 distance 30
0 311 378 243 437 317 319 
Vertex 320 distance 30
0 615 343 551 320 
Vertex 321 distance 28
0 311 378 243 437 91 465 321 
Vertex 322 distance 26
0 232 50 322 
Vertex 323 distance 40
0 311 426 632 323 
Vertex 324 distance 28
0 615 557 595 16 324 
Vertex 325 distance 28
0 615 557 595 267 305 325 
Vertex 326 distance 29
0 615 589 504 326 
Vertex 327 distance 24
0 615 540 327 
Vertex 328 distance 32
0 311 426 346 92 160 328 
Vertex 329 distance 33
0 615 495 227 329 
Vertex 330 distance 31
0 193 404 399 307 38 288 330 
Vertex 331 distance 24
0 331 
Vertex 332 distance 41
0 331 112 2 332 
Vertex 333 distance 26
0 232 535 340 410 186 333 
Vertex 334 distance 26
0 193 404 395 334 
Vertex 335 distance 32
0 615 495 273 634 335 
Vertex 336 distance 31
0 311 426 346 389 337 336 
Vertex 337 distance 26
0 311 426 346 389 337 
Vertex 338 distance 20
0 615 557 595 338 
Vertex 339 distance 25
0 193 404 116 339 
Vertex 340 distance 19
0 232 535 340 
Vertex 341 distance 27
0 311 426 257 341 
Vertex 342 distance 30
0 311 378 407 172 8 342 
Vertex 343 distance 16
0 615 343 
Vertex 344 distance 25
0 311 378 243 437 91 344 
Vertex 345 distance 29
0 232 27 565 345 
Vertex 346 distance 14
0 311 426 346 
Vertex 347 distance 29
0 311 378 407 98 347 
Vertex 348 distance 28
0 232 594 151 113 127 142 124 348 
Vertex 349 distance 31
0 311 426 257 349 
Vertex 350 distance 30
0 615 557 280 62 350 
Vertex 351 distance 29
0 232 50 322 351 
Vertex 352 distance 29
0 449 352 
Vertex 353 distance 20
0 232 594 151 113 127 142 124 353 
Vertex 354 distance 36
0 311 426 346 92 354 
Vertex 355 distance 22
0 232 594 355 
Vertex 356 distance 27
0 232 535 340 410 186 333 356 
Vertex 357 distance 32
0 232 594 151 113 127 107 380 521 357 
Vertex 358 distance 41
0 311 378 407 98 541 375 358 
Vertex 359 distance 25
0 193 404 46 546 408 359 
Vertex 360 distance 27
0 232 535 33 458 360 
Vertex 361 distance 29
0 615 361 
Vertex 362 distance 25
0 311 426 346 92 362 
Vertex 363 distance 30
0 232 594 151 113 127 107 363 
Vertex 364 distance 44
0 615 557 280 364 
Vertex 365 distance 30
0 409 79 245 181 37 365 
Vertex 366 distance 34
0 615 540 327 366 
Vertex 367 distance 24
0 311 426 255 367 
Vertex 368 distance 29
0 193 277 461 128 368 
Vertex 369 distance 28
0 311 378 243 244 369 
Vertex 370 distance 25
0 311 378 243 244 370 
Vertex 371 distance 26
0 311 378 407 579 484 371 
Vertex 372 distance 24
0 193 404 399 307 38 372 
Vertex 373 distance 33
0 311 378 243 437 373 
Vertex 374 distance 32
0 615 557 595 267 475 213 224 374 
Vertex 375 distance 27
0 311 378 407 98 541 375 
Vertex 376 distance 27
0 193 404 116 339 376 
Vertex 377 distance 26
0 615 495 175 377 
Vertex 378 distance 14
0 311 378 
Vertex 379 distance 30
0 232 535 33 458 379 
Vertex 380 distance 24
0 232 594 151 113 127 107 380 
Vertex 381 distance 25
0 232 535 381 
Vertex 382 distance 34
0 232 594 151 113 127 142 76 423 382 
Vertex 383 distance 34
0 311 378 407 579 72 400 383 
Vertex 384 distance 30
0 232 535 33 384 
Vertex 385 distance 29
0 193 404 46 220 155 618 385 
Vertex 386 distance 29
0 311 378 407 386 
Vertex 387 distance 22
0 615 589 387 
Vertex 388 distance 33
0 615 557 280 506 125 388 
Vertex 389 distance 20
0 311 426 346 389 
Vertex 390 distance 20
0 615 557 390 
Vertex 391 distance 34
0 615 557 595 338 391 
Vertex 392 distance 36
0 193 404 116 428 496 392 
Vertex 393 distance 31
0 232 535 33 393 
Vertex 394 distance 31
0 615 557 280 506 147 23 394 
Vertex 395 distance 25
0 193 404 395 
Vertex 396 distance 30
0 193 404 399 307 38 288 396 
Vertex 397 distance 34
0 232 594 151 113 127 142 124 353 566 210 397 
Vertex 398 distance 30
0 311 378 243 437 91 465 438 398 
Vertex 399 distance 15
0 193 404 399 
Vertex 400 distance 24
0 311 378 407 579 72 400 
Vertex 401 distance 35
0 615 557 595 267 305 325 71 578 401 
Vertex 402 distance 35
0 232 594 402 
Vertex 403 distance 19
0 615 557 595 267 475 403 
Vertex 404 distance 14
0 193 404 
Vertex 405 distance 24
0 615 557 280 506 147 405 
Vertex 406 distance 39
0 615 343 551 482 606 264 406 
Vertex 407 distance 17
0 311 378 407 
Vertex 408 distance 22
0 193 404 46 546 408 
Vertex 409 distance 16
0 409 
Vertex 410 distance 22
0 232 535 340 410 
Vertex 411 distance 22
0 311 426 411 
Vertex 412 distance 18
0 311 426 346 412 
Vertex 413 distance 28
0 615 343 551 493 297 413 
Vertex 414 distance 44
0 232 535 340 410 186 333 414 
Vertex 415 distance 29
0 311 378 407 98 541 415 
Vertex 416 distance 36
0 409 285 416 
Vertex 417 distance 36
0 193 404 46 220 58 417 
Vertex 418 distance 36
0 311 378 201 418 
Vertex 419 distance 23
0 615 419 
Vertex 420 distance 34
0 311 378 243 437 317 319 420 
Vertex 421 distance 27
0 311 426 255 367 421 
Vertex 422 distance 28
0 311 378 243 437 91 465 422 
Vertex 423 distance 26
0 232 594 151 113 127 142 76 423 
Vertex 424 distance 33
0 311 426 257 341 424 
Vertex 425 distance 31
0 193 404 116 428 425 
Vertex 426 distance 10
0 311 426 
Vertex 427 distance 27
0 311 378 243 437 256 427 
Vertex 428 distance 26
0 193 404 116 428 
Vertex 429 distance 27
0 615 343 551 429 
Vertex 430 distance 37
0 615 343 551 543 430 
Vertex 431 distance 39
0 311 426 346 431 
Vertex 432 distance 32
0 311 426 346 92 160 18 469 169 312 432 
Vertex 433 distance 43
0 232 594 151 581 433 
Vertex 434 distance 32
0 615 495 471 44 545 608 571 434 
Vertex 435 distance 34
0 615 557 595 19 436 435 
Vertex 436 distance 28
0 615 557 595 19 436 
Vertex 437 distance 18
0 311 378 243 437 
Vertex 438 distance 26
0 311 378 243 437 91 465 438 
Vertex 439 distance 28
0 615 557 280 62 87 553 204 439 
Vertex 440 distance 32
0 311 440 
Vertex 441 distance 35
0 311 378 243 437 91 465 422 441 
Vertex 442 distance 25
0 615 557 280 507 442 
Vertex 443 distance 24
0 615 557 595 267 475 99 443 
Vertex 444 distance 26
0 615 495 273 634 444 
Vertex 445 distance 31
0 193 404 46 220 155 618 385 445 
Vertex 446 distance 27
0 311 426 518 446 
Vertex 447 distance 33
0 311 378 243 437 91 465 438 462 447 
Vertex 448 distance 31
0 311 378 243 437 91 465 438 462 448 
Vertex 449 distance 27
0 449 
Vertex 450 distance 29
0 232 594 151 113 127 107 450 
Vertex 451 distance 26
0 615 495 471 451 
Vertex 452 distance 30
0 311 378 407 172 203 452 
Vertex 453 distance 29
0 615 343 551 543 453 
Vertex 454 distance 29
0 409 79 5 454 
Vertex 455 distance 34
0 232 27 565 455 
Vertex 456 distance 27
0 615 557 390 479 616 456 
Vertex 457 distance 35
0 193 404 399 289 607 457 
Vertex 458 distance 24
0 232 535 33 458 
Vertex 459 distance 40
0 615 557 595 267 475 99 443 627 459 
Vertex 460 distance 34
0 615 557 280 62 87 126 223 460 
Vertex 461 distance 24
0 193 277 461 
Vertex 462 distance 27
0 311 378 243 437 91 465 438 462 
Vertex 463 distance 23
0 615 495 463 
Vertex 464 distance 43
0 193 404 116 428 496 464 
Vertex 465 distance 24
0 311 378 243 437 91 465 
Vertex 466 distance 34
0 615 343 551 284 14 195 466 
Vertex 467 distance 24
0 311 378 407 172 203 467 
Vertex 468 distance 25
0 311 378 407 468 
Vertex 469 distance 24
0 311 426 346 92 160 18 469 
Vertex 470 distance 31
0 232 594 151 584 174 470 
Vertex 471 distance 10
0 615 495 471 
Vertex 472 distance 22
0 311 378 243 437 91 472 
Vertex 473 distance 35
0 615 557 595 267 475 29 473 
Vertex 474 distance 27
0 615 557 280 62 87 474 
Vertex 475 distance 16
0 615 557 595 267 475 
Vertex 476 distance 30
0 311 426 346 389 337 476 
Vertex 477 distance 30
0 193 277 260 477 
Vertex 478 distance 27
0 311 378 243 437 317 153 478 
Vertex 479 distance 25
0 615 557 390 479 
Vertex 480 distance 40
0 311 426 346 92 160 18 469 169 312 432 480 
Vertex 481 distance 32
0 615 557 595 267 475 99 443 481 
Vertex 482 distance 18
0 615 343 551 482 
Vertex 483 distance 28
0 615 495 471 44 545 608 571 483 
Vertex 484 distance 23
0 311 378 407 579 484 
Vertex 485 distance 33
0 615 495 471 44 545 608 485 
Vertex 486 distance 42
0 232 594 151 113 127 107 120 138 486 
Vertex 487 distance 34
0 409 488 558 487 
Vertex 488 distance 20
0 409 488 
Vertex 489 distance 27
0 193 404 116 339 489 
Vertex 490 distance 29
0 311 426 346 92 160 18 469 490 
Vertex 491 distance 28
0 311 426 257 341 491 
Vertex 492 distance 31
0 232 594 151 581 492 
Vertex 493 distance 18
0 615 343 551 493 
Vertex 494 distance 34
0 449 52 494 
Vertex 495 distance 9
0 615 495 
Vertex 496 distance 30
0 193 404 116 428 496 
Vertex 497 distance 30
0 232 27 565 345 497 
Vertex 498 distance 38
0 615 557 595 267 305 325 71 498 
Vertex 499 distance 43
0 409 79 245 194 499 
Vertex 500 distance 36
0 409 555 500 
Vertex 501 distance 31
0 615 557 280 506 147 405 501 
Vertex 502 distance 37
0 232 27 565 345 497 537 502 
Vertex 503 distance 26
0 615 557 390 272 20 503 
Vertex 504 distance 22
0 615 589 504 
Vertex 505 distance 22
0 193 404 46 546 505 
Vertex 506 distance 20
0 615 557 280 506 
Vertex 507 distance 22
0 615 557 280 507 
Vertex 508 distance 31
0 193 41 508 
Vertex 509 distance 32
0 615 557 390 272 509 
Vertex 510 distance 29
0 193 214 510 
Vertex 511 distance 23
0 271 511 
Vertex 512 distance 33
0 615 512 
Vertex 513 distance 25
0 232 594 151 113 127 142 124 353 566 210 513 
Vertex 514 distance 33
0 193 404 116 339 514 
Vertex 515 distance 38
0 615 557 280 62 515 
Vertex 516 distance 27
0 615 557 595 267 475 403 75 516 
Vertex 517 distance 28
0 615 557 595 267 475 218 517 
Vertex 518 distance 25
0 311 426 518 
Vertex 519 distance 27
0 311 378 407 519 
Vertex 520 distance 26
0 232 535 520 
Vertex 521 distance 29
0 232 594 151 113 127 107 380 521 
Vertex 522 distance 32
0 615 557 595 19 436 310 522 
Vertex 523 distance 31
0 615 343 551 493 297 413 523 
Vertex 524 distance 29
0 615 495 471 524 
Vertex 525 distance 30
0 615 495 471 44 525 
Vertex 526 distance 36
0 615 495 227 526 
Vertex 527 distance 47
0 615 343 551 233 313 527 
Vertex 528 distance 32
0 409 79 5 90 528 
Vertex 529 distance 32
0 232 594 151 113 127 142 529 
Vertex 530 distance 31
0 232 594 151 584 174 530 
Vertex 531 distance 37
0 193 404 116 339 514 531 
Vertex 532 distance 33
0 311 378 243 244 370 532 
Vertex 533 distance 27
0 232 535 340 410 186 333 533 
Vertex 534 distance 35
0 232 535 188 620 196 534 
Vertex 535 distance 17
0 232 535 
Vertex 536 distance 37
0 615 557 595 536 
Vertex 537 distance 34
0 232 27 565 345 497 537 
Vertex 538 distance 29
0 615 495 273 634 538 
Vertex 539 distance 30
0 615 343 551 493 297 209 539 
Vertex 540 distance 20
0 615 540 
Vertex 541 distance 25
0 311 378 407 98 541 
Vertex 542 distance 28
0 193 404 399 307 38 542 
Vertex 543 distance 22
0 615 343 551 543 
Vertex 544 distance 24
0 615 495 471 544 
Vertex 545 distance 21
0 615 495 471 44 545 
Vertex 546 distance 21
0 193 404 46 546 
Vertex 547 distance 31
0 193 404 399 547 
Vertex 548 distance 34
0 311 426 255 548 
Vertex 549 distance 34
0 615 557 595 267 305 549 
Vertex 550 distance 30
0 232 535 188 31 550 
Vertex 551 distance 17
0 615 343 551 
Vertex 552 distance 35
0 615 557 280 506 147 23 68 552 
Vertex 553 distance 24
0 615 557 280 62 87 553 
Vertex 554 distance 32
0 193 404 116 428 496 604 554 
Vertex 555 distance 30
0 409 555 
Vertex 556 distance 41
0 615 495 175 556 
Vertex 557 distance 7
0 615 557 
Vertex 558 distance 23
0 409 488 558 
Vertex 559 distance 31
0 232 594 151 584 559 
Vertex 560 distance 33
0 615 557 595 19 560 
Vertex 561 distance 33
0 311 378 201 157 132 561 
Vertex 562 distance 36
0 193 404 116 428 562 
Vertex 563 distance 29
0 232 594 151 563 
Vertex 564 distance 21
0 615 495 471 44 156 564 
Vertex 565 distance 26
0 232 27 565 
Vertex 566 distance 22
0 232 594 151 113 127 142 124 353 566 
Vertex 567 distance 44
0 311 378 243 437 91 465 438 462 448 567 
Vertex 568 distance 29
0 311 426 257 341 568 
Vertex 569 distance 32
0 615 557 61 108 569 
Vertex 570 distance 41
0 311 378 243 437 317 153 191 570 
Vertex 571 distance 24
0 615 495 471 44 545 608 571 
Vertex 572 distance 26
0 311 426 346 412 572 
Vertex 573 distance 36
0 615 343 551 573 
Vertex 574 distance 38
0 311 378 243 437 91 465 438 617 574 
Vertex 575 distance 25
0 615 343 551 482 575 
Vertex 576 distance 28
0 615 343 576 
Vertex 577 distance 40
0 193 277 260 577 
Vertex 578 distance 31
0 615 557 595 267 305 325 71 578 
Vertex 579 distance 21
0 311 378 407 579 
Vertex 580 distance 28
0 193 404 116 339 376 580 
Vertex 581 distance 29
0 232 594 151 581 
Vertex 582 distance 25
0 615 495 582 
Vertex 583 distance 34
0 193 404 46 546 408 583 
Vertex 584 distance 20
0 232 594 151 584 
Vertex 585 distance 31
0 193 404 46 26 601 585 
Vertex 586 distance 23
0 615 589 586 
Vertex 587 distance 37
0 311 378 407 386 587 
Vertex 588 distance 30
0 409 79 5 588 
Vertex 589 distance 15
0 615 589 
Vertex 590 distance 31
0 409 555 590 
Vertex 591 distance 35
0 311 378 243 437 317 319 420 591 
Vertex 592 distance 29
0 232 535 33 458 360 592 
Vertex 593 distance 40
0 193 404 46 546 103 593 
Vertex 594 distance 7
0 232 594 
Vertex 595 distance 9
0 615 557 595 
Vertex 596 distance 34
0 615 557 595 267 305 325 101 252 596 
Vertex 597 distance 37
0 615 343 551 482 597 
Vertex 598 distance 34
0 615 557 595 267 475 403 75 516 598 
Vertex 599 distance 26
0 615 557 595 267 599 
Vertex 600 distance 33
0 311 378 243 244 370 600 
Vertex 601 distance 26
0 193 404 46 26 601 
Vertex 602 distance 38
0 311 426 346 92 160 18 469 152 602 
Vertex 603 distance 32
0 615 343 551 493 297 603 
Vertex 604 distance 31
0 193 404 116 428 496 604 
Vertex 605 distance 31
0 193 404 399 307 38 185 605 
Vertex 606 distance 27
0 615 343 551 482 606 
Vertex 607 distance 22
0 193 404 399 289 607 
Vertex 608 distance 23
0 615 495 471 44 545 608 
Vertex 609 distance 34
0 409 609 
Vertex 610 distance 26
0 193 214 230 610 
Vertex 611 distance 26
0 311 378 243 437 91 344 611 
Vertex 612 distance 31
0 615 557 390 272 20 503 81 612 
Vertex 613 distance 23
0 232 594 151 113 613 
Vertex 614 distance 35
0 615 557 390 479 616 456 197 614 
Vertex 615 distance 5
0 615 
Vertex 616 distance 26
0 615 557 390 479 616 
Vertex 617 distance 32
0 311 378 243 437 91 465 438 617 
Vertex 618 distance 28
0 193 404 46 220 155 618 
Vertex 619 distance 30
0 615 495 227 619 
Vertex 620 distance 29
0 232 535 188 620 
Vertex 621 distance 26
0 311 426 346 621 
Vertex 622 distance 30
0 615 557 595 267 475 403 75 516 622 
Vertex 623 distance 38
0 311 378 407 98 541 93 623 
Vertex 624 distance 37
0 232 594 151 584 295 624 
Vertex 625 distance 29
0 615 495 471 44 625 
Vertex 626 distance 40
0 311 426 346 92 160 18 469 152 626 
Vertex 627 distance 26
0 615 557 595 267 475 99 443 627 
Vertex 628 distance 27
0 615 343 551 628 
Vertex 629 distance 24
0 193 404 399 289 607 629 
Vertex 630 distance 26
0 311 426 346 92 362 630 
Vertex 631 distance 38
0 232 594 151 581 492 631 
Vertex 632 distance 20
0 311 426 632 
Vertex 633 distance 39
0 311 378 243 437 91 465 422 633 
Vertex 634 distance 25
0 615 495 273 634 
Vertex 635 distance 36
0 615 343 551 482 88 635 
Vertex 636 distance 21
0 615 557 595 267 636 
Vertex 637 distance 45
0 232 594 151 584 295 637 
Vertex 638 distance 37
0 311 426 346 389 337 336 638 
Vertex 639 distance 39
0 615 82 86 639 
